Nombre des capteurs:
100
Nombre des targets:
30
Nombre de type de surveillance:
1

Caracteristiques:
257.000000 9.000000 4.000000 a 342.195850 299.040131 305.221231 376.446543 419.623641 319.188032 353.375155 244.517893 534.756954 300.807247 350.714984 360.410877 495.149472 350.827593 426.090366 470.120197 185.698681 293.465501 300.509567 478.828779 335.886886 216.923950 482.137947 265.911639 454.059467 260.309431 272.734303 295.832723 360.635550 357.962289 
129.000000 8.000000 4.000000 a 73.600272 303.832191 72.006944 202.022276 159.928109 38.078866 273.541587 308.025973 295.935804 93.380940 127.906216 160.377679 353.012748 366.203495 159.806133 233.692105 240.010416 293.204707 24.186773 296.593999 263.463470 243.600082 435.894483 34.928498 353.220894 81.608823 34.713110 204.948774 204.658252 79.056942 
122.000000 7.000000 4.000000 a 108.466585 195.181966 61.684682 122.543870 162.975458 140.071410 166.207701 207.966343 270.185122 43.011626 87.464278 96.896852 267.290105 256.602806 173.158887 205.548048 152.069063 184.567061 101.118742 227.863995 154.728795 145.962324 329.256739 132.853303 254.096438 29.154759 137.233378 95.341491 114.843372 132.966161 
244.000000 4.000000 4.000000 a 302.790357 137.931142 272.712303 156.012820 282.899275 361.929551 75.538070 204.452929 270.416346 248.871453 233.437358 198.645413 101.138519 131.041978 299.147121 243.016460 238.947693 138.773196 325.112288 151.343979 91.782351 207.663189 97.637083 369.000000 34.669872 266.182268 372.542615 148.030402 142.779550 325.098447 
282.000000 8.000000 3.000000 a 369.167983 413.652028 376.957557 272.391263 288.882329 435.219485 322.913301 477.177116 155.293271 367.535032 318.662831 296.082759 186.290096 418.445934 296.384885 208.734281 483.480093 410.630004 416.702532 170.417135 337.912711 455.970394 331.122334 475.707894 254.788147 406.922597 474.684105 357.494056 287.897551 375.046664 
189.000000 5.000000 2.000000 a 13.601471 309.231305 59.808026 161.755989 86.284413 62.641839 257.070029 328.892080 223.785612 81.987804 81.939002 117.545736 306.444122 366.410971 84.899941 163.981706 272.369235 298.872883 52.430907 241.018671 251.382179 267.441582 412.419689 107.935166 319.776484 104.086502 105.209315 200.124961 172.235304 11.661904 
202.000000 4.000000 1.000000 a 321.099673 243.495380 279.894623 335.202924 392.444901 309.195731 302.034766 188.095720 499.249437 271.359540 319.079927 324.118805 445.899092 294.450335 400.681919 435.660418 132.003788 238.296034 284.634854 434.828702 284.564580 163.294213 426.427016 260.230667 401.822100 232.963516 267.434104 248.917657 317.674362 339.732248 
244.000000 1.000000 5.000000 a 258.321505 311.642423 229.730277 328.609190 342.023391 222.946182 338.529172 274.803566 468.901909 232.768125 283.593018 302.059597 466.309983 372.848495 345.579224 403.788311 198.927122 303.278750 211.589225 434.084093 322.024844 224.891085 488.746355 167.442527 438.755057 192.002604 173.666347 269.245241 318.059743 269.683147 
111.000000 4.000000 5.000000 a 371.467361 151.476071 338.576432 227.266364 354.978873 428.043222 131.575074 211.983490 337.077143 314.084384 303.151777 269.016728 152.895389 112.044634 371.237121 313.963374 266.086452 157.175062 390.302447 217.313138 143.338760 235.732900 33.000000 430.391682 87.315520 326.681802 434.513521 203.246156 212.508823 394.452786 
234.000000 3.000000 3.000000 a 90.470990 214.965113 43.737855 128.705089 151.528875 120.341182 183.109257 227.297162 265.966163 30.463092 80.448741 97.082439 277.016245 276.175669 160.430670 200.848201 169.319225 204.355083 81.344945 232.723011 172.409396 164.793811 346.000000 115.948264 267.904834 14.560220 119.854078 113.648581 124.310096 114.481440 
106.000000 7.000000 4.000000 a 87.572827 360.724271 114.127122 236.957802 159.100597 25.495098 322.374006 368.048910 295.814131 138.924440 157.289542 192.854868 384.398231 421.930089 152.846328 239.633053 300.807247 350.104270 64.536811 320.006250 314.078016 303.771296 482.335982 68.117545 393.732142 138.708327 61.294372 257.619875 244.460631 73.824115 
201.000000 3.000000 1.000000 a 70.724819 365.826462 114.280357 215.564376 114.157786 61.032778 314.085975 382.890324 246.562365 138.003623 137.058382 171.918585 355.123922 423.532761 104.560987 194.928192 322.614321 355.406809 83.725743 285.259531 308.622747 320.306104 468.026709 116.811814 373.483601 153.574086 111.085553 257.194479 227.793766 46.097722 
217.000000 4.000000 2.000000 a 247.588368 146.167712 201.558924 229.839074 305.250717 257.559702 192.769292 109.384642 398.528544 186.067192 227.369743 225.162164 335.828825 205.878605 316.071195 336.964390 31.780497 138.708327 223.946422 326.406189 175.276924 59.413803 327.482824 222.497191 293.421199 155.425223 229.490741 139.517024 210.788994 270.283185 
149.000000 9.000000 2.000000 a 308.228811 125.992063 276.400072 163.783394 292.104433 365.833295 73.246160 192.353841 284.200633 252.174543 239.633053 205.419084 116.180893 116.090482 308.379636 255.068618 230.358416 127.612695 328.495053 165.529454 88.051122 199.060292 92.195445 370.648081 48.754487 267.290105 374.444923 146.492321 148.946299 331.037762 
173.000000 4.000000 3.000000 a 343.423936 200.661406 319.277309 192.898937 308.781476 406.739474 137.927517 266.850145 265.655792 296.905709 272.904745 237.170825 74.249579 182.477396 324.519645 253.860198 303.832191 202.425295 371.849432 148.677503 154.951605 272.547244 87.641314 419.986905 38.052595 319.401002 422.859315 207.800385 185.924716 363.649557 
201.000000 7.000000 1.000000 a 174.269906 123.745707 129.274901 118.118584 209.160226 211.567956 107.042048 143.293405 288.272441 105.815878 130.541181 118.827606 234.412030 185.234986 222.461233 228.484135 105.773343 113.145923 172.586210 215.863383 92.195445 88.000000 267.164743 200.830775 205.138977 99.403219 205.912603 35.171011 99.045444 199.461776 
163.000000 2.000000 5.000000 a 269.258240 320.744447 272.459171 165.462987 195.432853 336.916904 227.771816 381.215162 87.091905 261.589373 213.805987 189.446562 116.090482 336.086298 206.002427 115.000000 380.433963 316.291005 314.973015 67.623960 241.018671 354.132743 277.353565 373.610760 182.164761 300.421371 373.162163 253.505424 181.813091 278.346906 
165.000000 1.000000 1.000000 a 320.076553 185.607112 275.065447 305.000000 381.435447 321.860218 254.072824 126.126920 474.849450 261.296766 303.980263 302.001656 400.262414 232.596217 391.829044 413.695540 84.811556 181.727818 291.494425 398.321478 236.966242 113.846388 367.042232 279.728440 350.800513 228.000000 286.986062 211.376441 285.077183 341.646016 
158.000000 9.000000 2.000000 a 377.302266 106.066017 338.285382 247.679228 377.514238 425.931919 135.871263 153.805071 383.940099 313.292196 314.273766 283.769272 213.527516 47.296934 393.641969 350.616600 220.002273 115.121675 387.005168 266.007519 139.316187 192.585046 95.015788 418.707535 144.280976 316.588060 423.784143 193.669822 228.212620 401.838276 
101.000000 7.000000 3.000000 a 252.230054 294.450335 252.003968 140.264037 183.330303 320.413795 201.375272 354.565932 94.493386 239.710242 193.352011 166.883193 98.412398 311.361526 195.358645 105.759160 353.725883 289.841336 296.445611 40.853396 214.406157 327.331636 259.331834 354.594134 161.046577 277.713882 354.527855 226.876618 155.794737 263.190045 
123.000000 6.000000 2.000000 a 117.175083 407.343835 164.012195 236.381048 111.139552 125.574679 344.595415 431.741821 219.082176 184.458667 166.820263 196.824795 359.640098 461.063987 95.713113 181.176709 376.903171 397.283274 145.168867 284.114414 342.052628 371.251936 488.824099 181.220860 389.217163 208.492206 175.328264 296.865289 253.207425 93.557469 
263.000000 4.000000 5.000000 a 299.868304 339.095857 302.986798 193.507106 225.177708 367.447955 247.000000 401.277959 108.268186 291.780740 244.311277 219.346757 121.103262 349.515379 235.257306 144.346805 404.708537 335.369945 345.648666 91.214034 261.283371 377.577807 278.976702 404.282080 190.002632 330.315001 403.837839 278.402586 208.626460 308.690784 
209.000000 1.000000 3.000000 a 209.403916 169.567096 185.827877 59.093147 183.869519 272.618781 77.058419 227.404925 190.213038 164.368488 138.928039 103.247276 101.533246 197.311936 200.122463 150.283066 228.403152 163.957312 238.214189 86.815897 87.863531 200.808366 195.849432 288.293253 99.005050 191.157004 290.688837 104.004808 53.009433 230.184708 
142.000000 9.000000 4.000000 a 350.435443 395.770135 357.543004 252.556924 270.933571 416.790115 304.573472 458.911756 139.176147 347.896536 299.172191 276.327704 170.229257 402.140523 278.887074 190.420587 464.182076 392.536622 397.729808 150.864177 319.363429 436.835209 318.904374 456.705594 239.200753 387.200207 455.772970 338.023668 268.151077 356.799664 
179.000000 6.000000 4.000000 a 264.967923 371.554841 279.087800 196.331353 181.466250 328.975683 278.603661 428.561548 44.911023 273.760845 222.991031 207.562039 180.013888 393.001272 187.523332 104.560987 418.437570 366.000000 313.847097 120.004167 289.886185 394.606133 341.410310 372.726441 244.499489 314.682380 371.033691 291.926361 216.674872 268.262931 
242.000000 9.000000 4.000000 a 247.212459 217.892175 232.310138 102.956301 201.246118 314.078016 125.801431 280.144606 162.336071 213.712424 178.339564 144.000000 49.648766 232.310138 216.529444 143.558351 288.090264 214.107450 283.001767 42.720019 140.470638 259.615100 191.094218 336.928776 88.192970 245.203997 338.478951 165.096941 107.563934 264.569462 
228.000000 2.000000 4.000000 a 338.000000 200.192407 293.288254 324.237567 400.312378 337.912711 271.543735 138.351003 494.158881 279.951782 323.024767 321.288033 417.905492 244.167975 410.566682 433.000000 103.469802 196.956848 308.350450 417.139066 254.562370 131.795296 380.153916 294.416372 367.325469 246.099573 301.691896 230.341051 304.236750 359.272877 
118.000000 1.000000 3.000000 a 366.525579 230.512473 344.646195 216.390850 326.534837 431.077719 168.549696 296.435490 270.835744 322.902462 296.138481 260.486084 80.721744 208.664803 341.900570 266.281806 334.647576 232.622011 397.030226 158.902486 185.658288 303.356226 97.046381 446.535553 67.683085 347.012968 449.160328 237.693079 211.482860 385.849712 
105.000000 2.000000 4.000000 a 210.952601 170.839106 187.672587 60.539243 184.621234 274.331916 78.160092 228.962879 189.319835 166.300932 140.456399 104.752088 99.327740 197.941911 200.863137 150.053324 230.410503 165.326949 240.027082 85.088190 89.269256 202.743681 194.905105 290.248170 97.575612 193.256306 292.617498 106.150836 55.000000 231.624696 
209.000000 5.000000 5.000000 a 388.233177 104.546640 347.639181 264.092787 393.269628 434.006912 151.092687 142.351677 405.583530 322.750678 327.340801 298.202951 238.113418 40.162171 409.265195 370.108092 213.468967 114.634201 394.964555 288.513431 152.003289 188.087745 117.456375 423.608310 168.857928 322.942719 428.981352 202.474690 243.706791 413.069001 
122.000000 5.000000 1.000000 a 228.089895 142.414887 199.722307 81.565924 210.354463 288.405964 49.244289 202.780670 219.658826 176.589920 158.518138 123.713378 106.780148 167.358896 226.631860 180.277564 211.482860 137.640837 252.335095 111.570605 62.649820 182.332115 172.568827 298.964881 83.600239 198.161550 302.001656 93.914855 67.977938 250.203917 
138.000000 6.000000 3.000000 a 369.676886 398.923552 374.786606 265.339405 291.665905 436.577599 309.232922 463.130651 162.000000 364.046700 316.180328 291.727613 169.516961 401.428699 300.193271 210.774761 472.297576 396.304176 416.347211 161.276161 324.679842 444.221791 311.001608 475.194697 237.244600 402.703365 474.498683 347.220391 279.565735 376.961536 
139.000000 3.000000 5.000000 a 296.150300 73.593478 258.768236 165.496224 295.101677 347.476618 53.263496 140.007143 310.586542 233.807613 231.969826 201.159141 162.049375 76.164296 311.191260 271.974263 180.712479 75.451971 308.876998 197.063442 58.523500 149.602807 123.036580 344.850692 99.201814 241.350368 349.406640 116.867446 145.660564 320.412234 
169.000000 3.000000 1.000000 a 299.976666 36.891733 259.113875 182.833257 309.476978 345.648666 71.847060 102.649890 338.427245 234.232790 240.526506 213.100915 199.010050 53.851648 325.184563 295.162667 149.906638 41.109610 306.623548 228.720353 67.230945 119.682914 148.475587 336.952519 137.003650 235.229675 342.093554 113.951744 161.003106 324.901524 
110.000000 7.000000 4.000000 a 109.658561 259.279772 111.646764 68.095521 62.936476 178.016853 181.176709 300.665928 133.003759 104.690019 54.037024 45.705580 192.442199 303.488056 79.208585 68.264193 269.675731 250.569352 153.443801 124.064499 182.923481 251.962299 316.512243 211.896201 216.621790 145.670862 211.596314 154.466825 89.157165 123.328829 
128.000000 9.000000 2.000000 a 426.203003 166.973052 389.708866 287.939230 417.397892 478.501829 182.200439 213.265093 405.561339 364.771161 360.213825 327.562208 220.843836 107.298649 433.672688 380.728250 281.028468 175.786803 439.896579 285.786634 189.528362 253.639508 65.924199 474.723077 155.926265 371.636920 479.504953 247.358040 270.896659 450.111097 
257.000000 1.000000 5.000000 a 270.800665 116.970082 238.849325 127.988281 257.388811 328.271229 40.261644 182.526710 260.909946 214.671843 202.514197 168.668314 114.586212 127.000000 273.660373 225.849507 208.568933 115.433964 290.993127 146.000000 57.245087 177.530279 129.769026 333.730430 61.717096 230.633909 337.409247 112.071406 112.004464 293.751596 
197.000000 2.000000 5.000000 a 356.770234 185.002703 329.400971 207.067622 328.208775 418.055020 135.369864 250.000000 293.138193 306.104557 286.530976 251.015936 103.121288 159.201131 344.200523 277.704879 293.470612 188.162164 382.001309 174.734084 151.198545 262.230814 58.309519 427.551167 49.648766 325.269119 430.874692 208.038458 197.101497 378.060842 
103.000000 4.000000 2.000000 a 167.737891 331.820735 155.467038 279.302703 254.153497 116.811814 326.710881 316.551734 389.549740 169.366467 214.161154 242.260191 428.953377 396.295344 253.931093 326.498086 239.436839 321.701725 118.067777 380.479960 313.180459 254.515225 488.627670 61.846584 418.019138 137.713471 66.287254 253.568531 276.354844 172.002907 
239.000000 2.000000 2.000000 a 400.805439 170.657552 367.609848 256.602806 384.037759 457.060171 160.078106 227.178344 362.353419 343.048102 332.556762 298.424195 174.722637 122.543870 400.284899 341.540627 286.400070 177.496479 419.200429 242.837394 171.093542 256.758642 19.235384 458.573876 112.769677 354.843628 462.805575 230.932891 241.919408 423.834874 
175.000000 7.000000 5.000000 a 111.018017 261.938924 114.057003 70.235319 61.554854 179.354398 183.371208 303.595125 130.000000 107.489534 56.727418 48.836462 192.333044 305.825113 77.794601 65.192024 272.809457 253.268632 155.283611 123.199026 185.324041 255.039213 317.694822 213.845739 217.506322 148.519359 213.459598 157.384879 91.547802 124.145076 
220.000000 4.000000 5.000000 a 82.024387 348.862437 104.278473 229.455878 158.398232 14.866069 312.237089 355.411030 295.873284 128.798292 150.336290 185.607112 378.017195 410.358380 153.417730 238.144914 287.892341 338.236604 53.254108 315.158690 303.555596 291.084180 472.851985 56.718604 385.440008 126.574089 50.219518 246.594809 236.008474 71.784399 
209.000000 8.000000 4.000000 a 279.177363 377.921950 292.605537 206.518764 195.923454 343.390448 284.787640 435.991972 59.439044 286.762968 236.129202 219.658826 179.535512 397.212789 202.071769 118.511603 428.011682 372.687537 327.951216 124.679589 296.664794 403.635975 340.589195 386.870779 245.617589 327.562208 385.240185 301.166067 226.291847 282.703024 
130.000000 7.000000 5.000000 a 95.273291 285.926564 109.622078 97.349884 33.241540 162.265215 210.116634 324.474961 130.483715 109.416635 60.166436 68.066144 218.288800 331.868950 49.497475 66.573268 288.563684 276.920566 143.125819 146.328398 211.142132 273.007326 346.005780 202.148460 245.635909 150.332964 200.870605 178.885438 117.647779 103.817147 
143.000000 7.000000 2.000000 a 362.547928 137.876757 328.732414 220.102249 348.724820 418.150691 120.933866 198.595065 336.026785 304.105245 294.821980 261.122577 155.389832 99.724621 365.001370 310.412629 252.517326 143.586211 380.190742 216.333077 131.897688 222.200360 46.173586 419.356650 87.664132 315.626361 423.590604 191.760267 204.443146 385.810834 
260.000000 3.000000 1.000000 a 138.715536 431.333977 185.396872 261.938924 136.528385 137.058382 369.802650 454.190489 239.209114 206.826014 191.637679 222.144097 384.610192 485.687142 120.933866 204.687567 397.522326 421.200665 161.523992 308.702122 367.009537 393.024172 514.436585 191.230228 414.779459 228.484135 184.835062 320.975077 278.614429 114.162165 
113.000000 1.000000 1.000000 a 242.128065 107.447662 208.432243 105.394497 235.287059 297.900990 14.764823 169.094648 254.332460 183.980977 175.285481 142.842571 132.230859 133.880544 251.445819 212.511176 184.629358 103.121288 260.249880 146.536685 31.112698 154.311374 160.464949 301.981788 90.520716 198.708329 305.764615 80.305666 86.452299 265.633206 
246.000000 7.000000 3.000000 a 250.283839 148.556387 223.141211 101.548018 227.727908 311.520465 58.600341 212.058954 223.787846 200.242353 180.235956 144.941367 88.459030 164.048773 243.977458 190.517716 228.043855 145.361618 275.771645 109.073370 75.073298 198.010101 152.200526 322.876137 59.682493 222.182358 325.858865 115.520561 90.476516 271.906234 
125.000000 9.000000 4.000000 a 410.472898 121.593585 369.153085 288.530761 417.432629 454.687805 175.419497 149.656273 430.512485 344.367536 350.600913 322.009317 261.489962 58.258047 433.378587 395.060755 224.414795 132.075736 415.639267 313.249102 175.573346 201.121854 132.018938 442.376536 192.260240 342.842529 447.930798 224.162887 267.917898 435.422783 
146.000000 1.000000 2.000000 a 230.867928 312.193850 205.080472 310.821492 315.635866 192.657728 330.430023 281.369863 444.896617 210.411502 260.685634 281.513765 452.540606 374.990667 318.422675 380.006579 203.651663 303.209499 183.172050 416.058890 314.531397 226.808289 485.016495 136.926988 429.147993 170.578428 143.003496 259.115804 302.006622 241.000000 
282.000000 5.000000 1.000000 a 60.876925 308.287204 91.760558 131.711807 25.612497 122.772147 240.669898 339.554119 162.889533 101.710373 66.730802 92.800862 262.154535 359.137857 29.410882 104.120123 294.333145 298.613463 110.535062 190.874304 239.081576 283.132478 384.610192 168.217122 286.094390 138.322088 165.855359 198.153981 148.734663 62.297673 
112.000000 4.000000 1.000000 a 340.035292 271.692841 300.416378 361.543912 413.978260 323.303263 330.605505 215.139490 523.928430 293.470612 342.147629 348.852404 474.233065 321.636441 421.541220 459.922820 160.654910 266.660833 301.230809 462.027055 313.129366 191.942700 454.459019 272.148856 430.464865 254.096438 279.216762 276.682128 344.493832 357.526223 
239.000000 6.000000 2.000000 a 119.970830 412.662089 166.688332 244.697773 121.198185 121.597697 351.808186 435.412448 231.106036 188.042548 173.366663 204.355083 370.105390 467.231206 106.103723 192.634369 378.984169 402.513354 144.086779 294.944062 348.776433 374.300681 497.646461 176.646540 398.553635 210.038092 170.496334 302.344175 260.946355 95.509162 
101.000000 2.000000 3.000000 a 362.994490 92.347171 323.748359 234.795656 364.440667 411.285789 122.413235 143.003496 374.219187 298.760774 300.376431 270.223981 207.894204 37.589892 380.525952 339.308120 207.086938 101.118742 372.345270 257.126428 125.175876 179.178682 101.242284 403.943065 138.755180 301.837705 409.019559 179.025138 214.972091 387.587409 
203.000000 4.000000 5.000000 a 69.065187 301.617307 94.826157 121.622366 19.697716 133.195345 231.814581 334.832794 153.495928 101.867561 61.814238 84.380092 250.137962 351.271974 30.149627 93.300589 292.006849 292.099298 118.600169 178.709261 230.867928 279.614020 373.894370 176.954796 274.885431 140.217688 174.928557 191.981770 139.463257 73.246160 
118.000000 2.000000 3.000000 a 74.040529 279.658721 87.863531 99.035347 36.496575 141.792101 209.021530 314.396247 152.620444 89.470666 43.185646 61.773781 231.458420 328.694387 50.921508 88.752465 274.262648 270.248034 121.202310 162.520768 208.201825 260.491842 351.808186 180.235956 253.475837 129.865315 179.108905 170.496334 116.661905 85.000000 
282.000000 8.000000 5.000000 a 227.343353 86.162637 181.121506 167.334993 265.588027 257.379098 116.107709 88.238314 339.281594 159.154013 186.959889 174.140748 259.915371 150.615404 278.883488 281.655818 57.801384 76.216796 219.200821 256.019531 98.615415 32.756679 257.437371 237.541575 216.898594 144.201248 243.526179 70.384657 145.838952 252.285552 
183.000000 5.000000 3.000000 a 272.148856 96.384646 237.531051 135.207248 265.203695 326.928127 30.083218 162.049375 277.218326 212.875550 205.650188 173.242604 135.151767 109.457754 281.400071 239.081576 190.538710 95.000000 288.958475 164.304595 44.011362 159.326708 132.966161 328.937684 79.630396 225.282045 332.987988 102.956301 116.777566 295.800609 
127.000000 4.000000 4.000000 a 346.733327 238.321212 327.807871 198.116128 302.076149 412.534847 166.481230 304.829461 240.983402 307.104217 276.848334 241.549167 53.338541 224.182961 317.119851 238.891189 336.431271 239.106671 379.710416 131.244047 183.961953 305.368630 124.486947 431.115994 66.843100 333.863745 433.333590 231.164444 196.010204 365.016438 
278.000000 4.000000 1.000000 a 71.867934 309.234539 74.330344 204.198433 157.800507 31.780497 277.713882 314.006369 294.363721 96.540147 128.996124 162.077142 355.012676 371.436401 157.079598 232.594067 246.221445 298.605090 23.769729 297.576881 267.882437 249.609695 439.840880 36.055513 356.349547 86.833173 34.539832 209.618701 207.482529 75.432089 
156.000000 6.000000 3.000000 a 243.507700 59.841457 202.548760 134.647688 256.846258 289.401106 43.863424 113.529732 299.961664 177.654158 185.399569 159.931235 190.318155 109.480592 272.214989 250.720960 127.882759 52.038447 250.415654 200.262328 27.459060 97.005155 187.384631 282.681800 142.393820 179.980555 287.558690 57.384667 111.803399 268.486499 
262.000000 9.000000 1.000000 a 209.009569 178.538511 164.684547 217.414351 274.308221 212.508823 205.272989 152.977122 379.056724 153.055545 199.323857 203.924005 340.352758 241.580214 283.584203 315.356941 75.213031 169.567096 180.623919 319.865597 188.321534 93.920179 353.409111 175.276924 306.432701 117.345643 182.332115 140.064271 201.586210 230.312831 
244.000000 4.000000 5.000000 a 24.020824 314.798348 70.035705 158.760826 72.006944 75.643903 258.520792 337.235823 209.747467 89.888820 80.448741 115.104301 300.123308 370.600863 69.526973 151.168780 283.007067 304.566906 68.242216 232.551070 253.860198 276.703813 411.285789 123.239604 316.741219 116.155069 120.253898 204.831638 171.128607 15.297059 
238.000000 5.000000 1.000000 a 139.186925 342.344855 136.780847 265.753645 224.376915 80.721744 326.216186 334.427870 361.519017 155.157984 194.283298 225.577038 416.811708 406.483702 222.423020 300.096651 259.532272 331.917158 91.000000 362.836051 314.167153 270.675082 489.238183 32.280025 412.248711 131.400152 33.120990 254.310833 266.016917 139.312598 
271.000000 9.000000 1.000000 a 219.863594 322.398821 229.368699 142.695480 141.230308 286.190496 230.217289 377.524834 40.311289 222.272355 172.002907 154.382642 152.410630 348.209707 150.562279 60.207973 365.034245 316.291005 267.507009 79.479557 240.303974 341.657723 310.942117 326.534837 209.570990 262.840256 325.419729 238.882816 163.413586 226.373585 
201.000000 3.000000 1.000000 a 300.674242 213.016431 281.575922 151.845316 258.536264 366.305883 131.244047 279.016129 210.618138 261.017241 230.672929 195.317690 22.000000 211.009478 273.905093 199.724811 302.200265 212.002358 333.444148 93.605555 148.529458 271.707563 141.031911 385.032466 47.381431 288.461436 387.186002 190.184121 150.163245 319.249119 
170.000000 6.000000 3.000000 a 105.546198 392.674165 141.767415 255.331158 159.254513 60.835845 348.367622 403.267901 290.800619 166.712327 175.559107 211.153972 398.076626 452.656603 149.482440 240.010416 337.653669 382.099463 97.652445 329.437399 341.400059 339.308120 505.593710 106.042444 413.386018 172.629661 99.005050 286.923335 265.646381 84.433406 
173.000000 6.000000 3.000000 a 90.801982 282.028367 72.615425 198.708329 176.241312 67.468511 259.092648 282.336678 308.914228 87.965902 131.308796 160.078106 349.468167 345.301318 178.404036 245.051015 212.529998 271.442443 44.011362 298.211334 247.679228 217.800367 422.120836 39.924930 343.995640 63.890531 44.777226 188.111669 198.022726 102.156742 
108.000000 1.000000 3.000000 a 279.630113 34.928498 238.472221 166.207701 291.247318 324.863048 59.304300 100.209780 326.000000 213.621160 221.056554 194.537914 196.956848 73.409809 306.809387 280.317677 136.956197 33.301652 285.833868 219.658826 50.803543 105.948101 163.688729 316.294167 139.316187 214.443466 321.398507 93.348808 143.892321 304.611228 
254.000000 8.000000 4.000000 a 165.245272 233.154455 127.906216 218.833270 242.396370 153.730283 239.253004 216.603324 362.729927 126.035709 176.954796 192.852275 358.949857 297.523108 248.565887 297.558398 140.185591 223.271136 127.192767 324.303870 224.008928 154.350251 397.372621 110.981981 336.585799 84.811556 118.186294 166.868211 208.906678 182.649938 
154.000000 6.000000 2.000000 a 113.885908 371.404093 154.207652 185.827877 56.356011 156.348969 298.412466 405.123438 149.482440 167.107750 132.003788 153.114336 294.837243 419.547375 40.853396 112.271991 360.555128 362.008287 158.902486 217.800367 298.824363 349.313613 432.140024 210.059515 330.287753 201.556444 205.883462 262.154535 205.800875 101.019800 
256.000000 6.000000 5.000000 a 166.784292 298.543129 176.819117 106.794195 91.021975 233.520877 210.459022 348.048847 68.000000 171.143215 120.341182 107.186753 170.423003 333.024023 102.489024 15.556349 326.730776 291.171771 214.282524 92.357999 217.221086 305.883965 317.845875 273.309349 214.441134 212.136748 272.214989 204.024508 129.556937 174.195293 
241.000000 2.000000 2.000000 a 164.842349 150.632002 118.004237 146.754898 215.752173 189.805163 147.339743 153.701008 310.821492 98.994949 137.462722 136.165341 273.309349 214.580987 227.107904 248.169297 95.754895 140.132081 151.990131 249.303028 132.003788 90.338253 305.895407 170.423003 245.733596 77.175126 176.207264 75.709973 130.969462 189.108435 
255.000000 9.000000 2.000000 a 128.631256 423.817178 174.413302 261.204900 140.769315 118.038129 366.281313 443.663161 253.126451 197.091349 187.384631 219.754408 389.852536 479.770779 126.194295 213.964950 384.541285 413.533554 145.526630 315.298271 362.436201 381.580922 514.650367 170.988304 416.473288 215.390343 164.401946 314.014331 276.481464 103.445638 
251.000000 4.000000 2.000000 a 98.081599 390.928382 144.837840 225.055549 105.004762 104.675690 331.034741 413.483978 223.635865 166.111408 152.305614 183.983695 353.939260 445.800404 90.956033 180.346888 357.314987 380.757140 124.064499 279.901768 327.673618 352.423041 478.415092 160.464949 380.115772 188.512599 154.693245 280.679533 240.682363 73.763134 
177.000000 7.000000 3.000000 a 136.565003 424.745806 183.357574 250.351753 122.441823 144.806768 359.980555 450.378730 219.447032 203.334699 183.382115 212.084889 368.647528 477.598157 106.400188 186.935818 396.353378 414.769816 165.148418 292.097586 358.050276 390.266576 501.546608 200.202398 401.011222 228.186327 194.164878 314.211712 268.018656 113.282832 
238.000000 5.000000 5.000000 a 261.696389 237.474209 222.389298 292.035957 336.310868 247.050602 278.001799 194.987179 449.588701 216.453228 265.939843 275.203561 415.713844 296.204321 343.537480 385.019480 122.004098 230.054341 223.403223 395.297356 260.716321 150.748134 418.616770 197.989899 379.390300 176.476627 205.204776 215.406592 276.956675 279.331344 
115.000000 3.000000 1.000000 a 307.766145 141.777995 261.354166 273.996350 361.400055 318.849494 213.663287 82.565126 445.565932 244.460631 282.639346 276.134025 360.118036 189.066126 373.048254 386.374171 52.172790 138.231690 285.271800 362.724413 196.900990 75.802375 323.037150 282.554420 308.603305 215.928229 289.637705 177.687929 252.926867 330.860998 
153.000000 1.000000 3.000000 a 96.046864 229.752040 82.710338 55.036352 85.702975 161.895028 159.928109 266.443240 171.679935 69.971423 26.076810 12.041595 201.717624 278.713114 100.846418 107.424392 231.510259 220.438200 131.244047 143.610585 158.382449 215.083705 307.876599 187.114938 213.122031 109.635761 187.949461 121.276543 68.680419 116.077560 
199.000000 8.000000 5.000000 a 121.148669 248.696602 87.618491 195.818794 201.188966 110.353976 237.446836 243.261177 326.695577 91.607860 141.873183 163.477827 342.861488 312.853001 206.189233 261.633331 171.233758 238.270854 82.054860 299.933326 224.162887 178.910592 399.684876 75.073298 329.024315 52.801515 81.688432 164.401946 190.160459 137.673527 
186.000000 7.000000 4.000000 a 151.003311 444.041665 197.585425 274.590604 148.660687 146.277134 382.593779 466.554391 247.808394 219.237314 204.443146 234.912750 396.243612 498.477683 132.924791 215.353198 409.375134 433.896301 172.284648 320.039060 379.815745 405.215992 526.935480 199.582063 427.094837 240.243626 193.018134 333.707956 291.358885 126.289350 
267.000000 6.000000 4.000000 a 251.509443 145.773797 223.912930 103.174609 229.819494 312.438794 56.222771 209.418242 226.737734 200.878072 181.570923 146.372812 90.520716 161.049682 246.077224 193.214906 226.055303 142.663941 276.537520 112.071406 72.862885 195.931110 150.426062 323.289344 59.304300 222.324088 326.332652 114.490174 91.547802 273.265439 
188.000000 7.000000 4.000000 a 203.828359 114.738834 168.237927 80.049984 205.766858 257.614052 40.224371 166.111408 245.489307 143.558351 139.445330 109.836242 157.305435 157.429349 221.551348 195.655309 163.670401 107.116759 219.658826 151.238223 36.715120 135.911736 201.467119 260.754674 127.882759 157.496032 264.560012 43.462628 57.567352 227.905682 
251.000000 6.000000 2.000000 a 61.587336 298.107363 87.206651 121.165177 27.294688 126.491106 230.054341 330.106044 160.909913 94.921020 57.008771 82.200973 253.061257 348.661727 36.055513 100.089960 286.085652 288.480502 111.018017 182.718363 228.536649 274.242593 374.200481 169.499263 275.943835 132.853303 167.573864 188.111669 138.105032 67.082039 
117.000000 6.000000 4.000000 a 200.302272 251.348364 195.205020 81.320354 142.621878 268.603797 159.113167 307.314171 108.664622 181.466250 137.032843 108.337436 107.424392 277.965825 157.098695 80.659779 299.294170 245.367072 241.853261 33.136083 169.307413 274.351964 253.001976 299.068554 149.616176 218.764714 299.487896 172.191754 98.473347 214.233517 
180.000000 3.000000 1.000000 a 446.878059 173.657709 408.600049 312.822633 442.757270 496.541036 203.666394 211.009478 436.331296 383.600052 382.561106 350.955838 253.213349 109.881755 458.995643 409.420322 283.425475 183.412104 457.654892 316.627541 208.830074 258.089132 98.615415 489.474208 187.360615 387.418379 494.580630 264.319882 294.645550 471.208022 
280.000000 1.000000 2.000000 a 217.848571 77.801028 174.413302 130.980915 242.074369 258.698666 73.006849 111.018017 302.220118 150.083310 166.207701 146.328398 215.371772 137.767921 256.602806 247.655002 101.980390 67.424031 219.658826 213.215853 55.713553 73.783467 224.501670 248.364651 174.384632 147.054412 253.527119 35.510562 108.342051 243.074063 
149.000000 4.000000 1.000000 a 286.714143 221.652882 270.001852 140.003571 241.107860 353.160020 135.369864 286.844906 190.394328 250.391693 217.329243 182.463695 12.083046 224.635260 256.253780 180.277564 305.000000 219.738481 321.305151 73.593478 152.108514 275.072718 161.058995 374.192464 64.195015 279.807076 376.033243 188.308258 141.056726 304.463463 
257.000000 9.000000 3.000000 a 248.268000 374.638492 265.437375 192.657728 163.294213 310.821492 282.398654 429.516007 25.806976 261.938924 210.950231 198.879360 194.550765 399.721153 168.077363 90.509668 415.053009 368.517299 297.598723 128.265350 292.542305 392.444901 355.584027 356.179730 256.470271 303.117139 354.159569 289.689489 214.105114 249.996000 
106.000000 7.000000 5.000000 a 312.579590 106.400188 278.237309 172.742583 302.423544 367.631609 70.384657 172.246916 302.451649 253.576418 245.505601 212.433519 138.495487 93.680307 318.686366 270.223981 214.671843 109.077954 329.633129 184.837767 82.000000 183.521116 93.557469 369.037938 71.175839 265.316792 373.202358 141.890803 155.724115 336.072909 
108.000000 5.000000 4.000000 a 147.962833 278.729259 154.236831 85.000000 80.280757 215.745220 192.865238 326.300475 92.660671 147.322775 96.829747 82.492424 170.417135 316.083850 94.244363 32.062439 302.881165 270.977859 194.064422 94.868330 198.295234 282.603963 310.103209 252.926867 207.193147 188.138247 252.224107 181.339461 108.004630 157.917700 
101.000000 3.000000 1.000000 a 107.703296 276.023550 116.661905 84.534017 48.600412 175.524927 197.676503 316.987381 123.842642 113.070774 62.201286 61.073726 202.141040 320.140594 64.660653 58.694122 284.580393 267.290105 154.155765 130.541181 199.624648 267.540651 330.770313 213.122031 230.000000 154.301653 212.249853 170.847886 105.848949 118.207445 
206.000000 1.000000 5.000000 a 235.255181 283.591255 203.806281 298.739017 317.308998 205.922315 308.099010 249.819935 441.814441 205.138977 256.113256 273.234332 435.692552 345.567649 321.757673 376.629792 172.699160 274.963634 190.339171 404.190549 291.672762 197.294197 459.314707 151.953940 408.187457 164.054869 158.710428 238.600084 287.793329 248.467302 
122.000000 1.000000 3.000000 a 247.681247 379.269034 265.932322 196.061215 162.246726 309.588436 287.210724 433.710733 26.248809 263.030416 212.049523 200.997512 200.800896 404.969135 166.436174 91.438504 418.306108 373.044233 297.136332 133.958949 297.139698 395.989899 361.769263 355.562934 262.469046 304.244967 353.417600 293.286549 217.720004 248.766959 
237.000000 4.000000 5.000000 a 278.007194 180.269243 233.482333 272.737969 341.634307 278.921136 235.193537 131.381125 440.123846 220.791757 265.135814 265.770578 379.189926 235.359300 351.489687 377.773742 65.924199 174.183811 248.620192 370.163477 217.720004 97.169954 363.324923 237.320458 335.147729 186.217615 244.560831 183.371208 254.125953 299.240706 
223.000000 1.000000 3.000000 a 246.018292 50.119856 203.147729 148.165448 265.949243 287.868025 64.381674 95.341491 316.291005 178.644899 191.880171 169.248338 210.836429 108.577162 280.912798 265.047166 107.912001 40.311289 248.823230 219.312562 47.801674 76.843998 201.022387 277.218326 162.077142 176.232801 282.462387 60.415230 125.143917 271.204720 
230.000000 8.000000 1.000000 a 283.594781 351.967328 291.238734 191.801981 204.782812 350.075706 258.924699 412.088583 79.075913 282.391572 233.094401 211.782908 144.931018 367.396244 213.412746 123.939501 409.575390 347.404663 330.904820 98.351411 271.955879 383.775976 305.360443 389.893575 212.249853 322.200248 388.931871 282.462387 209.480309 290.243002 
169.000000 3.000000 3.000000 a 396.969772 180.499307 365.432620 250.521456 376.288453 454.875807 159.890588 239.520354 348.855271 341.153924 327.905474 293.211528 159.423963 136.751600 392.474203 330.650873 295.575709 186.560982 417.464969 229.839074 172.386194 265.377090 3.162278 458.704698 100.801786 355.080273 462.688880 232.228336 237.185581 419.509237 
238.000000 4.000000 1.000000 a 121.433109 413.140412 168.237927 243.655494 119.079805 125.399362 351.365906 436.615391 227.035240 189.232661 173.219514 203.725305 367.729520 467.315739 103.754518 189.422807 380.825419 403.031016 147.003401 292.289240 348.579976 375.755239 496.335572 180.646063 396.930724 212.049523 174.562310 302.735858 260.219138 97.267672 
149.000000 4.000000 1.000000 a 44.911023 337.013353 91.678787 177.158121 75.133215 77.987178 279.415461 359.538593 210.793738 112.160599 100.657836 134.272112 314.696679 392.485669 67.779053 156.179384 304.685083 326.804223 81.344945 244.663034 275.218095 298.839422 430.460219 130.873985 334.551939 136.937942 126.810883 226.927301 190.800943 23.537205 
Type de surveillance de chaque endroit(target):tab[nombre de target]
a a a a a a a a a a a a a a a a a a a a a a a a a a a a a a 