Nombre des capteurs:
100
Nombre des targets:
30
Nombre de type de surveillance:
1

Caracteristiques:
161.000000 9.000000 4.000000 a 152.161099 152.738338 189.274932 62.169124 439.392763 165.469030 359.836074 447.246017 462.403503 255.368361 16.643317 196.900990 173.219514 282.072686 213.063371 425.751101 210.857772 477.762493 185.722912 124.040316 400.791716 391.103567 286.686240 298.117427 249.146543 177.504930 417.378725 338.042897 357.028010 255.033331 
223.000000 3.000000 2.000000 a 125.000000 210.876741 44.418465 91.547802 311.332620 149.966663 231.931024 302.200265 314.428052 165.954813 141.439033 130.980915 88.684835 208.463426 222.643212 291.400069 72.560320 334.073345 40.311289 151.485973 260.161488 244.131112 180.235956 162.788206 120.000000 115.004348 276.023550 239.827021 214.674172 191.133461 
287.000000 4.000000 4.000000 a 236.913486 82.280010 150.206524 102.313244 326.681802 21.470911 252.414342 366.049177 401.688934 303.907881 153.212271 69.375788 220.988687 344.354469 85.702975 322.218870 207.894204 445.694963 149.626201 30.675723 380.453677 348.323126 319.612265 293.763510 256.704110 242.043385 394.492079 379.225527 274.357431 323.933635 
190.000000 7.000000 4.000000 a 117.686023 311.756315 99.959992 182.016483 323.148573 248.654379 252.366797 275.408787 264.007576 79.006329 213.775583 219.419689 63.324561 125.004000 321.224221 294.001701 36.138622 257.328584 98.234414 252.556924 178.002809 183.174780 81.006173 74.006756 24.020824 83.528438 195.002564 141.031911 206.693009 118.359621 
220.000000 4.000000 1.000000 a 363.600055 499.985000 279.028672 405.966747 245.552438 414.692657 235.847408 127.816274 57.035077 276.537520 452.186908 361.668356 310.980707 301.219189 474.495522 209.308385 251.644591 42.720019 281.575922 442.578807 83.737686 70.710678 237.876018 176.465294 224.588513 327.685825 70.092796 246.789384 169.070991 318.000000 
149.000000 5.000000 5.000000 a 227.517032 467.309319 249.018072 333.946103 392.363352 402.548134 342.644130 300.433021 251.431899 117.388245 354.877444 367.783904 195.897933 115.412304 474.612473 356.248509 187.211111 187.445992 248.402899 408.177657 124.342270 179.947214 82.292162 112.946890 138.408815 194.486503 135.602360 46.818800 276.065210 141.226768 
203.000000 4.000000 1.000000 a 283.113052 137.873130 154.353490 165.846314 259.665169 56.035703 191.002618 315.196764 360.966757 327.983231 223.510626 34.785054 253.860198 372.135728 89.196412 260.276776 218.405586 419.019093 155.862119 104.623133 363.254732 320.440322 334.767083 291.811583 265.243285 279.406514 375.133310 394.554179 227.484065 356.148845 
211.000000 5.000000 3.000000 a 366.509209 495.201979 276.421779 404.278369 233.053642 409.257865 225.304239 114.982607 44.011362 282.115225 451.748824 355.620584 313.198020 308.293691 467.952989 196.977156 251.914668 55.362442 279.121837 438.262478 91.967386 69.065187 244.075808 179.938879 227.107904 330.823216 79.630396 255.548430 159.665275 324.225230 
259.000000 4.000000 2.000000 a 499.505756 499.459708 352.800227 470.916128 102.396289 412.927354 175.513532 124.233651 182.887944 452.462153 531.533630 357.766684 444.119353 490.886952 441.887995 107.354553 370.591419 279.001792 356.967786 457.739009 303.725205 244.616026 423.945751 345.984104 374.973332 470.252060 297.741499 456.010965 185.607112 497.438438 
160.000000 5.000000 4.000000 a 294.457128 440.854851 215.148786 339.607126 244.663034 358.231769 212.461761 142.874070 96.938125 211.066340 384.001302 308.038959 241.580214 239.835360 421.988151 207.407811 183.043711 86.977008 217.313138 382.256458 40.199502 24.083189 174.140748 107.703296 155.241747 258.677405 43.416587 193.051807 141.155942 254.007874 
144.000000 2.000000 5.000000 a 183.174780 207.337888 30.675723 126.194295 256.124969 128.226362 176.181724 260.654944 284.297380 206.526027 185.593642 89.554453 141.028366 251.700219 197.994949 239.069028 94.704805 320.469967 32.756679 148.660687 254.283307 224.178500 211.009478 171.172428 141.421356 169.168555 268.337474 270.712024 169.366467 238.537209 
101.000000 1.000000 1.000000 a 323.538251 542.583634 315.158690 417.709229 390.041023 469.546590 358.669765 280.001786 214.832493 214.347848 445.570421 427.101861 286.225436 214.133136 539.179006 352.706677 260.547500 124.422667 315.653291 482.692449 107.517440 170.751281 175.934647 171.604196 213.887821 289.084763 105.380264 144.391828 287.459562 240.299813 
268.000000 7.000000 3.000000 a 62.585941 239.827021 101.019800 98.290386 368.024456 196.987309 289.748167 345.891602 347.121016 129.402473 120.303782 189.066126 43.185646 165.024241 267.589237 345.357785 87.091905 350.001429 96.834911 184.937827 271.311629 269.862928 155.926265 167.505224 117.720007 60.166436 288.209993 210.876741 263.804852 142.667445 
221.000000 7.000000 4.000000 a 240.973028 206.770404 85.146932 166.012048 212.228650 118.258192 133.330417 240.008333 277.708480 259.514932 228.214811 62.968246 198.595065 305.286750 175.900540 201.467119 145.382255 330.684139 88.362888 155.116086 274.315512 232.071110 259.082998 207.386113 187.640614 226.920691 286.111866 317.502756 148.337453 294.001701 
297.000000 2.000000 3.000000 a 389.894858 359.388369 232.361787 339.202005 39.000000 273.095221 43.278170 128.693434 198.403629 367.491497 401.103478 218.524598 337.618127 411.205545 303.026401 46.529560 266.326867 289.471933 236.596703 318.498038 275.181758 211.492317 348.542680 272.904745 285.616876 365.820994 277.333734 394.312059 99.005050 410.600779 
240.000000 4.000000 5.000000 a 250.139961 219.107280 91.782351 179.493732 198.456544 130.249760 119.436175 227.107904 266.480769 263.427409 241.602980 73.979727 205.975727 309.363863 185.172892 187.544661 149.164339 322.133513 95.341491 168.359734 268.069021 223.573254 260.863949 205.730406 189.274932 234.539975 279.302703 318.549839 135.830777 299.240706 
139.000000 3.000000 1.000000 a 288.669361 397.310961 180.044439 309.131040 193.258894 311.809237 154.728795 108.600184 96.104110 223.986607 359.494089 258.992278 233.019313 260.449611 372.178721 156.719495 164.468842 135.092561 183.002732 340.277828 96.462428 37.483330 193.313217 116.038787 152.200526 255.039213 101.597244 226.490618 83.486526 268.888453 
197.000000 9.000000 5.000000 a 444.387219 434.835601 293.138193 408.142132 39.458839 348.173807 111.233988 101.271911 172.956642 406.388976 469.248335 293.027302 389.835863 447.235956 378.223479 46.010868 316.512243 271.182595 297.355007 393.010178 278.519299 215.232433 381.365966 303.191359 326.381678 416.889674 276.000000 419.375727 132.060592 450.991131 
118.000000 7.000000 1.000000 a 201.896013 404.079200 178.213355 279.946423 319.081494 333.084073 265.007547 237.777207 202.277038 106.892469 311.955125 294.083322 155.544206 134.350288 403.936876 284.015845 121.794910 168.576392 178.331153 344.228122 88.865066 121.379570 68.600292 35.227830 75.769387 165.592874 105.650367 96.301610 200.564204 148.690955 
168.000000 5.000000 1.000000 a 337.215065 63.150614 256.164010 196.086716 378.297502 101.414989 315.729314 442.459038 488.270417 411.400049 228.315571 149.816554 327.331636 450.876923 39.204592 383.631333 315.686553 542.647215 256.035154 102.318131 482.038380 444.140743 427.834080 399.971249 364.522976 346.619388 495.154521 487.403324 355.080273 429.330875 
204.000000 5.000000 1.000000 a 351.548005 346.577553 196.824795 310.885831 72.006944 258.118190 21.931712 110.462663 172.742583 325.259896 371.860189 201.556444 298.291803 368.741102 297.437388 52.924474 226.101747 257.670332 201.062179 300.707499 236.400085 173.692257 305.839827 230.158641 243.460469 326.173267 239.820766 351.639019 57.428216 368.620401 
217.000000 4.000000 3.000000 a 46.227697 268.881015 115.693561 126.732001 377.322144 225.197691 300.672579 345.862690 340.958942 101.414989 142.242750 214.233517 17.464249 135.915415 296.233016 352.423041 84.053554 336.007440 111.789982 214.084096 256.281096 261.296766 130.587136 152.472948 102.703457 31.780497 273.358739 183.600109 268.203281 113.595775 
162.000000 8.000000 3.000000 a 287.088836 335.216348 143.673240 269.785100 142.762040 246.910915 82.152298 116.498927 149.325149 251.849161 327.136057 191.125613 232.086191 294.767705 301.199270 112.893755 158.619040 212.602916 147.648231 281.710845 174.002874 117.153745 231.387122 155.708060 170.425937 258.907319 180.853532 277.416654 27.202941 295.717771 
200.000000 9.000000 3.000000 a 233.385946 71.589105 157.952525 95.189285 342.160781 35.383612 267.585500 380.001316 414.290961 305.366992 142.045767 84.770278 221.162836 344.710023 89.106678 337.342556 213.262749 456.119502 157.000000 15.297059 389.535621 359.235299 322.913301 300.629340 261.874016 240.840196 403.882409 382.158344 288.085057 323.360480 
189.000000 2.000000 4.000000 a 304.059205 130.545011 179.337670 181.041432 270.453323 61.911227 205.973299 333.256658 381.620230 352.278299 235.868607 59.506302 276.925983 396.161583 70.576200 274.147770 243.343379 442.113108 180.753976 108.466585 387.578379 343.640801 359.694315 317.025236 290.353233 301.935424 399.224248 419.533074 247.426757 379.637985 
140.000000 2.000000 1.000000 a 238.212090 275.305285 83.815273 206.526027 185.698681 188.472810 108.756609 180.235956 208.626460 224.742074 264.849014 135.085158 186.077941 270.275785 248.455227 163.517583 116.245430 258.125938 88.005682 220.054539 203.646753 159.511755 214.058403 149.452334 144.346805 214.462118 214.674172 268.292751 88.887569 265.345058 
191.000000 3.000000 3.000000 a 317.970124 326.075145 164.015243 280.978647 105.603030 237.018987 36.000000 121.016528 172.699160 293.143310 341.298989 180.011111 264.697941 337.083076 282.577423 83.486526 192.605815 248.638291 168.240899 277.221933 217.706224 157.784663 275.152685 200.808366 211.243935 292.605537 223.188261 322.820383 40.360872 336.148777 
223.000000 4.000000 1.000000 a 319.995312 45.880279 243.526179 178.675684 378.441541 89.888820 313.359219 438.124412 481.789373 395.778979 210.287898 141.739197 311.269979 434.770054 40.496913 382.020942 301.942047 533.528818 243.181003 85.428333 471.383071 435.221783 413.087158 387.331899 350.750624 330.054541 484.826773 472.471163 349.515379 412.884972 
216.000000 3.000000 2.000000 a 331.724283 356.315871 183.698122 305.491407 98.081599 267.226496 53.254108 90.094395 143.125819 296.696815 364.725924 210.237960 277.043318 339.094382 313.614413 67.424031 203.708125 223.403223 187.832372 306.528955 200.000000 137.419067 274.832676 197.909070 215.564376 304.095380 203.541151 318.441517 22.203603 340.787324 
259.000000 1.000000 2.000000 a 290.697437 259.030886 130.142230 228.002193 149.966663 170.188131 71.512237 188.904738 237.118114 290.167193 290.043100 113.357840 242.744722 336.007440 214.895323 140.684043 178.272264 304.356699 134.182711 212.249853 260.633843 207.889394 281.348538 216.614866 211.002370 271.536370 269.408612 335.894329 102.552426 329.293182 
259.000000 5.000000 1.000000 a 115.952577 398.538580 260.278697 256.462473 504.176556 369.583549 433.056578 447.420384 420.743390 115.277925 239.676866 363.067487 146.372812 88.141931 438.041094 474.371163 209.745083 380.616605 256.797586 350.476818 304.962293 338.576432 150.602125 223.486017 192.213423 118.422971 320.538609 154.987096 386.731173 70.837843 
156.000000 3.000000 5.000000 a 293.342803 96.932967 184.401735 162.117242 302.788705 40.012498 236.103791 360.901649 406.054184 351.411440 212.508823 69.404611 271.974263 393.875615 44.777226 305.026228 247.131544 461.781334 185.067555 79.755878 403.401785 363.176266 362.571372 326.455204 295.420040 295.169443 415.935091 422.603833 272.943218 375.373148 
217.000000 5.000000 1.000000 a 77.929455 359.923603 228.300241 217.882996 479.877068 331.789090 406.558729 430.633255 409.781649 105.095195 201.943061 327.074915 114.179683 94.005319 399.804952 451.575021 182.529450 378.450789 224.617453 311.964742 300.256557 327.123830 144.848196 210.204662 172.586210 85.440037 316.589640 164.027437 364.446155 67.896981 
259.000000 7.000000 2.000000 a 358.921997 87.298339 270.977859 218.304833 375.107984 116.516093 316.180328 445.112345 493.766139 430.308029 252.160663 159.505486 347.051869 470.545428 45.607017 382.774085 331.887029 551.739975 271.154937 124.040316 493.414633 453.124707 445.345933 414.364574 380.654699 367.151195 506.040512 505.142554 359.684584 449.588701 
101.000000 2.000000 3.000000 a 194.000000 140.890028 89.050547 85.041167 297.006734 68.505474 218.405586 319.606007 348.760663 247.814447 147.085009 59.135438 168.404275 290.062062 141.198442 286.400070 147.322775 387.195041 88.408144 81.932899 320.220237 290.800619 260.714403 232.544619 196.155551 192.398025 334.574356 320.624391 227.270764 271.737005 
131.000000 7.000000 5.000000 a 286.818758 218.661839 130.249760 204.384442 182.164761 130.698125 108.664622 231.613903 279.830306 302.372287 266.692707 75.286121 244.182309 348.323126 171.959298 178.488095 188.130274 344.425609 133.660016 175.282629 296.330896 246.868386 299.100318 241.404225 227.543402 272.605943 306.276019 356.287805 145.399450 338.212951 
194.000000 3.000000 2.000000 a 390.800461 440.500851 256.672944 383.375795 110.018180 351.411440 124.482931 9.433981 82.346828 335.477272 440.546252 294.435052 334.802927 372.758635 396.940802 75.802375 262.154535 179.401784 260.547500 390.184572 188.095720 126.649122 305.655034 228.078934 260.230667 359.402282 184.328511 337.094942 88.459030 380.468133 
224.000000 7.000000 1.000000 a 69.526973 276.586334 100.019998 138.224455 355.624802 225.204352 280.066064 320.914319 315.328400 91.836812 162.086397 207.800385 14.764823 132.098448 297.430664 329.734742 59.548300 311.464284 96.509067 219.611020 232.019396 235.722294 114.621115 128.035151 78.057671 43.462628 249.050196 171.143215 244.658946 114.004386 
207.000000 8.000000 2.000000 a 151.792622 335.005970 300.887022 222.326337 568.689722 343.281226 489.979591 541.705640 532.632143 240.260276 170.988304 361.668356 207.771509 235.034040 396.557688 546.108048 280.044639 513.042883 296.649625 306.444122 433.335897 450.919061 281.049818 335.386344 289.799931 185.607112 450.178853 305.059011 463.496494 208.470621 
158.000000 3.000000 5.000000 a 157.581725 220.911747 9.055385 120.813906 273.760845 147.827602 194.486503 266.908224 283.397248 178.997207 175.823775 115.156415 113.437207 223.973213 219.456146 253.805043 68.963759 311.004823 7.211103 161.136588 240.950202 217.368351 185.148589 151.343979 117.068356 141.792101 255.890602 245.087739 178.101095 210.535033 
107.000000 3.000000 4.000000 a 256.680736 317.737313 115.433964 243.402958 171.353436 230.867928 104.393486 143.251527 166.460205 224.269927 299.481218 177.002825 201.734975 268.001866 289.806832 142.800560 128.316016 217.451144 119.268604 262.225094 168.220094 119.037809 206.167408 133.003759 142.442971 228.674441 177.654158 255.070578 57.489129 267.615396 
135.000000 4.000000 4.000000 a 358.481520 99.161484 261.122577 219.647445 353.318553 109.178753 295.787086 425.564331 475.723659 424.905872 258.327312 145.910932 343.104940 466.202746 36.769553 361.756824 323.284704 536.041976 261.627598 125.674182 479.610258 437.476857 438.014840 403.536863 371.809091 364.472221 491.805856 497.992972 341.316569 446.239846 
138.000000 2.000000 5.000000 a 380.284104 374.638492 227.019823 341.766002 45.310043 286.665310 47.381431 96.332757 165.414631 349.284984 402.743094 230.497288 326.441419 391.862221 322.820383 22.561028 253.653307 256.725534 231.248784 330.080293 245.122418 181.033146 327.633942 250.577333 267.934694 354.012712 246.446749 370.669664 74.726167 393.223855 
231.000000 1.000000 4.000000 a 355.759750 517.003868 290.704317 413.319489 287.784642 434.246474 272.360056 171.210397 101.079177 260.324797 455.057139 383.520534 306.106191 279.250783 497.346961 251.113520 254.332460 13.601471 292.720003 458.344848 66.753277 90.000000 220.056811 170.293864 220.227155 319.427613 49.648766 219.200821 203.039405 298.931430 
291.000000 9.000000 2.000000 a 333.863745 514.743626 285.938805 403.183581 315.854397 434.936777 292.499573 202.556165 135.723985 233.334524 440.818557 386.874657 287.111477 248.050398 500.801358 278.686203 242.538657 49.040799 287.445647 455.306490 53.665631 103.247276 192.574661 153.883072 203.420746 297.607124 40.459857 185.075660 221.551348 269.473561 
138.000000 8.000000 3.000000 a 351.455545 495.625867 272.405947 398.116817 254.907826 411.251748 240.636656 138.755180 70.349129 262.520475 443.000000 359.112796 299.474540 286.323244 472.474338 218.220072 242.051647 36.124784 274.774453 437.696242 68.600292 65.192024 223.510626 164.201096 212.983567 315.391820 54.451814 231.224999 172.154001 303.555596 
263.000000 8.000000 1.000000 a 183.635509 380.841174 155.589203 256.846258 311.969550 310.420682 253.639508 238.314918 209.618701 96.674712 289.862036 272.405947 135.003704 130.667517 381.540299 277.965825 98.478424 185.607112 155.569920 321.006230 105.380264 127.141653 63.513778 17.000000 52.810984 147.312593 122.482652 105.118980 192.338244 140.758659 
277.000000 9.000000 4.000000 a 194.465935 287.445647 63.126856 192.210822 231.036794 206.929940 158.094908 201.725060 211.945748 171.642069 244.174118 161.276161 139.817739 217.082933 274.262648 204.352636 66.850580 240.651200 66.007575 228.600087 174.590951 145.526630 161.310260 101.518471 91.137259 167.200478 188.353391 216.723326 119.753914 212.776878 
131.000000 3.000000 4.000000 a 115.108644 348.212579 274.116763 219.658826 538.643667 341.796723 461.641636 502.101583 487.754036 188.472810 180.510388 351.262010 169.711520 179.471446 402.011194 513.553308 243.248844 462.352679 269.981481 311.025722 383.318406 405.345532 229.019650 288.591407 245.733596 143.934013 399.932494 249.451398 428.544047 153.730283 
202.000000 7.000000 4.000000 a 360.310977 473.187067 259.017374 388.128845 204.022058 386.291341 196.022958 87.132084 24.207437 282.800283 437.979452 331.766484 305.712283 312.621177 443.162498 167.693172 240.607564 84.308956 262.000000 417.139066 103.310212 59.941638 246.657657 176.819117 221.054292 325.332138 94.868330 264.824470 131.605471 326.259099 
140.000000 3.000000 1.000000 a 293.231990 525.837427 301.955295 395.991162 405.544079 456.793170 366.979563 300.926901 240.401747 183.120179 419.539033 417.796601 260.132658 178.025279 527.821940 368.347662 243.402958 156.923548 301.935424 466.203818 121.004132 185.067555 147.122398 158.902486 195.064092 259.976922 124.310096 108.004630 296.723777 205.119477 
226.000000 6.000000 1.000000 a 273.075081 318.954542 127.011810 252.606413 153.182897 230.930726 85.842880 133.753505 164.924225 242.903273 310.161248 175.570499 218.563492 286.681007 286.644379 125.606528 145.416643 223.825825 131.034347 265.000000 180.013888 126.621483 224.770995 151.119158 161.049682 245.839378 188.217959 273.221522 43.382024 286.162541 
154.000000 6.000000 3.000000 a 400.780489 356.102513 241.811910 343.803723 43.104524 271.330057 55.154329 146.577624 217.036863 382.388546 406.011084 218.233820 349.406640 426.517292 296.816442 62.481997 279.078842 308.650288 246.018292 317.770357 294.268585 230.672929 364.588809 289.637705 300.482945 377.830650 296.561967 411.359940 117.153745 425.067054 
111.000000 9.000000 4.000000 a 356.742204 535.829264 307.390631 425.667711 322.691803 455.214235 304.581680 206.526027 136.297469 255.556256 463.720821 406.322532 310.130618 268.888453 520.311445 285.881094 265.113183 39.812058 309.006472 476.539610 75.272837 117.686023 214.767316 176.776695 226.384628 320.505850 60.373835 204.472492 234.360833 290.946731 
165.000000 5.000000 4.000000 a 213.506440 382.655197 153.495928 268.493948 275.394263 306.444122 221.056554 198.909527 172.235304 135.103664 308.099010 263.047524 161.012422 170.073514 375.366488 240.665743 108.060168 160.003125 154.547727 322.865297 82.377181 89.587946 102.902867 27.459060 74.525164 177.730133 98.858485 139.832042 156.553505 179.627392 
229.000000 2.000000 2.000000 a 271.012915 13.928388 218.691564 130.000000 395.379564 84.480767 323.736004 440.290813 476.287728 354.919709 154.175225 141.226768 268.931218 391.290174 84.599054 393.584807 270.857896 518.262482 217.412051 49.244289 450.871379 421.545964 376.191441 359.784658 318.818130 284.838551 465.446023 434.350089 348.826604 367.783904 
172.000000 2.000000 2.000000 a 343.126799 575.021739 349.596911 446.286903 431.236594 504.429381 400.056246 320.224921 253.570503 232.963516 470.082971 463.742385 310.695993 224.722051 574.878248 393.909888 292.417510 159.662143 349.794225 515.271773 148.959726 212.219226 197.585425 205.827598 244.468812 310.220889 146.696967 155.293271 328.876877 252.556924 
277.000000 2.000000 3.000000 a 284.015845 133.195345 157.419821 164.915130 264.393646 52.630789 196.000000 320.295176 366.006831 330.461798 221.948192 37.576588 255.642328 374.444923 84.154620 265.228204 221.415898 423.798301 158.823802 101.212647 367.722722 325.207626 337.764711 295.601083 268.477187 280.944834 379.680129 397.609105 232.561820 358.156390 
275.000000 2.000000 4.000000 a 299.786591 395.588170 183.461168 313.081459 176.139150 308.967636 140.117808 93.509358 91.049437 238.947693 365.198576 254.960781 243.877018 276.267986 367.250596 139.517024 173.631794 143.178211 186.686904 339.477540 111.825757 49.648766 209.246266 131.487642 165.193826 266.835155 115.550855 243.515913 68.876701 283.924286 
186.000000 2.000000 3.000000 a 151.433154 135.977939 157.917700 28.284271 403.540580 133.195345 324.118805 414.251132 432.261495 245.837345 41.593269 161.198635 160.424437 277.315705 187.171045 390.467668 186.783297 452.548340 154.635054 96.254870 377.153815 363.269872 273.503199 276.240837 228.711609 170.414201 393.410727 328.024389 323.363572 251.859088 
273.000000 5.000000 5.000000 a 361.311500 543.823501 315.163450 432.566758 331.802652 463.569844 314.014331 215.336945 144.678955 258.940148 469.863810 414.956624 315.458397 270.750808 528.935724 295.040675 271.900717 47.095647 316.711225 484.451236 82.855296 127.015747 218.160491 183.000000 232.355331 325.153810 68.600292 205.294910 243.790894 293.402454 
128.000000 5.000000 3.000000 a 195.058965 100.568385 132.853303 58.137767 346.353865 64.536811 268.732209 371.946233 400.052497 269.235956 111.364267 94.260278 184.228119 307.668653 127.283149 337.415175 182.526710 434.663088 131.103013 42.201896 364.923280 339.613015 288.624323 271.825312 230.410503 203.059105 379.947365 347.315419 279.614020 285.791882 
268.000000 2.000000 1.000000 a 256.970815 172.011628 113.507709 159.154013 231.872810 83.024093 157.089147 274.331916 316.291005 289.499568 220.907220 26.172505 221.002262 334.607232 135.059246 226.920691 177.115781 371.809091 115.732450 125.876924 315.634282 273.197731 292.960748 246.010162 222.308344 248.163253 327.502672 352.264105 184.352922 320.806795 
183.000000 5.000000 3.000000 a 250.347758 336.582828 122.800651 252.448014 187.747170 251.246891 127.062977 141.031911 152.013157 207.099010 305.659942 199.060292 194.489074 249.419326 312.693140 156.118545 121.400165 193.871091 126.150704 279.658721 141.354165 95.294281 185.585560 109.895405 126.400158 219.965906 151.320851 231.780068 68.425142 251.366267 
276.000000 1.000000 1.000000 a 156.540730 359.139249 311.623170 241.820181 578.356292 363.683929 500.399840 546.008242 533.352604 234.957443 193.507106 379.225527 212.285186 224.750973 419.010740 554.460098 285.602871 508.838874 307.416655 328.444820 429.776686 451.078707 275.486842 334.526531 290.874543 187.856328 446.404525 294.531832 470.460413 199.649693 
299.000000 6.000000 1.000000 a 69.814039 353.553391 200.259831 209.823736 445.161768 316.539097 373.171542 393.174262 371.768745 67.779053 205.065843 305.942805 87.051709 66.407831 386.762201 416.082924 149.485785 341.657723 196.860357 301.875802 263.007604 289.110705 108.157293 172.200465 135.473245 60.406953 279.474507 134.350288 328.660919 37.643060 
164.000000 3.000000 5.000000 a 409.960974 465.568470 279.546061 406.988943 125.000000 376.479747 148.408221 20.880613 73.552702 349.954283 463.605436 319.507433 353.926546 385.600830 421.849499 94.175368 281.964537 171.976743 283.351372 415.120464 191.481070 133.719856 318.402261 241.878068 276.956675 377.800212 185.526278 346.236913 112.871608 394.822745 
230.000000 4.000000 1.000000 a 361.145400 507.330267 283.985915 409.480158 262.207933 422.938530 250.409664 144.810221 74.108029 270.647372 454.017621 370.741150 309.570670 293.165482 484.058881 225.807440 253.001976 26.419690 286.331975 449.391811 75.663730 76.896034 231.244459 173.979884 223.089668 325.000000 60.216277 236.444497 182.521232 311.102877 
104.000000 3.000000 1.000000 a 86.406018 293.945573 234.068366 166.595318 501.650277 288.923865 423.137094 475.110513 468.094008 185.067555 126.301227 301.378500 141.823834 189.488786 348.012931 478.862193 213.283848 453.495314 229.839074 257.007782 373.343006 387.005168 225.375243 272.926730 225.807440 121.757957 390.366494 257.965114 396.275157 161.012422 
239.000000 1.000000 5.000000 a 134.480482 217.009216 227.659834 117.443603 490.000000 231.624696 410.000000 484.925768 491.138473 244.640553 57.245087 258.549802 175.102827 261.191501 280.060708 472.924941 231.613903 493.583833 223.617978 191.206694 414.120755 414.656484 281.469359 310.161248 260.192237 168.267644 431.167021 324.913835 398.026381 232.551070 
211.000000 2.000000 1.000000 a 96.876210 329.079018 132.018938 191.815015 360.069438 273.130006 289.913780 307.657277 290.373897 44.147480 213.018779 249.194703 53.488316 89.560036 345.809196 330.315001 71.028163 272.442655 129.634100 271.311629 192.213423 208.062491 61.032778 91.923882 49.497475 60.530984 209.296440 118.190524 242.744722 80.808415 
195.000000 5.000000 4.000000 a 251.509443 418.660961 189.644404 307.832747 271.665235 340.035292 227.495055 180.834178 142.172431 165.302753 348.127850 293.846899 200.112468 194.455650 407.313147 235.227549 147.800541 120.004167 191.094218 359.112796 43.011626 61.854668 128.425075 64.327288 113.745330 215.406592 59.033889 151.158857 158.028478 208.216234 
278.000000 7.000000 1.000000 a 469.655193 472.069910 322.567822 440.967119 77.414469 384.984415 146.563979 100.439036 165.148418 424.348913 501.471834 329.419186 414.366987 463.417738 416.145407 77.620873 340.828403 263.096940 326.735367 429.293606 281.426722 220.601451 396.676190 318.523155 346.203697 440.655194 276.622486 430.464865 155.666310 469.277104 
177.000000 6.000000 2.000000 a 250.569352 99.181652 146.413797 122.249744 302.605354 10.198039 229.682389 346.763608 385.648804 309.510904 176.705970 47.010637 229.270583 351.540894 80.000000 299.553000 207.607803 434.319007 146.577624 55.946403 371.981182 336.181499 322.051238 289.968964 256.284998 252.253840 385.358275 382.027486 255.884740 332.677021 
115.000000 2.000000 3.000000 a 165.469030 138.946033 97.293371 48.083261 330.830772 88.459030 251.477633 345.606713 369.033874 232.422030 110.390217 95.273291 148.485690 272.000000 158.483438 318.215336 144.222051 399.249296 95.078915 79.931220 328.184399 305.458672 250.639183 233.805475 192.002604 169.248338 343.470523 309.593282 253.810953 251.199124 
242.000000 3.000000 2.000000 a 351.980113 224.008928 200.089980 252.178508 184.328511 148.838839 133.719856 266.101484 325.084604 373.975935 312.473999 110.675200 312.745903 419.869027 157.876534 195.000000 259.695976 400.232432 203.199409 197.425935 359.806893 305.550323 371.098370 312.136188 299.547993 340.724229 368.209180 428.133157 192.961136 409.000000 
220.000000 5.000000 1.000000 a 166.931124 445.425639 262.427133 302.248242 469.012793 399.045110 406.552580 393.814677 355.178828 86.313383 302.971946 378.984169 165.027270 41.785165 471.161331 435.555967 200.324736 300.629340 260.049995 390.861868 231.224999 276.573679 96.301610 173.692257 163.306460 147.054412 244.920395 68.600292 349.161854 64.536811 
202.000000 1.000000 4.000000 a 87.132084 361.941984 189.002645 218.805850 422.616848 317.416131 352.881000 365.403886 341.400059 35.777088 222.607278 301.066438 82.873397 43.863424 389.077113 392.322571 132.196823 309.457590 186.043006 307.611768 230.991342 258.822333 75.894664 142.425419 109.931797 63.600314 247.386338 105.773343 304.630924 20.615528 
100.000000 2.000000 1.000000 a 358.258287 454.009912 245.985772 375.634131 175.823775 366.240358 168.291414 61.000000 29.614186 288.043400 427.804862 310.847229 302.775494 320.975077 420.880030 139.283883 234.437625 112.805142 249.256896 399.091468 121.564798 65.802736 254.072824 180.161039 220.585584 324.228315 116.107709 278.001799 106.174385 332.388327 
273.000000 1.000000 1.000000 a 317.505905 380.447105 184.097800 312.272317 135.723985 292.035957 100.344407 74.846510 105.109467 268.287160 368.195600 236.027541 261.598930 308.185009 345.081150 99.824847 188.600106 177.341479 187.856328 326.957184 153.287312 90.138782 242.012396 163.783394 190.065778 286.762968 156.262599 280.659937 31.144823 313.159704 
272.000000 8.000000 5.000000 a 87.920419 287.116701 94.000000 152.322027 340.865076 230.488611 266.647708 302.248242 295.255821 85.615419 180.488227 208.127365 31.906112 129.282636 303.145180 313.912408 43.011626 291.290233 91.049437 228.973798 212.002358 215.418198 101.833197 108.004630 58.008620 57.489129 229.002183 160.430670 227.969296 115.156415 
237.000000 9.000000 1.000000 a 226.812698 328.539191 107.116759 236.135554 211.009478 245.546330 147.231111 163.670401 168.315181 183.575598 287.210724 196.124960 170.856665 226.433213 310.098371 179.980555 98.183502 199.077874 110.018180 270.379363 138.293167 102.357218 163.572614 90.005555 102.474387 196.022958 150.426062 212.037732 92.282176 227.633477 
180.000000 9.000000 3.000000 a 180.235956 305.118010 76.059187 198.909527 251.956345 228.035085 182.148291 210.240339 210.544532 145.523194 245.985772 185.607112 124.326184 190.433716 297.200269 223.006726 51.623638 227.343353 77.620873 245.523930 156.262599 137.003650 133.060137 74.094534 63.953108 149.906638 171.233758 188.098379 136.033084 187.877620 
257.000000 4.000000 3.000000 a 198.305320 467.428069 269.208098 326.252969 452.733917 414.161804 395.464284 369.195070 324.784544 99.403219 333.803835 388.479086 185.270073 68.095521 486.836728 417.892331 205.243758 263.030416 267.441582 410.838168 198.403629 249.559612 90.027773 158.808060 161.616831 172.817823 210.639502 37.643060 333.624040 96.602277 
151.000000 2.000000 3.000000 a 174.888536 362.926990 137.186005 240.520269 302.001656 292.035957 240.875487 234.439758 211.376441 97.948966 275.535842 254.017716 123.685084 136.418474 363.110176 268.888453 81.006173 195.739623 137.207871 303.059400 116.038787 128.798292 70.837843 12.369317 38.118237 138.884844 133.093952 119.205705 182.148291 142.902064 
184.000000 6.000000 3.000000 a 288.293253 143.836713 156.923548 172.409396 253.842471 63.007936 186.043006 311.237851 358.046086 331.320087 230.341051 38.470768 258.118190 375.692694 92.444578 255.096060 221.000000 417.464969 158.596973 111.606451 362.745090 318.954542 337.326252 292.957335 267.439713 283.933091 374.386164 397.005038 224.207493 360.099986 
100.000000 5.000000 4.000000 a 132.003788 416.832100 263.615250 273.534276 497.562056 382.478758 428.896258 434.609020 403.862600 103.445638 262.001908 371.747226 152.266214 67.357256 452.382581 466.469720 208.482613 358.615393 260.432333 366.589689 284.822752 322.490310 133.734812 210.000000 184.390889 126.435754 299.848295 129.448832 378.794139 59.093147 
217.000000 4.000000 4.000000 a 204.831638 475.892845 278.958778 334.341143 462.291034 423.387529 405.345532 377.915334 332.568790 108.166538 340.649380 398.131888 193.659495 74.404301 496.037297 427.351144 215.034881 268.938655 277.156995 419.539033 205.876176 258.056195 100.019998 168.668314 171.607109 180.346888 217.706224 47.074409 343.284139 102.396289 
136.000000 3.000000 4.000000 a 52.201533 332.200241 176.739922 188.480768 424.982353 293.127958 351.957384 377.127299 359.339672 64.007812 188.215302 281.939710 63.126856 78.236820 363.675680 396.676190 127.910125 335.161155 173.277235 279.588984 255.519080 276.799566 104.388697 159.881206 119.004202 36.496575 272.325173 140.730238 309.607816 50.931326 
157.000000 8.000000 5.000000 a 230.971860 358.733885 132.672529 258.627145 228.300241 277.346354 172.026161 162.640708 152.427032 171.405951 305.865984 229.200785 175.316856 211.092397 343.052474 194.537914 107.703296 169.540556 134.937022 299.901651 104.809351 77.000000 145.230851 67.357256 95.587656 197.496835 117.660529 187.808413 108.683025 216.363121 
117.000000 4.000000 3.000000 a 237.134983 136.194714 114.284732 124.679589 272.121296 48.083261 196.697738 310.195100 347.857730 284.416947 185.000000 17.029386 208.492206 327.983231 113.278418 266.390691 177.507746 396.687534 115.121675 86.313383 335.335653 298.439274 293.470612 256.222560 225.499446 233.683547 348.432203 353.475600 218.826415 311.207326 
185.000000 8.000000 3.000000 a 383.923169 115.918075 288.300191 244.174118 370.850374 136.191042 316.622804 447.465082 499.308522 451.824081 280.016071 172.586210 369.693116 492.918857 63.529521 381.250574 350.486804 561.381332 288.820013 149.833241 505.887339 462.897397 465.172011 430.592615 399.011278 390.717289 517.904431 525.140933 364.725924 472.704982 
223.000000 4.000000 5.000000 a 347.634866 220.617316 196.040812 247.729691 186.131674 144.806768 133.824512 266.176633 324.499615 370.137812 308.058436 106.230881 308.561177 416.012019 155.193428 196.002551 255.863245 398.870906 199.123078 193.403723 357.694003 303.863456 367.535032 309.025889 295.967904 336.507058 366.259471 424.699894 191.942700 405.004938 
251.000000 2.000000 5.000000 a 413.303762 445.091002 273.250801 397.280757 87.458562 356.237280 120.668969 38.000000 108.931171 362.463791 455.923239 299.327580 357.502448 400.679423 397.035263 58.830264 284.253408 207.171427 277.272429 397.226636 218.506293 156.923548 333.736423 255.783111 285.700893 382.890324 214.597297 366.616966 102.859127 407.456746 
266.000000 8.000000 1.000000 a 123.975804 162.689889 147.526269 29.966648 403.317493 151.211772 323.396042 406.076348 419.752308 219.804459 36.769553 171.327172 135.151767 250.331780 210.116634 387.856932 168.077363 434.936777 143.840189 119.268604 358.247121 348.116360 248.696602 255.978515 207.424685 143.627992 374.766594 302.248242 316.622804 224.644163 
286.000000 1.000000 3.000000 a 392.020408 364.145575 234.968083 342.841071 34.885527 277.713882 45.967380 124.482931 194.612435 368.228190 404.665294 222.991031 339.487850 411.752353 308.014610 41.677332 267.917898 286.251638 239.207023 322.981424 273.190410 209.344214 348.769265 272.809457 286.400070 367.609848 275.056358 394.000000 98.183502 411.500911 
133.000000 5.000000 4.000000 a 221.776915 349.995714 123.227432 248.726758 232.124966 269.258240 173.141561 170.590152 162.262134 165.157501 295.819202 221.923410 166.003012 205.827598 335.600954 199.077874 97.800818 178.843507 125.399362 291.001718 112.329871 87.005747 140.730238 63.953108 87.692645 188.605408 125.781557 185.690603 112.271991 209.995238 
130.000000 3.000000 2.000000 a 282.561498 434.774654 207.781135 330.800544 252.126952 353.160020 216.333077 153.378617 109.622078 198.305320 374.108273 303.980263 230.063035 227.070474 417.968898 215.020929 173.046237 94.725920 209.764153 375.856356 34.928498 32.984845 161.335055 95.519631 143.610585 246.677928 43.139309 180.944743 145.151645 241.205307 
244.000000 5.000000 1.000000 a 179.479804 168.609015 61.032778 92.439169 285.159604 95.131488 205.455591 298.879574 324.556621 223.948655 154.262763 72.111026 147.800541 267.217140 167.409677 271.503223 120.253898 360.190228 60.440053 109.252002 292.479059 264.370952 234.795656 204.606940 169.008876 173.487752 306.960910 294.810108 206.903359 250.343764 
137.000000 2.000000 3.000000 a 302.001656 420.933486 201.635810 330.013636 205.294910 335.737993 173.994253 108.337436 79.705709 229.941297 378.910280 283.114818 247.000000 263.501423 396.353378 168.107109 181.176709 111.018017 204.413796 363.628932 79.762146 15.811388 196.430649 122.024588 163.370744 267.447191 81.932899 223.617978 102.883429 274.361076 
Type de surveillance de chaque endroit(target):tab[nombre de target]
a a a a a a a a a a a a a a a a a a a a a a a a a a a a a a 