Nombre des capteurs:
100
Nombre des targets:
30
Nombre de type de surveillance:
1

Caracteristiques:
207.000000 3.000000 1.000000 a 340.282236 323.542887 173.539621 255.068618 315.483756 160.028123 468.846457 95.524866 301.877459 347.959768 52.839379 280.030355 491.586208 195.064092 318.628310 233.117996 471.815642 430.425371 363.323547 377.242627 384.911678 316.115485 314.226033 307.327187 427.141663 498.623104 207.118324 232.310138 375.666075 311.464284 
215.000000 8.000000 4.000000 a 224.722051 193.256306 209.093281 132.966161 314.607692 109.786156 318.680090 132.094663 169.664375 244.752937 106.075445 230.991342 355.326610 119.808180 317.200252 124.531121 348.209707 340.308683 214.401493 223.544179 275.748073 160.415087 280.303407 300.655950 313.269852 369.579491 125.992063 156.984076 224.207493 166.979041 
134.000000 9.000000 5.000000 a 34.205263 290.024137 258.306020 75.272837 262.488095 307.371111 163.710110 251.286689 34.525353 67.955868 289.748167 156.847059 162.114157 304.795013 263.321097 282.888671 145.382255 158.404545 249.803923 116.249731 81.492331 117.034183 198.040400 246.657657 112.178429 169.248338 305.601047 330.796010 243.526179 60.827625 
262.000000 2.000000 1.000000 a 138.809222 461.982684 299.879976 220.617316 213.564978 460.179313 260.317114 342.498175 202.765875 109.178753 410.701838 163.600122 189.169236 464.424375 212.207446 449.074604 129.468143 14.764823 418.951071 269.584866 92.763139 287.897551 156.722685 203.887224 89.988888 160.639348 467.189469 494.776717 410.761488 232.658548 
185.000000 2.000000 2.000000 a 138.956828 316.393742 119.419429 83.240615 175.308300 250.798724 302.324329 119.549153 126.178445 139.517024 184.089652 86.023253 299.081929 264.909418 177.552809 266.189782 268.828942 220.184014 309.297591 233.085821 177.341479 194.833262 135.103664 160.178026 220.238507 298.750732 271.228686 302.120837 311.451441 155.270731 
269.000000 1.000000 4.000000 a 305.221231 136.704060 293.482538 217.264815 408.090676 42.011903 360.417813 206.496973 243.971310 329.611893 140.057131 325.731485 414.754144 26.570661 410.760271 44.721360 418.466247 426.616924 188.732615 262.937255 356.876729 199.912481 375.150636 394.494613 390.663538 435.041377 31.144823 62.289646 204.452929 229.368699 
201.000000 8.000000 1.000000 a 85.094066 261.451716 206.322563 7.280110 243.772435 247.523736 218.686991 186.171964 41.725292 106.569226 221.840032 137.927517 229.421010 249.649755 245.358921 235.127625 212.398211 203.541151 238.438671 145.784087 136.066160 112.641023 187.747170 227.694971 174.002874 237.191905 252.239965 279.958926 237.255137 68.007353 
255.000000 7.000000 4.000000 a 164.210231 162.188162 274.869060 98.412398 339.377371 191.859323 210.090457 222.463480 100.124922 194.620143 217.276322 236.088966 258.627145 181.011049 341.234523 152.554908 264.357712 289.849961 141.155942 113.176853 213.887821 49.091751 286.776917 323.519706 242.043385 279.302703 179.546651 201.804361 142.898565 75.690158 
180.000000 5.000000 4.000000 a 229.392676 376.585980 478.674211 290.263673 455.702754 475.960082 76.902536 469.776543 241.993802 246.894714 494.158881 362.096672 82.607506 459.570452 455.544729 420.743390 142.172431 259.208410 304.258114 174.450566 217.264815 238.449156 388.856014 441.616349 188.512599 113.534136 455.197759 469.975531 287.088836 228.965063 
290.000000 9.000000 4.000000 a 303.817379 88.255311 328.568106 222.443251 433.779898 87.418534 334.044907 245.540221 240.160363 331.531296 186.303516 344.072667 396.504729 56.080300 436.271704 10.049876 406.941028 428.458866 143.586211 238.472221 354.790079 179.337670 394.822745 419.386457 384.849321 420.107129 47.507894 60.008333 160.312195 218.826415 
211.000000 5.000000 4.000000 a 270.490296 488.574457 104.062481 256.001953 59.135438 388.401854 450.976718 195.181966 289.504750 249.112424 283.621226 134.833230 419.153910 412.433025 61.684682 426.203003 370.482118 270.977859 486.457603 399.801201 280.232047 370.021621 112.538882 64.350602 316.551734 404.544188 421.455810 452.739439 488.821031 324.211351 
183.000000 7.000000 3.000000 a 289.471933 73.552702 332.063247 211.645931 431.170500 108.374351 311.969550 252.343021 225.424045 318.323735 199.684752 338.119801 376.198086 78.816242 433.555071 32.893768 388.566597 414.772227 121.696343 217.057596 339.889688 159.389460 389.240286 416.403650 368.456239 400.670688 70.710678 81.498466 137.974635 201.801883 
184.000000 3.000000 3.000000 a 216.363121 534.259300 287.006969 278.454664 162.864975 503.765819 359.388369 352.618774 275.334342 182.496575 433.129311 170.762994 289.015571 514.417146 160.365208 507.220859 229.078589 113.635382 499.985000 359.167092 181.796590 366.878727 134.450734 160.327789 189.084637 259.113875 519.211903 548.916205 493.973684 310.040320 
289.000000 6.000000 5.000000 a 266.507036 71.568149 385.032466 215.615398 457.318270 210.069036 231.821052 319.595056 206.455806 299.736551 286.722863 353.752739 309.614276 181.207064 459.184059 133.962681 335.440010 388.973007 25.179357 149.164339 310.517310 115.364639 404.163333 441.470271 328.803893 339.824955 172.534055 176.776695 36.619667 171.825493 
183.000000 4.000000 4.000000 a 208.396257 357.526223 456.859935 267.262044 437.439139 453.442389 55.226805 446.768396 219.000000 227.343353 470.838614 342.125708 70.710678 437.535141 437.384270 399.270585 130.648383 246.050808 286.225436 152.082215 199.248588 215.800834 370.449727 423.104006 173.277235 105.650367 433.364742 448.683630 269.466139 205.642894 
106.000000 6.000000 3.000000 a 272.836948 467.657995 72.801099 246.357464 89.274856 359.450970 451.837360 164.295466 284.017605 255.162693 251.872984 139.846344 426.985948 384.886996 92.195445 401.277959 381.473459 288.600069 470.255250 393.954312 288.820013 359.172660 130.084588 89.988888 327.466029 415.226444 394.342491 425.440948 473.828028 316.925859 
254.000000 3.000000 5.000000 a 226.612003 374.706552 475.862375 287.445647 453.110362 473.482840 74.525164 466.958242 239.175668 244.198690 491.427512 359.380022 80.399005 457.192520 452.960263 418.469832 140.089257 257.031127 302.524379 171.991279 214.671843 235.936432 386.249919 439.004556 186.131674 111.758669 452.858698 467.736037 285.411983 226.214500 
206.000000 7.000000 1.000000 a 234.200769 275.800653 131.095385 148.922799 253.464001 158.256122 366.836476 49.162994 196.224361 243.528232 73.334848 190.706581 385.498379 182.131820 256.363024 200.504364 365.578993 330.024242 295.787086 278.958778 279.873186 221.686716 233.452351 241.478778 321.707942 392.220601 191.541118 222.643212 304.396123 208.700743 
254.000000 1.000000 3.000000 a 290.001724 215.538860 218.835555 198.022726 344.622982 67.955868 385.945592 128.413395 237.446836 307.371111 57.558666 275.960142 423.985849 96.462428 347.506834 127.062977 415.779990 400.810429 255.837839 289.746441 340.211699 225.694484 321.603794 332.453004 379.047490 437.824166 107.447662 136.956197 268.923781 235.637433 
192.000000 3.000000 5.000000 a 138.654246 204.501834 327.995427 127.094453 360.733974 275.771645 124.233651 292.714878 92.135769 172.629661 300.221585 253.444274 180.897761 261.222128 361.935077 226.002212 198.929636 254.678228 150.814456 27.802878 176.476627 38.078866 299.107004 344.640392 191.313878 206.886442 257.939915 276.016304 141.675686 56.222771 
245.000000 8.000000 2.000000 a 286.504799 92.655275 423.170179 246.018292 489.200368 249.098374 223.289050 360.069438 230.315002 320.370098 328.342809 384.002604 307.746649 218.689277 490.918527 170.742496 340.330722 405.009876 19.104973 154.301653 326.753730 137.295302 433.567757 473.207143 340.242561 340.543683 209.229539 209.773688 8.944272 193.775643 
211.000000 8.000000 4.000000 a 135.558106 453.854602 324.918451 224.116041 246.564393 465.236499 233.077240 360.722885 199.123078 111.803399 424.075465 187.949461 157.114608 466.804027 245.348731 448.017857 97.046381 28.319605 406.177301 252.507426 84.528102 278.001799 187.323250 236.190601 66.287254 126.889716 468.676861 495.104029 396.687534 225.037775 
241.000000 5.000000 4.000000 a 95.524866 273.190410 183.480244 19.104973 225.328649 244.167975 240.669898 166.234774 63.411355 110.765518 208.079312 121.334249 247.329739 249.577643 227.070474 239.401337 226.241022 205.681793 255.211677 168.573426 144.055545 133.033830 172.177234 209.353768 184.317661 252.733061 253.237043 282.115225 255.154855 90.757920 
138.000000 7.000000 1.000000 a 86.406018 369.120577 331.605187 174.155103 293.863914 406.542741 139.086304 342.147629 134.014925 90.520716 388.301429 204.804785 82.855296 401.920390 293.615395 376.172833 45.607017 107.200746 315.407673 158.549677 56.080300 193.744677 227.270764 280.071419 31.622777 74.330344 401.795968 425.292840 304.474958 147.959454 
242.000000 2.000000 2.000000 a 69.856997 350.142828 185.913959 91.934759 171.236678 322.181626 250.169942 207.125566 100.687636 55.605755 270.066658 66.219333 226.152603 329.705930 172.104619 320.412234 187.408644 133.093952 323.783879 206.242576 93.193347 192.771886 107.563934 155.389832 135.830777 219.456146 333.781366 362.943522 320.781857 138.050715 
297.000000 3.000000 5.000000 a 60.671245 359.261743 203.216633 103.600193 177.225845 338.496676 240.665743 226.530351 103.754518 39.051248 289.006920 76.941536 211.021326 344.820243 177.766701 333.654012 169.920570 114.354711 329.188396 204.071066 75.432089 196.773982 111.287915 161.805439 117.596769 202.474690 348.472381 377.190933 325.124592 140.630722 
106.000000 9.000000 4.000000 a 94.894678 392.949106 329.400971 186.324985 280.472815 423.190265 163.713164 347.070598 150.336290 89.067390 398.377961 197.994949 97.529483 420.301083 279.973213 396.445457 44.687806 82.734515 340.771184 184.567061 51.107729 217.002304 214.888343 267.419147 9.433981 78.600254 420.738636 445.112345 330.193882 168.573426 
134.000000 3.000000 3.000000 a 112.578861 380.801786 155.415572 123.004065 128.015624 334.414414 293.156955 194.126248 141.421356 92.357999 267.525700 23.259407 264.236636 346.208030 129.003876 342.476277 220.635446 145.065502 360.080547 249.018072 126.732001 231.458420 66.483081 112.071406 167.092789 253.899586 351.602048 381.871706 358.336434 178.538511 
186.000000 7.000000 4.000000 a 396.807258 76.157731 448.432827 326.833291 550.877482 184.328511 377.180328 364.533949 333.121599 427.929901 298.543129 457.017505 455.834400 149.030198 553.263048 117.881296 479.551874 522.227920 144.678955 294.767705 444.932579 251.668433 508.253874 536.106333 468.241391 485.535787 137.003650 113.771701 162.249807 303.713681 
146.000000 7.000000 3.000000 a 384.610192 103.464970 397.609105 304.277834 510.800352 119.079805 398.005025 309.741828 320.663375 412.912824 236.323930 424.273497 467.822616 86.400231 513.401402 74.518454 482.995859 509.659690 178.731642 306.674094 435.221783 252.744931 474.658825 496.855110 463.880373 493.821830 75.610846 46.529560 197.408207 297.168302 
276.000000 4.000000 3.000000 a 184.200977 342.814819 432.224479 242.639651 414.892757 432.445372 40.162171 422.152816 194.370780 204.083316 447.180053 318.454078 58.591808 417.573946 414.914449 380.433963 115.948264 228.315571 273.338618 132.098448 177.293542 194.805031 347.850543 400.384815 154.051939 95.880134 413.806718 430.118588 257.280003 181.835090 
148.000000 9.000000 3.000000 a 280.692002 368.266208 67.230945 212.602916 209.652093 234.138848 437.343115 44.102154 260.403533 279.084217 119.816526 189.391130 440.600726 263.761256 212.809774 289.088222 409.939020 348.554156 388.659234 357.261809 317.094623 305.452124 215.392665 202.410474 360.013889 440.323745 274.492259 304.322198 396.742990 281.811994 
246.000000 8.000000 5.000000 a 289.927577 275.495916 165.559657 201.757280 300.166620 126.873953 411.666127 74.276510 247.386338 300.815558 15.811388 246.716436 437.388843 158.151826 303.199604 189.023808 420.637611 388.046389 309.583591 319.452657 336.732832 258.141434 287.088836 289.606630 378.163986 446.202869 169.446157 198.217053 321.056070 254.848975 
140.000000 9.000000 4.000000 a 165.704556 277.650860 131.643458 85.146932 218.000000 201.943061 309.142362 94.366308 133.416641 174.522205 141.088625 134.792433 319.889043 216.748702 220.494898 220.639978 297.321375 262.488095 279.402935 228.442553 210.829315 179.334882 183.095603 203.666394 252.744931 324.722959 223.463644 254.562370 284.015845 152.800524 
262.000000 9.000000 2.000000 a 227.846440 100.647901 351.320367 176.618232 418.960619 204.707108 210.059515 290.580454 167.200478 260.863949 266.597074 314.841230 281.469359 180.753976 420.773098 137.266165 302.793659 351.135302 61.400326 119.641130 272.809457 77.233412 365.086291 403.053346 292.882229 309.672408 174.183811 185.153990 64.007812 133.056379 
127.000000 1.000000 2.000000 a 211.728600 289.013840 112.538882 131.015266 226.982378 183.853202 353.578846 49.819675 179.201004 218.680132 101.434708 161.919733 366.398690 205.419084 229.819494 219.419689 343.402097 303.059400 302.120837 269.608976 255.632549 216.060177 204.882893 214.515734 297.941269 371.109148 214.114455 245.464865 309.147214 196.022958 
211.000000 8.000000 1.000000 a 136.894120 400.005000 380.788655 223.141211 334.320206 451.004435 133.255394 392.674165 180.737379 139.312598 437.652830 251.310565 49.162994 444.227419 333.766385 415.600770 11.045361 128.413395 340.352758 182.482876 102.552426 228.484135 268.927500 321.400062 63.513778 24.758837 443.289973 465.295605 327.433963 189.319835 
173.000000 2.000000 3.000000 a 411.806994 466.267091 170.847886 344.524310 291.336575 305.001639 569.148487 167.409677 392.495860 407.795292 193.341666 307.782391 572.223732 340.119097 294.287275 377.344670 539.459915 468.923235 499.960998 486.806943 445.623159 431.956016 320.632188 290.552921 488.267345 570.601437 352.171833 377.084871 510.564394 412.665724 
119.000000 8.000000 3.000000 a 247.832605 90.824006 312.116965 173.242604 401.159569 132.400906 273.075081 239.470249 183.698122 277.353565 201.357890 304.253184 334.484678 110.367568 403.386911 72.006944 345.908948 373.359076 109.384642 176.819117 297.892598 117.345643 355.562934 385.954661 325.897223 358.365735 105.323312 122.036880 121.803120 159.176003 
149.000000 3.000000 4.000000 a 156.984076 167.630546 302.019867 111.462998 354.595544 224.109348 175.570499 255.415348 96.260064 189.842040 253.464001 248.646335 230.054341 210.052374 356.202190 176.555940 241.896672 281.044480 129.769026 78.000000 203.039405 13.601471 297.889241 338.529172 225.942471 253.568531 207.195560 226.565664 126.873953 62.241465 
265.000000 8.000000 2.000000 a 178.910592 359.005571 71.840100 134.123078 138.538803 273.239821 349.857114 104.938077 175.559107 171.711968 186.625293 80.000000 339.484904 292.569650 141.226768 300.727451 303.527593 237.446836 357.106427 283.670584 209.403916 245.601303 116.245430 125.207827 251.962299 335.219331 300.374766 331.748399 360.169405 205.934456 
284.000000 5.000000 5.000000 a 142.003521 397.412884 132.774244 143.251527 101.493842 338.378486 322.552321 183.095603 167.191507 121.593585 262.253694 6.324555 293.206412 353.000000 102.825094 353.158605 248.316331 165.314851 381.083980 276.146700 155.080624 254.950976 47.634021 85.375641 194.465935 281.858120 359.261743 390.083324 380.360355 203.796467 
284.000000 2.000000 1.000000 a 233.002146 315.179314 89.899944 157.206870 216.813284 198.002525 381.209916 22.825424 205.455591 236.545979 99.729635 165.894545 390.308852 223.015695 219.804459 241.598841 364.313052 315.835400 331.074010 298.774162 274.191539 245.977641 203.686033 205.805734 316.966875 393.117031 232.594067 263.609560 338.498154 224.321198 
245.000000 4.000000 1.000000 a 48.764741 276.003623 242.853866 53.310412 258.069758 285.910825 178.339564 231.008658 15.620499 79.309520 267.555602 151.013244 183.371208 284.253408 259.156323 263.928020 167.725967 174.264167 240.520269 119.104996 99.724621 107.540690 195.734514 242.033056 133.221620 191.481070 285.440011 311.245884 235.764713 50.990195 
176.000000 7.000000 2.000000 a 99.729635 417.231351 235.053185 164.468842 167.451486 399.260567 261.191501 275.138147 157.746632 65.741920 344.398026 98.086696 209.859477 406.073885 166.883193 394.697352 156.780101 63.245553 382.510131 245.458754 76.164296 249.377224 102.800778 154.777259 103.788246 190.895259 409.765787 438.463225 376.830200 192.520129 
167.000000 2.000000 1.000000 a 207.562039 187.323250 398.760580 199.744837 434.557246 303.764712 117.153745 356.186749 166.048186 240.968878 350.955838 327.299557 201.258540 281.538630 435.717799 238.449156 237.124440 314.197390 116.180893 60.745370 238.379949 91.285267 372.376154 418.478195 244.008197 234.795656 275.281674 285.954542 100.244701 130.138388 
263.000000 5.000000 2.000000 a 225.248751 131.320219 270.822820 142.874070 362.415507 121.276543 278.280434 199.007538 162.225152 252.232036 167.585799 268.029849 329.802971 110.222502 364.725924 87.709749 334.055385 349.292141 146.741269 180.568547 276.568256 116.481758 319.200564 347.432008 308.293691 350.091417 109.658561 134.406101 156.952222 144.779142 
220.000000 1.000000 1.000000 a 380.648131 76.321688 415.779990 305.452124 522.560044 147.085009 378.272389 330.360409 316.526460 410.527709 262.101126 431.613253 452.305207 112.040171 525.038094 85.000000 471.551694 506.273641 151.753089 290.477194 430.162760 241.234326 482.598177 508.107272 456.207190 480.102072 100.124922 76.295478 170.317351 289.836161 
240.000000 8.000000 2.000000 a 228.319951 461.469392 104.355163 220.004545 38.470768 374.252589 408.897298 188.608059 250.511477 206.247424 277.146171 92.720009 376.107697 395.433939 41.593269 404.813537 327.615628 229.956518 454.367693 360.513523 237.185581 334.013473 70.936591 32.062439 273.649411 361.653149 403.628542 435.028735 455.623748 286.062930 
292.000000 7.000000 2.000000 a 175.282629 178.000000 234.008547 89.888820 313.665427 159.113167 254.190873 174.977141 114.271606 200.638979 169.008876 216.363121 293.586444 156.467249 315.835400 140.356688 291.015464 297.808663 176.045449 159.260792 226.920691 96.938125 267.660232 298.332030 260.909946 310.091922 158.145503 185.224188 181.540629 104.737768 
299.000000 5.000000 2.000000 a 92.962358 322.778562 342.242604 160.654910 325.564126 376.702801 93.193347 338.427245 113.718952 113.885908 373.065678 227.343353 76.321688 368.195600 325.751439 338.280948 80.622577 158.240324 265.424189 107.415083 92.005435 150.615404 258.565272 310.721740 84.118963 92.048900 366.786041 388.105656 253.600079 114.437756 
273.000000 4.000000 2.000000 a 328.876877 458.981481 78.816242 279.062717 179.471446 323.630963 499.840975 134.629120 323.854906 318.352006 206.939605 208.904284 488.795458 354.302131 182.395175 380.494415 449.384023 367.535032 476.037814 428.700362 354.938023 382.958222 213.377600 179.359973 396.275157 482.104760 365.242385 394.684684 482.995859 351.126758 
252.000000 5.000000 1.000000 a 237.497368 111.682586 290.353233 158.382449 381.540299 122.384640 277.708480 217.517815 173.726797 265.685905 181.595705 286.220195 334.023951 105.683490 383.824178 75.584390 341.621135 362.415507 129.973074 180.269243 288.360885 117.720007 337.468517 366.481923 318.454078 356.025280 103.000000 124.535136 141.364776 152.829971 
231.000000 8.000000 2.000000 a 310.357858 247.163913 208.197022 219.203102 341.203751 86.884981 415.808850 116.726175 261.457454 325.001538 31.016125 281.952124 450.041109 120.415946 344.200523 156.697160 438.634244 415.927878 289.471933 320.440322 359.356369 256.844311 324.696782 330.151480 399.449621 462.087654 132.242202 159.304739 302.696217 262.944861 
133.000000 7.000000 3.000000 a 239.793661 392.449997 11.180340 190.538710 141.792101 281.325434 410.019512 87.726849 234.412030 231.294185 176.479461 128.514591 400.232432 306.497961 144.931018 323.482612 363.022038 289.698119 400.061245 340.565706 268.600074 297.865742 148.030402 133.794619 310.736223 395.140481 315.963605 347.051869 405.149355 262.771764 
148.000000 8.000000 2.000000 a 229.995652 484.406854 139.778396 235.512208 8.000000 405.202419 409.469169 222.784649 260.622332 204.004902 310.937293 99.322706 369.059616 425.027058 9.486833 431.983796 317.294816 212.433519 472.688058 369.001355 231.008658 348.208271 59.464275 8.246211 264.007576 351.415708 432.781700 464.140065 472.708155 297.321375 
288.000000 9.000000 4.000000 a 328.896640 166.832251 289.698119 238.665037 412.316626 7.211103 393.680073 199.529446 269.564464 351.262010 122.576507 336.725407 445.279687 29.274562 415.120464 73.925638 446.252171 447.599151 222.928240 296.015202 380.465504 232.361787 384.610192 399.520963 415.924272 464.211159 41.436699 67.268120 239.002092 258.094944 
265.000000 6.000000 1.000000 a 134.951843 456.968270 268.208874 207.171427 179.694185 442.909697 277.735486 315.158690 196.596033 101.862653 386.745394 133.180329 213.721782 449.499722 178.392825 437.360263 155.467038 39.824616 418.884232 275.485027 97.862148 286.162541 122.873919 169.852878 109.041277 188.215302 453.054081 481.568271 412.098289 229.630137 
278.000000 8.000000 1.000000 a 165.302753 240.251951 383.928379 182.463695 400.910214 335.216348 65.375837 354.685776 139.459672 196.725697 364.243051 295.083039 142.351677 317.737313 401.717562 278.741816 177.800450 260.731663 173.104015 36.235342 187.840358 99.849887 336.072909 385.093495 188.151535 175.276924 313.198020 328.092975 158.404545 110.639053 
206.000000 8.000000 4.000000 a 217.147415 488.848647 165.326949 234.557029 34.132096 419.869027 394.068522 243.823707 254.379638 188.533817 330.727985 96.384646 348.367622 437.704238 32.202484 441.512174 294.715117 186.206874 472.382260 360.251301 212.084889 344.688265 46.872167 31.064449 242.266382 328.709598 444.838173 476.034663 471.189983 291.624759 
250.000000 7.000000 3.000000 a 323.068104 169.094648 282.816195 232.596217 405.246838 9.055385 390.325505 192.774480 264.092787 345.144897 116.726175 329.778714 440.844644 34.014703 408.050242 76.059187 441.113364 441.367194 223.331592 292.617498 374.598452 228.740027 377.604290 392.449997 410.308421 459.393078 46.010868 73.246160 239.106671 253.284425 
240.000000 8.000000 1.000000 a 230.625237 388.108232 20.000000 182.362277 138.311243 280.601140 401.209422 89.202018 225.853935 222.081066 178.044938 119.870764 391.035804 304.962293 141.421356 320.655578 353.816337 281.016014 394.248653 332.415403 259.401234 290.477194 141.031911 129.468143 301.559281 385.923568 314.200573 345.398321 399.020050 254.593794 
185.000000 7.000000 3.000000 a 294.715117 341.474743 107.912001 217.423550 249.689808 197.327140 439.965908 38.910153 265.663321 297.659201 80.529498 219.020547 451.774280 228.711609 252.833938 257.939915 425.973004 374.172420 368.663803 354.407957 335.440010 298.157676 250.217905 241.596772 378.292215 454.834036 239.927072 268.821502 378.343759 282.136492 
272.000000 9.000000 5.000000 a 334.095795 404.835769 102.489024 266.112758 238.549785 255.978515 490.800367 90.824006 314.035030 331.421182 138.462991 236.400085 494.231727 288.849442 241.677471 320.306104 462.715896 397.182578 431.740663 409.453294 369.384623 355.984550 256.035154 234.337364 412.215963 493.425780 300.389747 328.298645 441.077091 334.690902 
254.000000 1.000000 5.000000 a 166.400120 487.201190 274.774453 234.710460 170.801054 466.958242 308.301800 329.548176 227.114509 132.909744 405.004938 145.086181 240.831892 475.117880 169.011834 464.840833 181.463495 64.195015 450.405373 307.683279 130.000000 317.505905 123.016259 163.453357 138.437712 212.983567 479.150290 508.150568 443.860338 260.823695 
235.000000 5.000000 3.000000 a 169.955877 178.058979 347.403224 149.656273 388.171354 266.507036 134.647688 305.001639 120.220631 203.953426 303.448513 280.944834 202.829978 248.356598 389.493261 209.497017 226.311732 286.162541 120.253898 41.000000 208.038458 39.824616 327.727021 372.049728 221.822001 231.486501 243.772435 259.023165 110.344914 83.024093 
203.000000 9.000000 2.000000 a 243.526179 226.019911 183.174780 152.069063 300.660939 110.634533 352.346420 98.994949 194.280725 259.378102 69.202601 227.481867 383.272749 131.244047 303.448513 148.367786 371.382552 352.012784 252.200317 258.822333 293.015358 196.824795 274.045617 287.793329 332.663494 394.867066 140.132081 171.420536 262.545234 197.253644 
206.000000 3.000000 5.000000 a 241.230181 93.680307 368.266208 192.924856 435.570890 213.600094 211.340957 306.811017 181.664526 274.554184 280.585103 331.157062 286.539701 187.664594 437.360263 142.351677 310.821492 363.496905 44.944410 125.251746 285.035086 90.027773 381.242705 419.640322 303.423796 316.026898 180.227634 188.509947 47.042534 146.649241 
294.000000 1.000000 5.000000 a 347.236231 24.186773 417.426640 281.113856 511.614112 176.510623 325.858865 338.141982 284.015845 378.936670 281.710845 414.468334 403.725154 140.943251 513.860876 97.862148 427.463449 472.297576 95.084173 242.571639 394.606133 200.339711 465.777844 496.452415 416.923254 433.335897 129.077496 116.606175 113.357840 253.402841 
126.000000 6.000000 4.000000 a 178.507703 339.312540 78.390050 123.308556 159.790488 252.126952 343.936041 90.022219 167.573864 175.353928 167.919624 95.351980 339.178419 271.309786 162.483845 279.737377 306.471858 247.759964 339.607126 273.344105 213.358853 231.836149 135.517527 146.454771 256.267438 337.259544 279.121837 310.497987 343.327832 195.542834 
150.000000 9.000000 2.000000 a 157.012738 413.512999 400.431018 242.860042 351.062672 469.128980 136.359818 412.797771 199.912481 159.012578 457.411194 270.174018 45.650849 461.624306 350.406906 432.047451 27.586228 140.943251 351.961646 195.000000 121.918005 243.971310 286.225436 338.462701 81.565924 9.055385 460.409600 481.876540 338.396217 207.009662 
209.000000 5.000000 3.000000 a 138.224455 190.057886 305.080317 107.228727 347.332694 247.735746 153.521985 265.452444 81.706793 171.819673 270.662151 240.351825 205.009756 234.691287 348.749194 201.717624 217.043774 260.353606 145.801235 57.428216 181.958787 13.892444 288.138855 331.209903 202.711618 228.396585 232.077573 251.718096 140.160622 44.721360 
147.000000 7.000000 5.000000 a 125.670203 212.896689 316.835920 115.433964 347.575891 275.746260 127.059041 284.007042 79.025312 159.665275 294.925414 240.299813 177.070607 262.840256 348.759229 229.427548 191.376592 242.909448 161.928997 35.510562 164.541788 40.199502 285.812876 331.489065 181.011049 201.246118 260.155723 279.458405 153.525242 43.737855 
101.000000 7.000000 1.000000 a 188.732615 510.627065 294.726992 259.059839 183.199345 491.529246 323.024767 352.279718 250.315801 155.666310 428.714357 167.764716 251.007968 499.705914 181.107703 489.248403 191.002618 76.902536 472.584384 327.713289 149.482440 339.942642 141.598023 177.611937 152.610616 220.818930 503.716190 532.680017 465.618943 283.439588 
127.000000 5.000000 2.000000 a 174.642492 292.909542 114.437756 99.035347 205.800875 209.200860 323.711291 81.835200 147.085009 180.488227 138.520757 128.798292 331.253679 226.278589 208.403455 233.006438 306.231938 265.001887 296.243143 244.597629 217.598254 196.379734 175.071414 191.942700 260.049995 334.539983 233.619349 264.915081 301.059795 168.362704 
140.000000 5.000000 5.000000 a 124.739729 448.178536 283.019434 204.088216 201.419959 443.040630 256.976653 324.581269 188.217959 93.744333 392.734007 146.413797 190.779978 447.770030 200.249844 433.202031 132.219514 17.029386 406.964372 260.000000 81.835200 275.109069 142.274383 190.939781 87.143560 164.842349 450.717206 478.539445 399.340707 219.276082 
228.000000 8.000000 4.000000 a 116.726175 338.498154 133.794619 87.823687 156.041661 284.411673 290.299845 151.795916 120.619236 110.639053 219.665655 55.443665 277.243575 296.811388 157.851196 294.884723 242.142520 185.690603 324.322370 230.852767 148.606864 201.717624 106.606754 140.132081 191.470624 273.426407 302.511157 333.024023 324.548918 154.728795 
153.000000 4.000000 2.000000 a 346.439028 162.542302 309.554519 256.889081 432.807116 22.825424 404.555311 219.045657 286.248144 369.529430 139.842769 357.022408 459.047928 24.207437 435.614508 72.138755 461.911247 466.126592 223.731983 307.174218 398.076626 244.296950 405.030863 420.030951 432.862565 479.000000 34.205263 52.038447 240.584704 273.089729 
156.000000 8.000000 3.000000 a 149.803204 332.861833 103.773792 100.662803 159.389460 260.860116 317.370446 115.412304 142.270868 146.686741 186.903719 76.967526 310.538242 276.739950 161.743624 280.223125 277.656262 221.650626 327.006116 250.145957 184.699756 212.762779 123.405835 144.585615 227.633477 308.415304 283.557754 314.669668 329.317476 172.409396 
241.000000 3.000000 5.000000 a 174.255559 422.640509 118.376518 172.467388 70.830784 352.647132 354.835173 183.521116 199.010050 152.502459 267.748016 38.832976 323.199629 369.871599 72.532751 373.567932 276.305990 185.399569 409.664497 308.365043 184.439692 285.411983 36.345564 54.817880 222.272355 310.161248 376.904497 408.074748 409.646189 235.306184 
188.000000 3.000000 2.000000 a 147.122398 448.447321 363.556048 239.133854 293.763510 478.037655 200.369658 391.203272 205.730406 133.180329 448.027901 227.481867 116.180893 475.988445 292.679005 452.673171 58.180753 75.716577 394.442645 236.915597 97.252249 272.800293 232.639206 282.780834 59.033889 82.219219 476.630884 501.243454 383.105730 224.875521 
225.000000 8.000000 1.000000 a 302.220118 259.470615 190.370691 212.049523 324.229857 103.846040 414.695069 98.994949 255.861291 315.310958 14.035669 267.529438 445.378491 136.473441 327.244557 170.496334 431.700127 404.772776 298.377278 320.494930 350.374086 257.689736 309.278192 313.408679 391.081833 456.070170 148.097941 175.934647 310.885831 259.855729 
159.000000 9.000000 2.000000 a 358.208040 42.107007 414.165426 287.987847 513.522151 161.771444 345.441746 332.280002 294.429958 389.185046 271.184439 418.724253 421.544778 125.876924 515.865292 87.022985 443.257262 483.707556 116.726175 259.886514 406.595622 214.219514 469.996808 498.623104 430.572874 450.344313 113.758516 97.616597 135.203550 265.452444 
213.000000 3.000000 1.000000 a 158.808060 213.025820 200.359677 67.468511 278.643141 173.669226 264.017045 148.124947 104.393486 179.977776 158.354034 183.043711 292.514957 177.611937 280.855835 168.772036 282.704793 276.394645 210.466149 174.000000 210.011904 117.136672 234.200769 263.412224 247.244818 304.960653 181.245690 210.304541 215.037206 107.042048 
172.000000 3.000000 2.000000 a 171.493440 188.366664 223.020178 83.630138 303.275452 160.900590 258.791422 165.084827 112.160599 195.576072 163.003067 206.816344 294.945758 160.648685 305.473403 147.410990 290.110324 292.656796 187.066833 165.075740 223.143452 104.062481 258.069758 288.006944 258.247943 310.214442 163.082801 191.002618 192.439601 106.320271 
193.000000 5.000000 3.000000 a 49.578221 372.625818 250.635193 130.942736 210.009524 371.818504 210.154705 273.080574 112.445542 18.384776 331.665494 119.854078 168.240899 374.550397 209.976189 358.231769 123.109707 78.790862 333.457643 192.566872 29.410882 200.771014 143.024473 195.724296 70.000000 156.310588 376.961536 404.210341 326.791983 144.360659 
242.000000 3.000000 1.000000 a 145.910932 283.044166 382.792372 185.800969 383.718647 366.476466 38.948684 364.160679 138.405202 173.487752 383.835902 280.921697 97.862148 351.863610 384.200469 315.458397 134.357731 225.211012 217.462640 67.007462 157.407115 128.860390 317.351540 368.331373 150.479234 130.510536 348.304465 365.308089 203.059105 119.632771 
173.000000 8.000000 1.000000 a 413.400532 442.398011 183.564702 340.364510 313.359219 276.956675 563.639069 160.863296 388.630930 412.378467 170.141118 318.573382 572.563534 312.541197 316.404804 351.869294 543.155595 479.401710 480.208288 477.899571 450.387611 420.600761 336.585799 311.001608 493.301125 573.321027 324.681382 348.281495 491.748920 405.889147 
112.000000 6.000000 2.000000 a 261.704031 566.805963 269.007435 308.001623 129.387016 515.908907 418.638269 346.701601 314.472574 228.037278 432.514740 180.161039 353.111880 530.864389 126.321020 529.646108 293.640937 176.479461 539.941664 408.251148 235.771075 407.482515 131.745968 133.555232 250.017999 324.718339 537.014897 567.726166 535.809668 351.062672 
176.000000 7.000000 4.000000 a 356.181134 149.682998 329.133711 268.024253 450.773779 43.081318 405.191313 238.947693 294.810108 380.469447 160.440020 372.800215 463.130651 24.515301 453.547131 64.412732 468.569098 477.419103 214.804562 308.449348 407.835751 246.811669 421.384622 437.768204 441.480464 484.413047 26.925824 32.756679 232.262782 279.308074 
274.000000 7.000000 5.000000 a 190.591186 397.966079 440.532632 265.708487 403.386911 475.184175 99.297533 442.700802 218.753286 201.159141 477.846210 316.006329 29.832868 463.323861 402.955333 429.000000 81.492331 198.668065 330.492057 181.705806 167.242339 240.208243 337.355895 390.062815 132.502830 50.039984 460.574641 479.004175 315.014285 215.668727 
257.000000 1.000000 2.000000 a 162.984662 290.688837 401.327796 204.352636 400.472221 380.910751 20.518285 382.550650 157.003185 189.525724 401.123422 298.363872 94.873600 365.198576 400.889012 327.566787 138.600144 236.122849 222.638721 79.624117 171.292148 143.293405 333.901183 385.188266 160.654910 130.096118 361.211849 377.194910 207.280004 137.644470 
231.000000 3.000000 3.000000 a 244.376758 329.557279 79.322128 171.125685 212.174457 207.472890 395.551514 15.524175 219.276082 246.260025 103.227903 169.295599 402.717022 233.893138 215.230109 254.401258 375.225266 322.741383 346.554469 313.968151 284.114414 261.619953 204.004902 202.054448 327.013761 404.550368 243.823707 274.590604 354.120036 239.102488 
243.000000 7.000000 4.000000 a 234.478144 280.862956 463.327098 262.251787 472.366383 401.617978 63.568860 434.609020 217.995413 262.617593 440.821960 368.566141 151.726728 380.118403 472.914369 337.099392 205.294910 309.260408 206.087360 115.256236 245.521893 174.977141 406.214229 456.869785 233.567977 189.169236 373.954543 384.338393 188.002660 190.709203 
196.000000 7.000000 4.000000 a 271.751725 166.460205 249.088338 181.176709 362.988981 60.016664 347.070598 163.713164 213.337760 293.736276 107.280007 282.237489 392.922384 68.680419 365.673352 82.975900 391.005115 390.032050 204.882893 249.617708 323.246036 185.153990 331.144983 349.481044 359.233907 410.173134 75.927597 107.298649 218.155908 204.413796 
104.000000 7.000000 2.000000 a 240.027082 324.445681 480.026041 282.001773 476.097679 439.620291 59.615434 458.835482 235.212670 264.372843 471.806104 375.704671 127.137721 419.648663 476.353860 377.752565 185.539753 297.228868 250.002000 143.808901 241.627813 207.234167 409.180889 461.091097 222.272355 163.615403 414.006039 425.672409 232.034480 213.103261 
262.000000 2.000000 2.000000 a 189.789357 142.562267 276.028984 116.516093 351.525248 164.975756 235.034040 215.418198 125.706006 219.107280 199.809910 251.079669 286.393087 153.003268 353.564704 124.723695 292.482478 315.217385 134.134261 137.419067 240.168691 73.054774 302.274709 335.931541 269.432737 307.416655 151.400132 173.769963 139.517024 103.585713 
116.000000 2.000000 3.000000 a 245.203997 331.603679 486.231426 288.639914 480.737974 447.235956 65.299311 465.759595 241.679540 269.000000 479.200376 380.872682 127.882759 427.243490 480.954260 385.301181 186.903719 299.668150 257.031127 151.238223 245.507637 214.755675 413.769259 465.807900 225.035553 163.865799 421.583918 433.180101 239.002092 220.047722 
288.000000 4.000000 1.000000 a 226.311732 434.839051 68.154237 203.354370 75.133215 340.261664 405.475030 152.295765 239.075302 208.904284 241.008299 93.861600 380.841174 362.614120 78.262379 374.236556 336.203807 247.194256 432.380619 349.292141 243.022633 317.077278 92.027170 67.446275 282.285317 369.802650 371.194019 402.572975 434.883893 272.802126 
287.000000 5.000000 1.000000 a 209.308385 116.284135 333.793349 156.952222 399.444614 202.605528 203.305189 275.486842 148.054044 242.095023 256.222560 295.182994 270.283185 181.515840 401.240576 140.890028 288.624323 333.208643 80.956779 109.224539 255.054896 59.908263 345.398321 383.520534 276.463379 297.107725 176.113600 190.163088 82.298238 114.560028 
Type de surveillance de chaque endroit(target):tab[nombre de target]
a a a a a a a a a a a a a a a a a a a a a a a a a a a a a a 