Nombre des capteurs:
200
Nombre des targets:
30
Nombre de type de surveillance:
1

Caracteristiques:
106.000000 3.000000 2.000000 a 136.693087 136.400147 481.614991 131.095385 236.326046 350.851821 309.777339 379.938153 498.577978 382.007853 216.085631 458.938994 327.879551 85.615419 407.790387 83.546394 397.270689 429.903478 291.707045 412.989104 425.699424 126.035709 272.077195 353.141615 322.121095 483.735465 432.185146 271.398231 121.264174 421.010689 
146.000000 9.000000 2.000000 a 164.757397 162.742127 403.941827 298.918049 307.668653 320.039060 10.770330 91.241438 308.366665 85.088190 374.300681 253.031619 228.352797 228.122774 330.298350 233.482333 307.782391 177.158121 234.948931 219.002283 428.263937 190.002632 253.242966 364.819133 305.004918 265.635088 165.342070 317.605101 247.630774 183.847763 
100.000000 2.000000 1.000000 a 190.184121 201.295802 245.751907 239.175668 192.585046 164.048773 161.384634 155.415572 192.605815 177.530279 279.302703 149.933319 68.818602 275.748073 170.469939 225.577038 148.327341 140.577381 87.235314 104.004808 271.398231 184.629358 116.211015 214.009346 154.262763 174.977141 155.000000 187.515333 203.415830 123.081274 
104.000000 3.000000 2.000000 a 220.818930 236.222353 189.422807 180.853532 90.376988 63.285069 271.529004 277.353565 238.415604 298.750732 181.430427 220.954746 70.064256 294.977965 114.634201 217.076024 106.254412 251.047804 34.885527 182.455474 166.018071 195.164034 22.090722 97.616597 39.395431 249.098374 270.248034 71.112587 171.956390 228.709423 
298.000000 1.000000 4.000000 a 287.236836 303.026401 162.889533 206.460650 98.234414 51.351728 352.139177 355.208390 273.386174 377.478476 166.352036 271.007380 138.003623 352.547869 113.635382 268.067156 121.753850 318.680090 114.337221 240.416306 94.762862 256.719691 96.260064 20.223748 46.065171 298.060397 340.270481 62.585941 217.082933 294.703241 
172.000000 5.000000 3.000000 a 246.594809 261.818640 260.685634 125.323581 44.294469 140.089257 358.600056 383.046995 355.820179 401.120929 68.593003 342.649967 192.044266 293.492760 206.816344 206.242576 209.618701 370.303929 152.003289 304.637489 175.863583 210.838801 119.104996 112.058021 117.618026 370.734406 387.675122 51.662365 154.314614 349.001433 
104.000000 2.000000 3.000000 a 260.311352 273.590936 158.927656 264.440920 183.469343 99.297533 246.058936 224.877745 146.727639 249.897979 274.696196 128.265350 33.286634 343.757182 85.088190 279.078842 62.169124 172.887246 73.878278 93.343452 197.608198 245.544293 104.446158 154.983870 104.120123 156.310588 195.920902 162.806634 243.478952 148.327341 
155.000000 3.000000 1.000000 a 180.002778 175.729906 431.422067 320.390387 334.248411 348.638782 27.892651 100.184829 330.218110 86.452299 398.538580 274.410277 256.758642 235.274308 358.308526 250.127967 335.678418 193.569109 263.501423 242.668498 456.863218 208.386660 281.442712 393.315395 333.541602 285.110505 178.639301 345.144897 268.560980 203.081265 
104.000000 1.000000 4.000000 a 334.905957 350.502496 106.103723 265.346943 157.165518 54.589376 376.808970 367.164813 243.000000 391.368113 223.825825 252.293480 148.553021 405.079005 78.230429 322.560072 96.046864 315.293514 141.767415 230.462578 54.488531 306.939733 136.341483 44.045431 76.687678 277.187662 339.271278 121.433109 272.767300 290.243002 
282.000000 7.000000 3.000000 a 353.598643 361.167551 266.270539 416.058890 354.391027 272.547244 237.497368 165.215011 94.047860 188.215302 445.371755 55.154329 197.448728 437.155579 230.221632 399.851222 210.772389 67.911707 239.282260 84.717177 353.899703 356.328500 272.809457 327.832274 281.007117 37.643060 87.000000 338.141982 381.077420 63.820060 
270.000000 2.000000 4.000000 a 200.000000 201.221271 509.042238 147.231111 254.803846 377.902104 374.541052 442.764046 545.183455 446.010090 210.038092 509.244539 369.986486 150.083310 439.456482 138.235307 431.885401 487.462819 330.478441 463.375658 439.482650 183.809684 306.197649 370.645383 349.274963 535.085974 491.500763 290.496127 159.862441 476.828061 
155.000000 2.000000 5.000000 a 411.691632 427.480994 178.241409 305.655034 207.125566 160.860188 480.625634 477.470418 346.919299 501.031935 231.969826 362.463791 257.689736 469.588117 187.211111 382.670877 207.424685 428.002336 242.095023 342.883362 64.132675 378.866731 226.108381 112.160599 172.002907 386.172241 451.956856 177.792013 330.287753 402.940442 
267.000000 9.000000 1.000000 a 372.263348 387.466128 51.224994 316.425347 208.971290 89.677199 391.541824 370.302579 210.040472 395.773925 278.926514 230.412673 162.560758 446.941831 62.369865 367.294160 85.796270 305.601047 170.000000 218.213199 74.006756 347.243430 174.140748 99.247166 117.885538 252.224107 331.096663 173.528096 319.324287 280.408630 
117.000000 3.000000 4.000000 a 406.595622 421.864907 48.041649 345.637093 237.522631 123.036580 425.333986 401.696403 226.761990 427.411979 301.761495 253.475837 197.022841 480.459155 94.667840 399.891235 117.885538 333.208643 204.841402 245.814971 74.706091 381.032807 208.002404 123.004065 150.562279 273.248971 359.089125 201.801883 351.163779 308.183387 
188.000000 4.000000 4.000000 a 280.862956 295.489425 124.064499 253.402841 157.267288 47.095647 293.777126 278.775896 177.485211 303.349633 244.899980 173.072239 63.953108 359.918046 45.276926 286.190496 33.600595 227.437904 76.655072 144.806768 142.762040 259.665169 92.590496 102.420701 61.846584 200.022499 250.888421 128.996124 243.343379 202.615399 
165.000000 1.000000 1.000000 a 239.102488 252.507426 332.255925 90.426766 92.114060 210.237960 379.790732 417.193001 420.434299 432.047451 5.099020 402.243707 249.238841 265.452444 277.077606 182.452734 278.217541 418.819770 206.460650 361.437408 243.074063 202.425295 173.080906 183.215720 185.884373 430.391682 433.373972 117.889779 137.644470 399.530975 
271.000000 8.000000 1.000000 a 276.181100 291.042952 128.996124 243.074063 145.454460 35.693137 296.770955 285.047364 190.128904 309.239389 232.568270 185.002703 67.007462 353.990113 51.865210 278.727465 44.553339 236.947252 72.027772 155.540991 136.488095 253.712436 83.934498 91.443972 49.244289 212.115535 259.955765 116.619038 234.776489 212.313448 
272.000000 5.000000 1.000000 a 231.896529 245.246814 183.182969 240.410066 166.388101 103.469802 226.241022 213.335417 169.920570 237.261459 257.689736 144.312162 9.055385 315.298271 106.254412 251.246891 84.929382 173.769963 52.000000 103.754518 208.597699 217.186556 85.070559 157.003185 100.244701 172.409396 194.537914 150.213182 216.933169 150.615404 
113.000000 7.000000 4.000000 a 313.336879 329.074460 194.010309 208.021633 107.447662 103.043680 396.440412 404.638110 323.148573 426.174847 144.996552 323.187252 189.763010 369.898635 159.831161 283.007067 171.292148 371.171120 162.246726 293.170599 93.941471 279.860680 138.538803 50.219518 97.718985 350.012857 392.475477 79.649231 230.633909 347.311100 
195.000000 5.000000 1.000000 a 323.882695 331.436268 263.787794 388.799434 330.800544 256.128874 210.772389 142.000000 104.675690 166.364059 421.283752 53.009433 175.231276 407.427294 219.658826 370.600863 198.698264 44.181444 215.824002 64.938432 343.390448 326.891419 249.329100 311.849323 262.101126 51.156622 68.007353 316.404804 352.771881 34.481879 
140.000000 8.000000 1.000000 a 442.221664 451.807481 231.836149 478.415092 398.026381 289.968964 343.681539 273.437379 69.318107 296.487774 488.495650 105.118980 246.028454 527.546207 229.995652 479.150290 219.018264 175.647374 289.012110 150.416090 342.118401 438.782406 320.189007 339.284541 307.826250 85.234969 195.164034 373.700415 451.774280 166.207701 
151.000000 6.000000 4.000000 a 339.835254 354.369863 296.006757 199.210943 145.013792 205.353354 459.322327 482.037343 427.365183 500.820327 105.848949 423.624834 280.503119 374.834630 265.243285 289.849961 275.544915 462.449997 244.752937 390.103832 183.741666 303.199604 213.927558 155.647037 193.041446 451.066514 481.561003 142.618372 241.205307 439.851111 
263.000000 6.000000 5.000000 a 299.808272 314.459854 105.076163 268.793601 169.758652 49.648766 310.228948 292.056501 172.985549 317.039430 255.196003 174.656806 81.344945 378.621183 26.476405 304.243324 21.540659 235.764713 95.524866 150.784615 131.468627 278.346906 109.772492 101.019800 71.400280 200.638979 260.000000 139.402296 260.647271 210.660865 
170.000000 6.000000 4.000000 a 199.060292 201.556444 495.960684 134.238594 241.080899 365.005479 374.229876 440.614344 536.106333 444.814568 194.126248 501.323249 360.118036 155.756220 427.210721 134.260940 420.211851 482.295553 319.976562 455.563387 424.699894 180.136060 294.821980 356.405668 336.475854 527.463743 487.165270 276.696585 150.894003 470.935240 
170.000000 1.000000 3.000000 a 15.524175 27.586228 402.095760 137.593605 197.686621 279.179154 189.525724 255.884740 387.011628 259.514932 228.973798 342.842529 228.729097 82.873397 323.736004 55.226805 308.314774 306.400065 201.814271 297.405447 374.189791 24.186773 194.092761 299.908319 252.792405 366.073763 307.717403 224.875521 87.321246 298.964881 
164.000000 3.000000 2.000000 a 344.005814 353.171347 223.660457 391.582686 322.405025 233.173755 248.477363 184.878338 59.203040 210.011904 413.782552 13.038405 165.075740 429.074586 188.047866 384.069004 169.248338 88.769364 208.124962 55.470713 311.488363 342.382827 241.281993 287.920128 243.665755 16.643317 113.547347 303.591831 360.410877 72.006944 
166.000000 4.000000 1.000000 a 130.249760 142.284925 368.620401 22.671568 119.707978 237.320458 289.126270 341.070374 406.767747 351.012820 117.290238 374.733238 229.836899 154.304893 297.531511 69.656299 289.606630 366.006831 189.095214 329.508725 309.095455 94.936821 163.932913 236.603043 208.542562 401.616733 374.721230 154.870914 32.140317 351.639019 
269.000000 6.000000 4.000000 a 334.400957 349.448136 263.765047 202.141040 131.137333 175.641681 443.541430 461.692538 397.030226 481.428084 114.629839 395.062020 255.001961 376.315028 234.047004 289.794755 245.122418 437.378555 221.449769 362.862233 152.161099 298.291803 192.200416 124.426685 165.435788 422.266504 457.293123 121.671689 239.140126 414.290961 
130.000000 9.000000 3.000000 a 82.565126 86.005814 433.415505 106.470653 199.007538 304.198948 257.782854 324.784544 441.517837 328.402192 200.870605 401.069819 273.029302 69.339743 357.694003 27.313001 345.626967 371.936823 238.849325 355.147857 387.063302 67.801180 222.252109 313.006390 275.862284 425.687679 374.723898 232.174503 76.006579 362.800221 
264.000000 8.000000 3.000000 a 453.035319 468.680061 231.000000 334.293284 245.153013 216.889373 533.160389 533.251348 403.655794 556.424299 250.577333 420.286807 313.523524 504.705855 245.081619 417.432629 265.363901 485.675818 295.108455 400.761775 121.564798 418.718282 276.210065 165.302753 225.397427 443.813024 509.480127 220.383756 365.328619 460.651712 
197.000000 1.000000 1.000000 a 217.204972 227.481867 239.002092 269.312087 218.002294 173.677863 164.805946 143.282937 165.918655 167.597733 306.375586 120.615090 77.175126 302.735858 168.119005 255.431008 144.917218 113.110565 107.079410 75.000000 278.152836 213.775583 138.812824 226.742144 168.620877 145.000000 129.988461 209.613931 233.944438 93.941471 
258.000000 4.000000 1.000000 a 161.049682 173.657709 254.772447 200.743618 160.031247 154.870914 169.758652 180.612846 225.601418 199.964997 244.018442 186.271308 72.173402 245.817005 176.400113 189.842040 156.626945 177.890416 68.883960 140.356688 262.937255 150.880748 90.210864 198.849189 138.946033 212.084889 190.672494 159.815519 165.302753 161.276161 
145.000000 4.000000 3.000000 a 345.307110 360.217990 274.388411 210.090457 143.840189 189.380569 456.966082 475.774106 410.409552 495.404885 119.854078 409.019559 269.312087 385.053243 246.975707 298.964881 258.518858 451.691266 235.722294 377.041112 160.860188 309.006472 206.344372 137.480908 179.627392 436.165106 471.610008 135.650286 248.887525 428.590714 
279.000000 5.000000 2.000000 a 244.247825 252.382646 262.246068 312.464398 265.001887 214.767316 153.264477 110.113578 152.590956 136.213068 353.033993 98.979796 120.552893 328.441776 198.758648 290.413498 175.385290 66.370174 153.730283 62.032250 315.601014 246.611030 185.779439 269.267525 212.664054 117.337121 83.186537 256.400078 274.147770 49.658836 
113.000000 5.000000 1.000000 a 28.635642 31.144823 398.005025 174.542258 218.213199 282.024822 146.659470 215.081380 364.034339 217.441946 261.839646 316.622804 218.215490 106.962610 319.001567 98.045908 301.325406 271.897039 198.645413 272.259068 382.989556 58.189346 198.153981 310.048383 257.815826 338.178947 271.007380 240.881714 122.539789 266.790180 
115.000000 6.000000 3.000000 a 101.212647 88.509886 469.118322 253.221247 303.804213 360.624458 129.417928 210.760528 408.647770 202.566039 344.209239 356.081451 286.471639 123.583980 390.612340 165.954813 370.951479 291.547595 274.554184 315.830651 464.449136 137.905765 278.928306 392.634690 338.155290 373.080420 282.837409 325.858865 202.800394 293.831584 
216.000000 7.000000 3.000000 a 38.183766 25.059928 431.001160 189.707670 245.081619 314.331036 156.016025 230.846269 394.194115 229.671505 281.044480 345.583564 251.149358 84.314886 352.000000 103.464970 334.336657 295.692408 231.486501 301.869177 414.281305 74.966659 230.063035 340.898812 289.711926 366.230802 292.569650 269.699833 139.463257 292.514957 
249.000000 7.000000 4.000000 a 316.205629 327.438544 171.143215 342.614944 265.173528 170.011764 254.544692 207.465660 68.622154 233.856794 356.395847 50.358713 110.453610 401.707605 125.936492 346.711696 106.230881 125.992063 153.681489 41.629317 249.777901 308.415304 185.593642 224.570702 181.727818 77.025970 152.305614 243.823707 316.812247 101.671038 
139.000000 2.000000 3.000000 a 212.776878 222.000000 416.857290 76.922038 162.606888 288.922135 379.110802 432.261495 482.374336 442.091619 98.478424 455.548022 305.109816 208.338667 354.468616 143.279447 351.438473 454.297260 262.103033 411.442584 335.089540 180.853532 231.812424 271.064568 261.726957 483.120068 464.220853 196.229458 123.036580 438.658181 
161.000000 1.000000 4.000000 a 430.238306 441.457812 171.292148 447.162163 358.622364 242.571639 355.744290 294.531832 52.153619 319.640423 447.098423 108.004630 215.928229 515.722794 178.675684 458.946620 171.732350 197.941911 256.704110 144.069428 284.253408 421.773636 285.156098 288.133650 263.609560 103.324731 221.711524 331.187258 426.160768 181.466250 
125.000000 7.000000 2.000000 a 286.457676 301.144484 283.439588 149.856598 92.849340 174.928557 406.596852 432.085640 395.773925 450.085547 63.007936 386.378053 238.075618 324.679842 239.708156 238.648277 246.050808 418.007177 199.424171 349.967141 183.076487 249.927990 167.083811 134.402381 156.923548 414.290961 435.877276 97.005155 188.875620 396.283989 
270.000000 5.000000 2.000000 a 217.368351 232.957078 197.699267 169.026625 76.485293 68.359345 277.477927 286.686240 252.253840 307.509349 167.502239 234.795656 83.384651 289.209267 124.823876 209.475536 118.067777 263.387547 45.354162 196.010204 165.746795 190.065778 20.248457 94.514549 41.109610 262.944861 282.113452 58.008620 162.864975 241.350368 
148.000000 3.000000 5.000000 a 177.476759 192.166594 227.371942 174.748391 114.109596 112.605506 218.634398 230.082594 236.129202 249.994000 202.311641 206.707523 59.665736 257.171149 148.660687 187.384631 133.195345 217.278623 27.018512 162.963186 218.716712 157.175062 39.962482 151.208465 92.439169 234.343765 233.214494 110.136279 150.711645 197.587955 
188.000000 9.000000 2.000000 a 59.033889 53.150729 416.231907 208.906678 250.059993 305.491407 121.433109 196.022958 367.314579 194.858923 296.211073 317.119851 234.104677 119.037809 337.427029 129.553078 318.402261 263.030416 219.865868 274.466756 408.949875 92.309263 223.432316 337.094942 282.733090 336.648184 258.897663 270.985239 156.974520 261.093853 
159.000000 2.000000 3.000000 a 344.702771 359.402282 60.133186 306.863162 203.403540 77.006493 350.224214 325.779066 170.496334 351.438473 283.196045 186.252517 124.426685 423.023640 19.646883 347.403224 42.059482 260.000000 140.356688 172.629661 113.265176 322.741383 152.200526 111.400180 104.847508 209.095672 285.490805 170.082333 302.443383 234.804174 
240.000000 3.000000 5.000000 a 160.561515 166.883193 317.502756 256.126922 238.799079 234.439758 88.752465 102.703457 238.882816 118.595953 316.303652 187.002674 141.315250 242.621104 243.183059 215.139490 220.791757 136.499084 151.485973 146.030819 342.498175 169.499263 173.899396 281.485346 221.352660 205.827598 138.235307 242.470617 210.237960 131.244047 
297.000000 3.000000 2.000000 a 253.475837 266.833281 334.116746 104.235311 101.138519 214.830165 393.732142 430.248765 427.968457 445.395330 11.401754 411.290651 258.565272 278.741816 281.602557 196.328806 283.867927 430.118588 216.171228 371.102412 241.074677 216.813284 182.660888 184.390889 191.564611 439.450794 445.112345 123.943536 151.980262 410.474116 
168.000000 1.000000 5.000000 a 395.784032 411.442584 209.066975 279.807076 188.042548 167.764716 478.305342 481.772768 369.716107 504.321326 200.302272 380.295937 262.954369 448.486343 206.050965 361.211849 223.986607 439.550907 241.290282 356.709966 90.609050 361.581250 220.617316 113.371072 172.534055 405.267813 462.491081 163.134913 308.967636 414.849370 
167.000000 1.000000 4.000000 a 305.550323 313.912408 245.367072 364.650518 304.962293 230.930726 204.787695 143.377125 100.319490 169.097605 395.566682 44.283180 149.214611 389.966665 196.888293 349.548280 175.328264 52.430907 189.928934 39.849718 320.224921 306.537110 223.450218 286.700192 236.326046 56.462377 78.816242 290.387672 329.795391 30.364453 
193.000000 9.000000 4.000000 a 128.160056 140.801278 360.806042 24.698178 113.216607 229.532133 283.975351 334.659528 398.301393 345.013043 116.726175 366.394596 221.352660 157.079598 289.414927 71.021124 281.325434 358.336434 180.623919 321.210212 302.661527 92.179173 155.595630 229.836899 200.743618 393.314124 367.314579 148.097941 27.513633 343.770272 
192.000000 3.000000 5.000000 a 134.182711 145.619367 375.932175 22.360680 125.602548 244.624202 295.526649 348.472381 415.328785 358.089374 117.068356 383.334058 238.346387 153.323188 305.275286 70.724819 297.607124 374.300681 197.496835 338.103534 314.734809 99.624294 172.046505 242.662317 215.870331 410.212140 382.844616 161.012422 39.051248 360.049997 
298.000000 5.000000 3.000000 a 391.934944 401.662794 212.077816 429.690586 352.434391 250.217905 299.041803 233.034332 31.048349 257.437371 443.464767 55.072679 198.093412 477.319599 195.010256 428.788992 180.709712 135.236829 241.373155 100.000000 313.694119 388.336195 273.265439 302.120837 265.589909 40.000000 157.835357 329.837839 401.976367 121.696343 
162.000000 9.000000 2.000000 a 385.249270 395.065817 208.146583 422.480769 345.337516 243.673962 294.159821 229.218237 26.832816 253.870045 436.395463 48.754487 190.895259 470.669736 189.095214 421.777192 174.413302 131.745968 234.181554 93.230896 308.415304 381.424960 266.101484 295.819202 258.785626 36.496575 154.932243 322.869943 394.822745 117.209215 
205.000000 2.000000 3.000000 a 212.461761 221.382023 421.577988 79.378838 167.107750 293.465501 379.759134 433.668076 486.050409 443.221164 103.576059 458.835482 308.690784 206.021844 358.912246 142.635900 355.709151 456.718732 265.759290 414.614279 340.124977 181.024860 235.671381 275.960142 266.189782 486.358921 466.400043 200.878072 124.257797 441.276557 
159.000000 5.000000 3.000000 a 365.656943 372.699611 281.859894 432.030092 371.841364 290.552921 242.705583 167.370846 106.150836 188.939144 462.714815 72.422372 215.102301 448.528706 247.695377 413.632687 228.473193 73.355300 256.719691 102.489024 371.251936 369.682296 290.258505 345.810642 299.015050 51.613952 87.863531 355.928364 396.188087 75.006666 
123.000000 3.000000 4.000000 a 103.077641 105.475116 370.482118 229.172424 242.033056 271.014760 78.917679 140.217688 306.740933 144.360659 305.098345 255.391856 188.215302 178.997207 293.000000 167.886867 272.209478 200.322240 183.806964 213.770905 378.219513 122.918672 196.010204 310.362691 252.103153 274.186068 197.306868 255.344865 178.126360 198.090888 
111.000000 8.000000 1.000000 a 302.800264 308.185009 309.741828 387.227323 343.000000 285.464534 168.751296 93.380940 157.165518 116.107709 430.910664 104.201727 195.350966 383.093983 258.213090 356.753416 235.849528 13.416408 231.049778 100.603181 380.290678 311.464284 263.486243 340.978005 286.714143 102.961158 15.524175 333.736423 346.208030 38.587563 
143.000000 6.000000 3.000000 a 171.026314 180.277564 280.360482 242.785914 211.293635 196.987309 126.779336 129.096863 214.441134 148.946299 293.615395 166.433170 103.247276 256.095685 205.387439 215.640905 183.174780 135.771867 115.801554 122.118795 304.868824 171.825493 140.872283 245.153013 185.043238 188.661072 144.585615 211.153972 201.479527 123.713378 
104.000000 4.000000 1.000000 a 178.373204 192.501948 228.019736 187.627290 130.138388 119.854078 206.494552 214.953483 224.931101 235.295559 218.112356 193.279590 51.894123 260.161488 149.013422 194.139125 131.643458 201.357890 32.756679 148.922799 227.407124 161.049682 54.626001 162.188162 102.449988 220.676233 217.186556 125.542821 160.552172 181.868084 
165.000000 3.000000 5.000000 a 315.526544 330.207511 284.691061 177.611937 119.473847 186.271308 433.776440 456.973741 408.494798 475.581749 86.884981 402.612717 257.497573 352.899419 248.364651 267.200299 257.153651 438.972664 220.791757 368.021738 177.053664 278.992831 189.488786 139.617334 171.842952 430.255738 457.698591 118.258192 217.754449 416.646133 
274.000000 6.000000 1.000000 a 276.568256 289.032870 363.463891 124.277914 136.062486 247.426757 423.647259 462.776404 462.329969 477.272459 45.276926 446.161406 293.482538 292.965868 313.968151 214.869728 317.157689 464.639645 251.097591 406.030787 265.158443 240.441261 217.589062 213.588389 225.062214 474.321621 479.338085 157.917700 175.276924 445.166261 
190.000000 8.000000 1.000000 a 149.465715 151.953940 359.254784 267.478971 265.648264 273.426407 50.249378 94.254973 274.767174 101.079177 336.808551 221.020361 182.060430 224.804359 284.692817 212.708721 262.413795 157.200509 188.520556 182.857868 381.650364 167.146642 207.713745 318.512166 258.605878 237.143417 152.069063 273.481261 218.009174 157.889202 
218.000000 9.000000 5.000000 a 114.934764 126.570139 375.832409 38.897301 131.015266 244.761108 276.956675 331.303486 406.724723 340.330722 133.544000 372.800215 230.867928 138.654246 303.275452 53.413481 294.212508 360.080547 191.400104 327.244557 320.351370 80.324343 168.324092 247.167959 215.983796 399.310656 367.773028 165.511329 22.847319 346.619388 
165.000000 2.000000 3.000000 a 351.957384 363.323547 158.372977 372.978552 290.263673 184.791775 287.445647 235.342304 38.483763 261.535848 380.717743 55.172457 140.356688 437.402561 130.384048 381.005249 115.277925 146.485494 182.608872 72.173402 251.318523 343.447230 213.009389 236.685445 200.860648 72.449983 172.699160 266.101484 349.493920 124.390514 
271.000000 4.000000 1.000000 a 111.359777 114.546934 362.630666 232.813230 241.018671 265.294176 75.960516 132.502830 296.627713 138.050715 306.543635 245.155053 180.767807 188.621314 285.490805 174.642492 264.439029 190.318155 178.238604 203.666394 372.864587 129.247824 191.942700 305.851271 247.131544 263.893918 187.723200 252.960471 182.332115 187.856328 
271.000000 1.000000 1.000000 a 227.264163 226.735529 397.548739 351.627644 344.479317 333.318166 55.226805 33.541020 275.426941 19.235384 419.372150 219.428804 236.890270 293.819673 330.262017 293.945573 306.894119 131.381125 254.701786 194.833262 439.840880 249.064249 279.216762 383.407094 323.459426 226.008849 113.030969 348.397761 302.014900 145.416643 
160.000000 5.000000 2.000000 a 219.063918 221.650626 506.948715 146.478667 251.340407 376.463810 394.263871 460.331402 552.067025 464.723574 197.850954 518.255728 375.474367 174.951422 439.605505 153.707514 433.416659 500.924146 334.731235 472.603428 432.085640 199.582063 308.603305 365.262919 348.143649 544.604444 506.164005 286.686240 167.609666 489.195258 
142.000000 6.000000 1.000000 a 442.603660 458.331758 209.002392 329.133711 235.722294 198.403629 517.069628 515.024271 381.849447 538.487697 249.050196 399.083951 295.221950 497.120710 224.017856 409.884130 244.624202 465.611426 278.614429 380.295937 100.244701 408.925421 261.283371 148.499158 208.597699 422.403835 489.629452 208.849228 357.561184 440.528092 
243.000000 3.000000 3.000000 a 237.320458 251.795552 168.002976 222.036033 137.083916 68.622154 255.280238 248.429064 192.130164 271.742525 228.238910 174.416169 29.068884 317.370446 89.022469 246.077224 73.006849 210.544532 34.539832 137.178716 176.051129 217.313138 59.665736 120.569482 63.245553 202.529010 231.521057 116.726175 205.973299 187.114938 
270.000000 3.000000 2.000000 a 164.103626 179.610690 245.165250 140.602276 84.172442 120.149906 234.710460 255.644284 269.712810 273.760845 169.239475 241.536747 92.195445 238.212090 168.404275 162.225152 156.387340 250.251873 51.400389 197.891384 219.146070 138.231690 35.057096 146.819617 94.366308 269.222956 265.030187 88.600226 120.739389 231.311478 
119.000000 3.000000 5.000000 a 52.201533 40.311289 435.294153 204.474937 256.550190 321.068529 143.673240 220.220344 391.846909 217.793480 295.169443 342.118401 254.159399 95.257546 356.315871 118.928550 338.000000 288.626056 236.907155 299.125392 422.497337 88.865066 237.507895 349.606922 297.149794 361.933696 284.288586 280.058922 153.808322 286.667054 
103.000000 7.000000 3.000000 a 297.154842 312.923313 191.783732 196.651977 93.059121 90.448881 378.761138 387.475160 312.246697 408.861835 140.459959 310.001613 173.657709 355.370229 150.880748 268.793601 160.430670 355.557309 145.013792 278.729259 100.687636 264.092787 120.880106 42.720019 82.000000 337.120157 376.523572 63.158531 216.529444 331.903600 
100.000000 6.000000 3.000000 a 43.566042 43.908997 397.363813 187.928178 226.629654 284.253408 131.685231 200.942778 356.618844 202.773272 273.806501 308.103879 216.148097 118.139748 318.402261 113.017698 300.001667 260.249880 199.424171 264.304748 386.855270 72.277244 201.437335 314.617228 260.931025 328.963524 258.474370 247.729691 135.771867 256.087876 
101.000000 1.000000 5.000000 a 71.344236 57.271284 476.144936 193.847879 269.898129 354.457332 205.428820 283.213700 448.558803 279.830306 288.766342 400.649473 299.666481 36.124784 397.456916 101.828287 381.162695 351.069794 275.655582 356.590802 449.360657 98.061205 269.364066 374.977333 328.196587 421.612381 347.351407 298.760774 150.950323 348.116360 
178.000000 2.000000 4.000000 a 302.059597 317.001577 269.258240 169.189243 101.788997 167.170572 415.909846 437.776199 389.272398 456.632237 84.023806 382.792372 237.474209 343.209848 230.082594 256.704110 238.212090 418.994033 200.897984 348.035918 165.205932 265.800677 169.779268 122.188379 152.069063 410.474116 437.795614 98.488578 206.155281 396.637114 
225.000000 9.000000 2.000000 a 166.207701 159.452187 452.553864 313.129366 337.499630 363.071618 55.731499 132.412235 359.093303 118.228592 395.809298 303.586890 274.351964 212.268698 377.720796 236.753036 355.584027 224.902201 276.523055 270.007407 471.071120 197.952014 291.290233 405.000000 345.962426 315.379137 210.618138 351.518136 260.931025 233.379519 
299.000000 7.000000 3.000000 a 205.243758 200.062490 451.039910 347.332694 361.247837 372.490268 49.678969 102.181212 341.247711 82.462113 425.846216 285.175385 279.293752 256.124969 379.353397 275.655582 356.451960 199.572042 288.175294 256.628136 480.634997 234.625233 307.148173 418.216451 358.268056 293.492760 181.686543 371.619429 295.413270 212.037732 
142.000000 2.000000 2.000000 a 182.887944 175.094260 471.189983 331.483031 357.794634 383.189248 70.178344 140.456399 373.262642 123.065023 415.177071 317.455509 293.860511 223.304725 396.850098 253.189652 374.562411 235.805004 296.769271 285.448769 491.248410 215.671046 311.770749 425.405689 366.296328 327.964937 219.783985 372.005376 279.291962 245.961379 
274.000000 6.000000 5.000000 a 346.763608 355.140817 244.705946 402.087055 336.882769 251.795552 240.902470 173.000000 76.026311 197.306868 428.108631 33.241540 179.513231 431.196011 208.434642 390.041023 189.187737 75.106591 221.984234 67.052218 332.054212 347.351407 255.409475 306.889231 261.093853 20.396078 98.061205 319.476134 368.880740 63.324561 
112.000000 3.000000 5.000000 a 239.075302 234.940418 451.412228 376.940314 382.852452 382.655197 69.570109 85.000000 328.380876 60.033324 451.921453 272.574760 287.111477 293.127958 383.020887 309.014563 359.736014 182.222392 301.219189 249.194703 490.055099 266.677708 323.208911 431.051041 370.912389 277.521170 161.152102 390.308852 325.510368 198.282627 
195.000000 3.000000 1.000000 a 189.446562 189.156020 388.167490 315.336328 313.600064 313.081459 23.259407 59.413803 282.143580 56.612719 385.572302 226.318360 218.403297 257.303323 317.036276 256.142538 294.015306 146.731046 230.794281 195.133288 420.862210 211.366979 252.620268 360.760308 300.621024 237.227739 133.764719 320.028124 265.228204 155.193428 
226.000000 8.000000 5.000000 a 427.443564 441.517837 45.694639 397.412884 293.531940 167.242339 407.751150 367.679208 153.808322 394.077404 370.621100 194.262709 199.724811 508.268630 105.309069 435.445749 117.902502 284.604989 225.077764 202.180612 164.124952 408.208280 241.033193 192.961136 195.358645 207.453609 310.980707 259.615100 391.846909 261.306334 
168.000000 3.000000 1.000000 a 166.003012 169.460910 346.446244 277.001805 267.615396 266.189782 57.706152 80.752709 256.164010 91.923882 342.317104 202.032176 172.513768 243.166610 273.270928 227.059464 250.599282 137.611773 183.251194 164.778639 374.192464 181.231896 205.060967 313.287408 253.160028 217.697037 133.206606 272.882759 228.790297 138.195514 
291.000000 7.000000 4.000000 a 314.682380 328.975683 304.231820 171.842952 126.530629 203.442867 439.611192 465.983905 425.417442 483.869817 77.878110 418.001196 271.007380 347.462228 266.475140 262.975284 274.532330 451.518549 232.948492 382.423849 196.824795 277.937043 200.823305 158.319298 187.579317 445.789188 469.595571 130.311166 215.102301 429.616108 
151.000000 4.000000 4.000000 a 71.253070 86.005814 333.600060 137.178716 154.175225 214.254522 172.447093 220.818930 319.681091 231.054106 211.009478 278.095307 158.521292 153.055545 254.866632 98.081599 238.729973 252.715255 133.135270 232.206804 314.381933 56.612719 129.838361 241.456000 189.488786 302.654919 258.487911 173.899396 88.684835 241.598841 
282.000000 7.000000 5.000000 a 33.941125 21.023796 428.004673 185.550532 240.958503 310.885831 157.813181 231.948270 392.745465 231.233648 276.817629 344.444480 248.471326 83.600239 349.012894 99.624294 331.489065 295.601083 228.315571 300.554488 410.571553 70.724819 226.514900 337.120157 286.148563 365.312195 292.856620 265.699078 135.247921 292.063349 
137.000000 7.000000 3.000000 a 232.019396 245.790561 178.361991 232.899120 155.647037 92.005435 235.002128 224.617453 177.628826 248.278070 247.032387 154.638288 5.000000 314.455084 100.224747 247.887071 80.224684 186.131674 42.720019 115.117331 198.070694 215.473896 74.846510 145.013792 87.920419 182.789496 206.891276 138.437712 211.634118 162.929433 
194.000000 7.000000 4.000000 a 306.035946 320.262392 102.420701 284.431011 188.087745 70.880181 304.179223 280.816666 151.608047 306.276019 274.885431 154.557433 80.399005 386.684626 27.202941 314.968252 4.123106 219.531319 103.740060 133.270402 147.597425 286.677519 122.967475 122.147452 91.065910 180.113853 244.346066 158.927656 273.265439 194.311605 
136.000000 4.000000 1.000000 a 254.153497 268.931218 281.783605 121.297156 63.348244 163.670401 375.213273 402.921829 380.159177 420.286807 48.020829 366.829661 215.824002 294.552203 230.217289 207.954322 233.600086 393.062336 175.231276 328.525494 191.313878 217.706224 142.031687 132.136293 141.792101 394.929108 409.957315 75.960516 157.435701 372.065854 
286.000000 8.000000 5.000000 a 170.660482 175.000000 462.576480 100.846418 208.734281 331.404587 345.684828 409.684025 500.759423 414.981927 169.955877 466.181295 324.784544 140.035710 392.949106 102.839681 385.523021 448.563262 284.754280 420.461651 394.613735 148.489057 259.942301 325.000000 302.763934 492.410398 454.070479 244.460631 115.624392 436.726459 
209.000000 4.000000 5.000000 a 310.821492 322.273176 167.170572 335.000000 257.007782 162.049375 253.568531 208.906678 75.690158 235.306184 348.209707 58.137767 102.625533 396.243612 119.230868 340.219047 99.040396 130.115333 145.773797 43.829214 243.082291 302.344175 177.552809 216.748702 173.530977 85.094066 156.284996 235.580135 309.712770 105.418215 
253.000000 5.000000 3.000000 a 228.560714 223.002242 466.051499 371.102412 383.985677 391.675886 70.434367 106.018866 348.862437 82.492424 449.395149 292.865157 297.405447 277.137150 395.830772 299.046819 372.726441 204.009804 308.311531 267.277010 499.624859 258.275047 328.324535 438.426733 378.355653 299.060195 183.883115 393.634348 319.180200 218.826415 
149.000000 7.000000 4.000000 a 338.008876 345.485166 266.627080 402.483540 343.110769 265.345058 222.407284 151.400132 100.623059 175.000000 433.813324 54.037024 186.868938 421.455810 226.176922 384.802547 205.866462 53.460266 228.021929 75.026662 350.035712 341.104090 261.558789 320.923667 272.413289 44.598206 74.545288 327.954265 366.772409 48.010416 
143.000000 9.000000 1.000000 a 340.000000 351.069794 169.623112 366.012295 286.434984 185.779439 272.310485 220.127236 44.553339 246.343256 377.385744 43.011626 133.454112 425.540832 135.329228 370.919129 118.207445 132.075736 176.408617 57.035077 257.963176 332.556762 207.761883 239.018828 199.902476 64.288413 158.382449 263.734715 340.828403 109.567331 
226.000000 9.000000 1.000000 a 161.276161 162.049375 375.150636 285.280564 285.791882 292.417510 30.479501 82.764727 282.703024 85.328776 356.216226 227.903488 199.969998 232.467202 301.582493 226.920691 279.028672 157.155973 208.062491 192.210822 400.600799 181.868084 227.782791 338.141982 278.152836 242.043385 148.677503 293.724361 235.172277 161.049682 
151.000000 2.000000 1.000000 a 136.341483 133.824512 495.101000 148.660687 252.507426 364.791721 306.111091 378.482496 506.243025 379.225527 234.982978 465.154813 337.746947 74.108029 420.429542 91.923882 409.157671 432.403747 302.848147 419.297031 441.952486 130.862523 284.675254 368.962058 336.154726 489.418022 433.518166 287.271648 134.629120 424.570371 
272.000000 3.000000 3.000000 a 183.002732 192.509740 270.070361 249.721845 212.896689 190.924069 135.118467 130.146072 201.853908 151.476071 297.082480 154.207652 95.603347 268.225651 195.979591 226.019911 173.461811 127.757583 112.507778 109.658561 298.303537 182.701943 139.645981 240.507796 180.601772 176.819117 138.452158 210.622886 209.880919 114.127122 
180.000000 9.000000 1.000000 a 420.529428 432.949189 121.412520 420.880030 326.263697 204.707108 366.922335 314.097119 77.420927 340.123507 412.098289 128.316016 196.104564 505.098010 138.423264 441.943435 136.359818 222.092323 233.077240 151.743204 236.122849 407.966910 258.147245 245.936984 228.403152 133.962681 247.648945 296.400067 404.965431 201.762236 
122.000000 6.000000 4.000000 a 228.632894 243.993852 181.176709 188.403822 95.770559 55.578773 275.862284 279.451248 233.002146 301.264004 186.324985 217.147415 68.183576 303.117139 106.512910 225.321992 98.600203 250.217905 37.643060 179.627392 159.655880 203.246156 30.265492 92.763139 33.286634 245.246814 269.981481 73.979727 180.136060 227.490659 
196.000000 9.000000 3.000000 a 406.148987 421.042753 15.132746 357.418522 250.439613 128.160056 411.251748 382.205442 195.923454 408.259721 321.099673 225.869431 187.320581 483.027950 82.565126 405.178973 103.740060 309.006472 202.002475 222.193609 105.004762 382.890324 210.447143 141.354165 156.894869 244.233495 335.180548 215.176672 358.280616 284.288586 
134.000000 2.000000 3.000000 a 214.979069 217.223387 508.129905 147.027208 252.715255 377.446685 390.083324 456.718732 551.119769 460.817751 201.206362 516.784288 374.809285 169.331037 440.238572 150.416090 433.719956 498.353288 334.341143 471.067936 434.480149 196.290601 308.637328 367.164813 349.040112 543.014733 503.294149 288.173559 166.192659 486.893212 
213.000000 8.000000 4.000000 a 423.618933 438.170058 21.095023 382.831556 276.846528 152.200526 416.811708 382.027486 179.738699 408.333197 349.927135 215.807785 199.491854 502.410191 97.514102 426.635676 115.108644 303.323260 219.428804 218.325445 135.003704 402.125602 231.387122 170.531522 180.941980 231.400086 329.705930 242.002066 381.057738 279.256155 
180.000000 1.000000 2.000000 a 91.782351 85.052925 426.825491 240.950202 276.551984 322.220421 94.894678 173.666347 363.600055 169.307413 326.906715 311.245884 244.135208 144.308697 348.737724 162.262134 328.525494 249.070271 235.304059 270.748961 427.790837 124.651514 242.851807 357.471677 301.166067 328.671569 241.993802 295.221950 188.859736 250.121970 
230.000000 9.000000 2.000000 a 196.290601 208.710326 225.534920 227.659834 172.002907 138.621788 185.550532 180.759509 191.167466 203.088651 260.618495 154.402073 44.721360 281.149426 148.660687 223.957585 127.345985 159.078597 62.625873 109.000000 246.221445 185.924716 93.214806 188.403822 128.705089 181.110464 175.729906 164.347193 196.310978 139.301831 
272.000000 9.000000 2.000000 a 56.222771 51.971146 410.098769 204.592277 244.167975 299.173862 121.564798 194.743421 362.480344 194.427364 291.233583 312.603583 228.054818 120.673112 331.271792 126.775392 312.313945 259.855729 213.581366 269.703541 402.631345 88.255311 217.112874 330.800544 276.409117 332.415403 256.288899 264.871667 152.541798 257.406294 
146.000000 2.000000 2.000000 a 374.200481 383.400574 225.002222 419.019093 346.359640 250.511477 275.943835 209.002392 45.967380 233.308808 437.714519 38.418745 189.873642 459.296201 199.699775 413.672576 183.174780 111.112556 233.225213 84.291162 321.174407 372.263348 265.926682 304.006579 263.531782 16.278821 133.660016 325.751439 389.062977 98.310732 
135.000000 3.000000 3.000000 a 276.812211 292.617498 174.805606 193.829822 85.615419 57.870545 346.666987 352.506738 279.892837 374.285987 154.870914 275.181758 137.568165 341.013196 122.674366 256.195238 129.027129 319.419786 110.385687 242.997942 106.301458 245.782424 89.274856 32.015621 45.891176 302.535948 340.411516 50.009999 205.009756 295.787086 
207.000000 4.000000 5.000000 a 56.222771 42.201896 461.043382 183.934771 256.632032 339.589458 196.824795 273.270928 434.255685 271.012915 278.548021 386.731173 284.564580 42.047592 382.341470 91.923882 366.030053 338.763930 260.555176 342.476277 434.991954 83.934498 254.503438 360.672982 313.438989 407.982843 335.752885 284.971928 139.230025 335.201432 
129.000000 5.000000 1.000000 a 271.300571 283.185452 177.177877 294.925414 221.081433 139.463257 228.842741 196.010204 116.674762 221.930169 312.473999 89.185201 64.078077 356.501052 113.216607 299.200602 90.027773 134.164079 107.424392 52.239832 233.094401 261.721226 140.217688 195.248560 145.220522 117.341382 158.294030 202.543822 268.715463 109.165013 
224.000000 9.000000 2.000000 a 105.546198 117.175083 310.779665 179.713661 173.046237 202.607996 141.354165 178.044938 277.317508 191.062817 243.507700 233.173755 129.034879 191.062817 231.952581 145.426958 213.084490 204.841402 115.741090 187.608635 308.585482 101.911727 124.807852 239.453545 182.024724 256.898813 211.028434 184.195548 134.372616 193.868512 
198.000000 1.000000 2.000000 a 69.720872 74.168727 424.759932 107.647573 194.648401 296.285335 244.965304 311.488363 429.420540 315.296686 202.625270 388.485521 262.085864 69.079664 348.483859 19.026298 335.871999 358.615393 228.816520 342.593053 381.473459 54.671748 213.466625 307.162823 268.164129 412.952782 361.322571 226.973567 71.196910 349.611213 
102.000000 4.000000 5.000000 a 160.199875 175.025712 244.663034 161.384634 111.198022 127.349912 211.303100 228.962879 251.191162 247.541916 196.091815 219.531319 76.275815 239.493215 166.090337 169.955877 150.880748 223.758799 44.181444 174.942848 231.812424 139.463257 47.801674 162.289864 105.190304 246.829901 238.102919 112.871608 134.536240 205.341180 
123.000000 8.000000 1.000000 a 328.896640 341.252106 133.689940 338.292773 252.162646 145.000000 284.369478 242.390181 77.794601 268.778719 342.118401 83.384651 107.447662 413.620599 92.763139 352.346420 76.000000 163.416645 147.800541 77.665951 215.712772 317.094623 176.640879 197.253644 161.276161 106.733313 189.694491 227.035240 317.819131 138.946033 
198.000000 2.000000 5.000000 a 369.358904 382.172736 103.585713 367.484694 274.257179 155.640612 328.166116 283.622989 79.555012 310.014516 361.411123 110.344914 143.108351 453.419232 91.760558 388.830297 85.234969 199.484335 179.493732 117.783700 203.982842 355.584027 204.707108 201.375272 177.552809 126.779336 225.869431 245.458754 351.411440 176.173210 
260.000000 8.000000 1.000000 a 434.480149 447.563403 96.876210 423.001182 323.966048 198.909527 392.328944 343.139913 110.887330 369.358904 406.532901 159.665275 206.584123 517.982625 132.245983 450.919061 136.014705 253.189652 239.726928 178.538511 214.979069 419.362612 261.553054 234.096134 224.877745 167.200478 279.062717 292.138666 411.175145 231.935336 
192.000000 2.000000 2.000000 a 220.095434 235.906761 216.910120 144.931018 41.868843 86.092973 302.200265 318.097469 288.105883 337.764711 131.095385 272.124971 120.813906 284.191837 150.572242 200.002500 148.070929 299.736551 81.154174 233.488758 163.110392 188.732615 49.244289 88.566359 58.008620 300.261553 317.787665 22.135944 149.566039 278.088116 
170.000000 9.000000 2.000000 a 90.934042 85.023526 421.882685 239.002092 272.957872 317.554720 92.574294 170.601876 358.803567 166.883193 324.303870 306.543635 239.200753 146.321564 343.821174 161.505418 323.579975 244.951016 230.592715 265.932322 423.249335 123.016259 238.415604 353.073647 296.624342 324.098750 238.193199 291.274784 186.850207 245.735630 
108.000000 9.000000 5.000000 a 346.161812 361.798286 207.537948 231.579360 138.293167 135.329228 433.544692 441.565397 350.754900 463.237520 156.894869 354.539137 225.623580 398.934832 185.779439 311.680927 200.002500 406.132983 199.288735 326.534837 94.175368 311.849323 175.695760 79.762146 133.540256 380.821480 427.898352 114.402797 259.383885 382.001309 
213.000000 4.000000 3.000000 a 140.117808 141.325865 372.404350 264.820694 269.284236 283.451936 45.188494 103.368274 290.268841 106.705201 337.415175 236.543865 193.744677 212.758079 297.168302 205.543183 275.136330 171.711968 197.608198 198.282627 391.632481 160.514797 214.965113 327.140643 267.525700 252.578701 165.517371 279.007168 214.394496 173.072239 
231.000000 2.000000 4.000000 a 299.081929 308.058436 232.038790 352.852660 290.869386 215.415877 207.347534 150.685102 96.254870 176.819117 381.693594 41.231056 134.536240 384.011719 181.835090 340.735968 160.103092 65.069194 175.755512 24.351591 305.000000 298.402413 209.296440 271.182595 221.000000 60.605280 91.350972 275.655582 319.239722 40.804412 
131.000000 8.000000 4.000000 a 212.249853 221.359436 259.218055 276.703813 232.484408 194.401646 145.206749 122.286549 174.977141 146.413797 319.264780 125.538839 97.652445 297.249054 189.156020 255.665797 165.894545 101.202767 124.619421 82.079230 299.294170 212.433519 155.128979 246.981781 188.353391 147.434731 115.000000 226.366959 238.365266 85.492690 
101.000000 8.000000 3.000000 a 238.270854 253.797163 244.018442 129.653384 30.232433 120.104121 341.646016 363.352446 333.880218 381.976439 87.800911 320.301421 169.755707 290.836724 186.946516 203.735122 188.679623 348.518292 130.034611 282.304800 166.721324 203.482186 97.416631 98.086696 96.384646 348.390585 366.191207 29.410882 151.343979 327.038224 
132.000000 2.000000 1.000000 a 129.757466 124.004032 430.503194 275.797027 302.185374 334.551939 60.827625 142.214627 350.705004 134.402381 358.765940 296.440551 249.505511 182.164761 354.012712 200.324736 332.580817 225.842866 247.412611 259.110015 441.943435 160.801119 259.699827 374.145694 315.905049 311.220179 215.522621 317.586209 223.600089 230.338881 
172.000000 8.000000 5.000000 a 253.552756 263.304007 229.296751 305.083595 247.370168 185.809042 182.164761 143.125819 131.673839 169.198109 337.349967 83.600239 95.189285 338.921820 166.171598 292.960748 142.863571 87.321246 133.060137 38.910153 284.355411 251.143385 166.300932 241.033193 186.290096 107.489534 109.004587 235.136131 270.985239 64.280635 
184.000000 9.000000 5.000000 a 371.704183 386.618675 279.427987 235.790161 169.531708 205.197466 481.772768 498.738408 423.798301 518.811141 144.249783 425.339864 289.347542 411.004866 259.110015 325.098447 272.413289 471.610008 257.503398 395.050630 162.496154 335.407215 229.165879 151.082759 198.295234 452.089593 492.139208 159.298462 275.187209 448.130561 
210.000000 1.000000 4.000000 a 183.461168 198.816498 224.414795 157.952525 88.005682 100.717426 242.117740 256.456624 252.841848 276.023550 177.386583 227.437904 75.471849 258.745048 147.526269 183.098334 135.650286 243.051435 32.649655 185.000000 202.408004 158.619040 17.000000 131.726990 76.243032 255.391856 259.493738 83.773504 141.031911 222.811580 
108.000000 3.000000 2.000000 a 150.243136 156.310588 324.322370 249.451398 236.393739 237.800336 85.146932 108.041659 249.238841 122.024588 312.020833 197.618319 146.249786 231.969826 249.208748 205.912603 227.094694 146.863883 153.482898 156.320184 346.005780 160.153052 174.201033 283.593018 223.557599 216.601016 147.851277 241.646436 202.704218 141.992958 
195.000000 1.000000 4.000000 a 445.863208 458.109157 137.440896 447.219186 352.115038 229.712864 387.129177 331.049845 88.865066 356.759022 437.403704 143.610585 222.279104 530.619449 163.082801 468.107894 162.188162 236.681220 259.464834 172.002907 254.827393 433.820239 284.508348 269.235956 253.938969 144.585615 261.520554 321.885073 431.335137 217.910532 
248.000000 2.000000 4.000000 a 311.295679 325.983128 284.015845 173.631794 115.412304 184.100516 429.697568 453.163326 406.263461 471.699057 83.360662 399.906239 254.332460 348.855271 246.619140 263.093139 255.080379 435.652384 217.368351 365.067117 177.341479 274.767174 185.924716 138.191896 169.186288 427.590926 454.270844 114.756263 213.581366 413.400532 
296.000000 4.000000 4.000000 a 309.725685 324.530430 277.405840 174.002874 111.646764 177.538728 425.935441 448.475194 399.731160 467.209803 85.475143 393.649590 248.515593 348.833771 239.941660 262.733705 248.485412 430.034882 211.910358 359.022283 171.187032 273.305690 180.712479 131.483839 162.889533 421.303928 448.812879 109.444050 212.758079 407.682474 
214.000000 4.000000 4.000000 a 238.717406 249.551598 394.342491 89.627005 146.604911 270.148108 397.684548 445.028089 473.937760 456.921219 66.648331 451.437703 298.804284 244.002049 336.772921 172.037787 336.251394 458.530261 255.425136 408.735856 305.511047 204.362423 223.188261 245.772252 244.493354 479.400668 470.541178 176.867182 141.400141 441.172302 
162.000000 8.000000 4.000000 a 207.562039 220.707952 207.639110 225.257630 160.900590 118.793939 205.516423 199.424171 187.384631 222.200360 251.065728 155.794737 25.298221 291.432668 130.000000 229.654088 109.329776 171.353436 47.265209 112.004464 226.258701 194.092761 80.006250 169.257201 109.931797 183.371208 189.718212 149.966663 197.994949 150.029997 
123.000000 3.000000 3.000000 a 356.552941 372.263348 194.653538 245.814971 149.602807 132.196823 438.179187 443.190704 343.093282 465.395531 173.002890 349.313613 225.397427 411.428001 178.011236 324.279201 193.662077 404.210341 201.816749 323.061914 79.202273 322.769267 180.346888 76.550637 133.958949 375.138641 426.550114 123.166554 271.900717 379.790732 
150.000000 8.000000 3.000000 a 179.688620 179.938879 381.077420 304.113466 302.372287 303.595125 24.020824 66.030296 279.715927 66.490601 374.171084 224.182961 209.480309 249.200722 309.118100 245.790561 286.225436 147.851277 220.689828 191.261601 411.534932 200.823305 242.002066 350.750624 290.628629 236.349318 136.751600 309.095455 254.125953 154.495955 
161.000000 4.000000 3.000000 a 449.928883 465.559878 232.034480 330.619116 241.969006 215.522621 531.060260 531.717970 403.936876 554.801766 246.657657 420.030951 312.054482 501.243454 244.773365 413.977053 264.864116 484.809241 293.155249 400.091240 121.511316 415.530986 273.914220 163.517583 223.555362 443.703730 508.520403 217.513218 361.906065 459.814093 
292.000000 7.000000 4.000000 a 136.484431 149.459024 354.005650 19.000000 104.580113 222.697104 289.352726 338.212951 395.506005 349.206243 107.480231 364.771161 218.160491 166.928128 283.425475 80.777472 275.965578 359.254784 176.782352 319.845275 293.981292 100.169856 150.602125 221.472346 193.940713 391.894118 368.897005 139.742621 34.985711 344.117712 
229.000000 8.000000 3.000000 a 234.710460 239.726928 316.096504 327.990854 296.745682 262.665186 108.673824 56.400355 196.000000 82.377181 380.474703 140.032139 166.207701 314.493243 251.644591 290.723236 228.219193 65.215029 192.771886 112.089250 366.191207 245.073458 222.121588 315.729314 257.235301 151.009933 62.769419 293.402454 284.079214 69.123079 
160.000000 7.000000 4.000000 a 47.010637 57.271284 367.012261 165.169610 194.743421 251.857102 144.280976 204.004902 336.162163 210.011904 246.531945 290.172363 187.296556 132.306462 288.006944 102.883429 270.312782 251.400080 167.863039 245.203997 353.899703 57.271284 168.585290 281.538630 228.160032 312.673952 252.960471 214.946505 113.357840 244.182309 
146.000000 6.000000 3.000000 a 231.572883 242.396370 221.652882 275.036361 216.834038 162.246726 182.463695 156.977705 151.092687 181.958787 306.623548 108.977062 67.675697 317.157689 152.052622 266.625205 128.705089 115.732450 103.043680 63.031738 264.781042 226.141549 136.033084 216.453228 159.765453 134.807270 135.340312 205.548048 242.260191 94.005319 
254.000000 1.000000 2.000000 a 206.516343 206.903359 521.176554 159.411417 267.088000 390.001282 380.315658 449.672103 555.850699 452.305207 222.110333 519.373661 381.047241 152.118375 451.367921 146.812806 443.614698 496.146148 341.808426 473.465944 451.851746 192.023436 317.855313 382.989556 361.353013 545.059630 499.705914 302.788705 170.742496 485.917689 
176.000000 5.000000 1.000000 a 245.073458 260.001923 160.252925 216.004630 124.169239 49.040799 273.821109 269.118933 204.919496 292.236206 214.282524 191.366141 50.089919 322.741383 82.710338 247.935475 71.693793 231.138487 41.436699 156.012820 157.200509 222.461233 54.203321 99.644368 42.449971 219.317122 252.356890 100.284595 204.863369 207.504217 
150.000000 2.000000 5.000000 a 74.276510 88.865066 358.369921 83.522452 137.419067 230.471256 225.503880 279.329554 368.480664 288.249892 169.614268 330.691699 197.395542 128.249756 282.001773 48.846699 269.551479 311.314953 162.692962 284.763059 319.152001 37.643060 147.091808 244.607849 202.632673 356.328500 317.770357 166.628329 31.575307 299.172191 
117.000000 7.000000 1.000000 a 191.376592 206.118898 213.459598 182.258059 113.357840 99.161484 229.106962 236.636853 228.035085 257.390754 203.393707 201.357890 50.447993 270.647372 134.836939 199.619638 119.816526 218.020641 13.000000 158.757677 205.912603 170.519794 33.734256 139.703257 80.212219 229.268402 235.227549 105.019046 161.235852 197.306868 
191.000000 1.000000 2.000000 a 332.006024 347.012968 75.894664 286.714143 181.958787 55.946403 348.793635 329.757487 190.002632 354.938023 260.353606 201.241149 119.507322 408.486230 25.961510 330.927485 47.169906 269.666461 128.390031 183.087411 98.086696 308.366665 135.959553 88.238314 84.528102 225.390772 294.552203 148.054044 284.675254 244.436086 
231.000000 6.000000 4.000000 a 252.241947 257.945731 303.199604 338.864280 301.212550 257.992248 129.634100 70.384657 176.139150 96.772930 387.001292 120.066648 162.874185 333.174129 241.834654 306.066986 218.524598 45.276926 193.313217 95.462034 359.200501 260.722074 224.162887 312.166622 254.866632 130.049990 48.507731 295.367568 296.624342 48.052055 
167.000000 2.000000 1.000000 a 14.000000 24.207437 405.975369 140.616500 201.725060 283.213700 189.084637 256.320112 389.867926 259.532272 232.361787 345.407006 232.280003 79.479557 327.575945 56.718604 312.065698 308.025973 205.650188 300.041664 378.308076 28.178006 198.123699 304.029604 256.859884 368.490163 309.012945 228.980349 90.686272 300.887022 
234.000000 2.000000 4.000000 a 300.707499 316.362134 133.809566 231.534015 123.693169 30.870698 350.570963 346.809746 247.487373 370.135110 195.931110 248.887525 127.062977 370.135110 85.094066 287.503043 95.634722 302.907577 112.645462 221.436221 82.764727 272.244376 103.092192 26.019224 43.863424 275.307101 325.640907 88.141931 237.775104 278.352295 
102.000000 2.000000 2.000000 a 244.380850 258.131749 166.883193 242.991769 162.336071 87.817994 243.731410 229.839074 168.359734 254.017716 253.665134 148.431803 16.000000 326.810343 89.286057 259.886514 68.593003 186.123615 52.402290 111.072049 191.689854 227.771816 82.855296 142.351677 87.664132 176.570099 207.867746 142.863571 223.002242 162.274459 
272.000000 4.000000 4.000000 a 227.160736 228.980349 364.299327 340.177895 323.649502 303.960524 70.830784 17.029386 242.596373 36.235342 402.285968 186.526138 207.171427 300.121642 298.026844 290.243002 274.614275 101.202767 228.109623 161.012422 409.552194 244.524027 254.521119 355.257653 295.677189 194.435079 86.330759 324.853813 292.441447 113.000000 
222.000000 5.000000 1.000000 a 456.607052 467.952989 177.070607 470.230794 379.400843 260.499520 382.179277 319.828079 78.771822 344.681012 466.804027 134.238594 240.208243 542.037822 195.017948 484.281943 190.591186 222.643212 280.189222 170.988304 293.470612 447.611439 307.728777 303.427092 282.936389 127.424487 245.790561 350.853246 450.584065 207.086938 
218.000000 4.000000 4.000000 a 139.807010 149.251466 298.881247 218.506293 199.090432 204.166599 120.966938 142.555252 244.640553 158.521292 276.365700 197.474049 117.046999 224.964442 221.720545 185.550532 200.661406 164.176734 118.228592 152.816884 312.296334 141.209065 137.131324 247.975805 188.215302 219.893156 170.461139 204.083316 174.613860 153.808322 
133.000000 4.000000 2.000000 a 281.824413 292.959042 187.779126 313.703682 242.441746 160.639348 224.770995 184.707877 101.607086 210.983412 333.803835 68.154237 85.070559 367.360858 129.618671 313.694119 107.070071 115.433964 128.160056 30.594117 251.563113 274.694376 161.276161 216.390850 167.146642 96.208108 140.427917 224.439301 285.511821 90.210864 
291.000000 5.000000 3.000000 a 449.231566 465.004301 198.305320 339.484904 243.577503 197.567710 518.453469 513.837523 373.566594 537.663464 261.489962 392.796385 294.266886 505.729177 218.405586 418.616770 239.708156 461.663297 279.958926 375.686039 94.826157 416.082924 264.367169 150.243136 209.880919 415.523766 486.032921 215.232433 366.230802 436.497423 
236.000000 3.000000 2.000000 a 278.064741 293.206412 258.897663 151.211772 75.213031 148.384635 389.138793 411.144743 369.243822 429.884868 76.550637 360.347055 213.021126 322.739833 213.358853 235.696839 219.492597 393.837530 175.385290 324.445681 162.791277 242.128065 143.753261 109.224539 130.495211 388.207419 412.243860 72.691127 184.271539 371.775470 
214.000000 5.000000 5.000000 a 320.357613 334.468235 313.523524 175.573346 135.358783 213.600094 447.698559 475.000000 435.600735 492.684483 80.777472 428.169359 281.000000 350.967235 276.501356 267.200299 284.675254 461.329600 242.744722 392.509872 205.104851 283.571860 210.489905 168.157664 197.772597 455.964911 479.282798 140.174891 220.165847 439.501991 
230.000000 4.000000 3.000000 a 421.058191 436.004587 25.495098 369.720164 262.268946 141.661569 426.620440 396.890413 205.730406 422.995272 330.626678 238.033611 202.829978 497.518844 98.061205 419.133630 119.251834 322.518217 217.057596 236.027541 107.354553 397.456916 224.750973 150.903943 170.261563 255.477983 348.764964 226.790652 371.809091 297.934557 
245.000000 8.000000 5.000000 a 301.837705 317.294816 231.918089 182.584227 94.047860 132.196823 401.179511 416.799712 354.391027 436.935922 110.063618 350.365523 209.121974 351.330329 193.597521 264.054919 202.763409 391.492018 175.823775 317.403529 130.510536 266.720828 147.231111 84.970583 120.037494 377.763153 411.418279 77.935871 211.966979 368.435883 
279.000000 2.000000 1.000000 a 186.002688 191.668985 455.360297 94.625578 199.964997 324.722959 360.013889 421.503262 501.780829 427.964952 153.013071 469.294151 324.735277 161.474456 387.743472 116.275535 381.601887 456.097577 283.571860 423.872622 382.758409 160.801119 256.970815 314.745929 296.354517 495.971773 462.795851 235.459126 119.570063 443.199729 
115.000000 5.000000 3.000000 a 133.206606 140.121376 324.548918 231.216349 221.894119 231.624696 94.493386 126.015872 259.832638 138.755180 295.465734 209.747467 143.617548 216.085631 247.987903 187.459329 226.550215 164.012195 145.602198 166.940109 339.754323 141.767415 163.526756 275.176307 215.520301 230.019564 166.003012 229.093867 184.141250 157.724443 
177.000000 6.000000 3.000000 a 398.151981 408.882624 180.568547 423.565815 340.147027 230.766115 318.904374 257.637342 15.811388 282.842712 430.219711 71.028163 190.905736 483.735465 171.292148 429.951160 159.831161 161.409417 233.214494 108.784190 286.094390 391.429432 263.491935 280.315893 248.845333 67.779053 185.585560 315.069834 399.545992 144.499135 
107.000000 4.000000 1.000000 a 336.475854 352.059654 215.081380 219.920440 128.362767 135.624482 427.449412 437.529428 353.735777 458.812598 144.734239 355.620584 223.271136 388.057985 189.235303 300.780651 202.299283 404.677649 195.058965 326.332652 103.966341 301.877459 170.073514 81.006173 131.244047 382.221140 426.001174 106.301458 248.555829 380.784716 
293.000000 7.000000 3.000000 a 134.718224 138.452158 351.262010 249.339126 248.294180 260.716321 66.287254 110.855762 276.101431 119.004202 318.680090 223.671634 171.618764 212.701669 275.465061 196.163197 253.653307 166.352036 174.805606 183.357574 368.879384 150.416090 192.379833 304.356699 244.724335 241.536747 163.670401 257.031127 200.062490 164.468842 
249.000000 9.000000 2.000000 a 263.946964 278.312774 142.126704 245.814971 155.206314 60.745370 273.197731 259.268201 174.244082 283.621226 245.079579 163.517583 43.382024 344.268790 63.198101 272.787463 46.097722 211.376441 61.351447 131.381125 162.114157 244.233495 83.096330 116.387285 67.268120 191.157004 234.138848 130.384048 231.948270 186.893018 
100.000000 2.000000 4.000000 a 345.351994 359.580311 65.787537 318.962380 218.634398 93.861600 337.965975 308.525526 144.419528 334.510090 301.728355 161.548754 119.037809 425.836823 27.018512 353.288834 35.510562 238.411409 142.618372 150.986754 139.057542 325.751439 159.677801 134.736780 119.519873 183.730781 264.251774 186.868938 310.522141 213.356509 
128.000000 9.000000 2.000000 a 355.225281 370.951479 116.846053 274.565111 166.883193 81.835200 404.675178 396.551384 268.477187 420.630479 223.143452 280.401498 177.496479 422.291369 105.323312 338.053250 124.595345 344.843443 167.907713 259.730630 26.832816 325.706923 158.826950 50.089919 99.809819 304.795013 368.895649 131.745968 287.062711 319.765539 
277.000000 3.000000 3.000000 a 212.407627 217.800367 313.542661 305.790778 277.704879 251.127458 98.020406 65.734314 206.072803 89.196412 360.090266 150.920509 154.301653 292.909542 245.635909 267.899235 222.265607 85.586214 177.101666 117.345643 356.519284 222.272355 205.056090 302.887768 243.589819 165.075740 85.475143 276.081510 261.467015 84.970583 
130.000000 2.000000 2.000000 a 81.400246 77.820306 462.049781 143.125819 233.788366 334.400957 250.145957 322.493411 458.747207 323.154762 237.356272 415.422676 295.702553 33.301652 385.149322 58.215118 371.732431 378.409831 264.457936 369.855377 420.629290 83.186537 250.888421 346.283121 306.471858 438.854190 378.651555 266.176633 110.317723 371.587136 
233.000000 7.000000 1.000000 a 178.058979 181.397354 345.775939 288.062493 275.985507 269.675731 58.240879 69.260378 249.467433 82.000000 352.029828 194.743421 174.805606 254.880364 273.826587 239.069028 250.906357 127.062977 188.215302 159.078597 377.351295 193.227845 211.376441 317.907219 257.775096 209.346603 121.696343 280.058922 240.201998 128.949603 
222.000000 1.000000 2.000000 a 108.258949 98.030607 455.723600 260.416973 302.630137 351.240658 105.361283 186.761880 388.542147 178.507703 348.992837 335.335653 273.075081 143.753261 377.732710 176.773867 357.414325 268.663358 264.378517 296.001689 456.601577 143.756739 271.471914 385.976683 329.989394 351.592093 259.370392 322.471704 208.892317 271.707563 
130.000000 6.000000 1.000000 a 89.044932 101.828287 370.049997 63.529521 136.499084 240.260276 248.805145 303.916107 389.073258 312.518799 154.935470 352.744950 215.640905 126.126920 295.182994 39.319207 284.200633 335.596484 178.619708 306.910410 323.261504 53.225934 159.423963 249.032126 211.811237 378.726814 342.347776 168.668314 13.892444 323.066557 
227.000000 9.000000 5.000000 a 66.753277 82.377181 339.911753 121.593585 147.434731 217.517815 186.903719 237.217200 333.210144 247.000000 198.564851 292.755871 168.433963 143.836713 261.629509 82.758685 246.546142 269.228527 139.742621 246.805592 314.815819 44.384682 132.457540 241.085047 191.637679 317.668066 275.203561 170.000000 72.249567 257.792552 
217.000000 1.000000 3.000000 a 284.355411 297.200269 353.782419 132.774244 133.360414 240.133296 427.856284 464.768760 457.000000 479.905199 45.891176 442.411573 290.268841 303.758127 306.339681 224.243172 310.420682 463.674455 248.406924 403.019851 253.552756 247.951608 214.869728 204.137209 218.753286 470.558179 479.016701 152.505738 182.784026 443.717252 
244.000000 3.000000 2.000000 a 291.317696 303.077548 168.362704 313.804079 237.008439 147.105404 242.637590 204.083316 96.938125 230.341051 328.332149 74.672619 81.633327 376.585980 111.516815 319.401002 89.470666 133.454112 124.907966 46.529560 234.343765 281.964537 157.012738 202.543822 156.259400 102.591423 158.836394 216.614866 288.503033 108.226614 
293.000000 5.000000 2.000000 a 102.552426 102.357218 460.895867 124.619421 223.109838 331.265754 275.771645 345.775939 469.233417 347.864916 216.474017 428.225408 301.199270 60.745370 385.482814 55.461698 373.630834 396.758113 266.947560 382.350624 412.043687 94.047860 249.899980 338.332677 302.803567 452.583694 398.577471 257.031127 101.710373 388.404428 
136.000000 9.000000 3.000000 a 26.000000 41.785165 381.701454 132.502830 182.332115 259.433999 183.043711 245.055096 367.495578 250.545405 220.417785 324.077151 208.139376 103.406963 303.265560 61.846584 287.737728 290.681957 181.339461 278.469029 355.658544 17.029386 174.347354 281.584801 233.343095 347.713963 293.231990 208.000000 80.498447 282.214457 
178.000000 9.000000 1.000000 a 80.280757 94.047860 326.075145 150.000000 158.795466 209.668786 161.913557 207.347534 306.493067 218.330025 220.510771 264.168507 148.489057 164.158460 247.129521 112.614386 230.152124 237.951676 126.194295 218.343766 311.926273 70.178344 126.491106 239.927072 186.010752 288.503033 243.823707 175.855054 102.591423 226.883230 
142.000000 3.000000 1.000000 a 349.242036 358.942892 208.849228 390.616180 317.844302 224.035711 260.301748 198.841646 44.553339 224.243172 409.216324 12.649111 161.245155 434.609020 176.147665 386.839760 158.268759 103.740060 204.592277 57.489129 299.040131 346.005780 237.320458 278.179798 236.044487 23.345235 128.875909 297.593683 361.233996 85.586214 
272.000000 7.000000 4.000000 a 334.200539 347.332694 106.667708 330.492057 238.656657 123.967738 303.725205 266.552059 99.503769 292.849791 326.879183 111.892806 106.620823 417.757106 66.121101 352.012784 52.886671 190.939781 142.302495 104.139330 187.779126 319.399436 167.705098 173.666347 143.558351 134.480482 217.082933 210.983412 314.238763 166.183633 
196.000000 9.000000 1.000000 a 175.413796 191.206694 246.077224 123.842642 55.542776 116.103402 261.306334 284.200633 288.729978 302.100976 141.795628 264.196896 111.892806 243.032920 172.661519 161.644672 164.210231 277.650860 68.600292 221.713779 206.118898 145.382255 38.948684 131.939380 87.823687 292.159203 293.006826 63.702433 114.481440 258.118190 
240.000000 7.000000 3.000000 a 210.850658 224.116041 203.376498 225.763150 159.389460 114.560028 209.954757 203.297811 186.034943 226.205659 249.851956 155.653461 20.880613 294.497878 125.634390 231.872810 105.076163 173.649071 45.011110 112.361025 221.921157 196.824795 78.160092 165.323924 106.174385 183.371208 192.398025 147.573710 199.424171 152.003289 
192.000000 3.000000 3.000000 a 366.994550 382.576790 89.894382 295.218563 187.002674 85.094066 404.665294 391.061376 248.072570 415.800433 248.268000 264.092787 175.000000 437.138422 89.470666 354.361397 111.139552 333.588069 172.154001 247.095123 34.928498 339.076687 168.267644 70.576200 108.673824 287.360401 358.351782 151.343979 304.290979 308.366665 
215.000000 4.000000 1.000000 a 311.231425 316.014240 323.154762 399.462138 357.035012 300.328154 170.557908 92.027170 166.769302 112.614386 444.595322 115.433964 210.097596 390.386987 272.662795 366.742416 250.391693 28.231188 245.489307 114.856432 394.932906 321.236673 277.794888 355.844067 301.532751 111.319360 14.142136 348.191040 357.677229 53.235327 
148.000000 8.000000 3.000000 a 210.230826 216.002315 308.585482 301.346976 272.209478 245.350769 101.242284 71.561163 203.666394 94.921020 354.881670 148.852276 148.529458 291.358885 240.285247 264.756492 216.933169 87.045965 171.292148 114.070154 350.827593 219.237314 199.323857 297.067332 237.760384 163.865799 88.566359 270.379363 257.419890 84.723078 
242.000000 4.000000 2.000000 a 386.757030 402.244950 231.821052 263.878760 178.717654 177.485211 478.602131 486.597369 387.011628 508.377812 180.136060 394.437574 269.883308 435.394074 222.182358 348.209707 238.533017 449.378460 244.436086 368.415526 113.216607 351.717216 220.843836 121.757957 178.000000 420.107129 471.561237 157.952525 296.386572 425.017647 
172.000000 8.000000 2.000000 a 220.601451 229.923900 417.484131 82.764727 164.201096 290.263673 386.411698 438.958996 485.917689 449.027839 96.046864 459.831491 308.889948 216.300717 356.113746 151.221692 353.598643 459.883681 265.753645 415.932687 333.880218 188.470157 235.053185 270.896659 263.351476 487.483333 470.106371 197.253644 130.003846 443.984234 
231.000000 8.000000 2.000000 a 176.238475 187.536663 254.243977 226.832537 184.837767 166.066252 157.050947 158.404545 206.700266 179.234483 270.007407 164.103626 73.824115 261.772802 177.724506 211.454487 156.208194 151.419946 84.876381 118.190524 274.089401 170.417135 111.233988 214.014018 153.912313 189.021163 164.368488 182.164761 190.031576 135.074054 
193.000000 2.000000 1.000000 a 52.000000 41.400483 454.334678 167.919624 243.846263 331.037762 207.424685 282.063823 434.263745 281.149426 262.731802 388.012886 280.146390 34.713110 375.949465 75.822160 360.373417 343.796451 254.023621 343.227330 424.482037 73.334848 246.002033 350.008571 304.369841 410.030487 342.024853 273.122683 124.531121 339.029497 
254.000000 4.000000 1.000000 a 158.230844 169.047331 383.709526 22.671568 129.096863 252.833938 320.702354 373.128664 432.601433 383.032636 102.044108 402.587879 255.054896 169.805771 315.634282 92.086915 309.612661 396.868996 213.103261 357.754105 315.379137 124.326184 185.456194 245.326313 224.379143 429.776686 406.078810 164.805946 64.007812 381.976439 
280.000000 2.000000 5.000000 a 197.466453 213.009389 262.589033 99.959992 10.770330 132.306462 306.000000 333.246155 329.851482 350.416895 92.763139 309.633655 156.540730 251.857102 196.939077 165.221064 193.767902 327.391203 113.600176 268.555395 199.203414 162.815847 80.324343 126.289350 104.403065 337.760270 343.036441 44.553339 113.000000 307.467071 
160.000000 1.000000 5.000000 a 342.825028 358.620970 171.046777 242.132195 139.742621 104.752088 415.788408 417.972487 315.192005 440.585973 178.272264 321.168180 199.210943 402.039799 150.083310 315.483756 165.511329 376.872658 177.991573 295.218563 61.854668 310.227336 159.022011 49.648766 108.811764 346.978385 399.462138 109.110036 263.212842 352.346420 
222.000000 3.000000 4.000000 a 179.334882 189.475592 395.425088 42.047592 139.671042 265.452444 343.493814 396.137602 451.400044 406.044333 95.900991 422.754066 273.804675 183.934771 329.607342 111.364267 324.853813 419.028639 231.294185 378.219513 321.375170 146.249786 202.356122 253.513313 237.427884 450.122206 428.572048 174.862803 87.000000 403.792026 
125.000000 9.000000 2.000000 a 261.398164 258.435679 443.717252 394.312059 392.868935 383.093983 87.005747 71.589105 311.512440 45.276926 465.653305 256.376676 286.525741 319.390044 378.276354 330.490544 354.857718 163.771182 304.685083 237.191905 489.326067 287.006969 328.940724 433.383202 373.451469 258.804946 140.698259 397.770034 343.588417 182.280004 
203.000000 2.000000 3.000000 a 397.132220 410.370564 81.743501 385.643618 287.814176 164.012195 361.454008 317.001577 101.355809 343.384624 371.873634 140.584494 168.866811 480.367568 97.200823 412.917667 98.716767 231.624696 201.717624 151.158857 193.372697 381.559956 223.832527 203.105884 189.021163 153.912313 257.947669 256.737220 373.226473 208.751048 
233.000000 7.000000 2.000000 a 470.510361 481.674164 190.515091 485.807575 395.202480 276.235407 392.363352 328.152404 90.249654 352.625864 482.609573 144.533733 255.440795 556.008093 210.641876 499.076146 206.390407 230.425693 295.655205 183.142021 307.611768 462.058438 323.371304 318.851062 298.739017 135.133268 252.786471 366.660606 465.798240 216.113396 
223.000000 9.000000 2.000000 a 427.692647 439.751066 138.293167 433.028867 339.991176 219.692968 367.110338 311.237851 69.856997 337.001484 426.597000 123.939501 205.798445 512.649978 153.847327 451.388968 150.426062 217.267117 244.100389 152.013157 253.140277 416.390442 270.248034 262.017175 242.738542 126.126920 242.297338 310.736223 415.621222 198.176689 
187.000000 3.000000 5.000000 a 336.466937 349.227719 117.413798 338.710791 249.064249 136.821051 298.390684 258.073633 85.842880 284.445074 338.008876 98.386991 111.139552 420.653064 80.224684 356.971988 66.098411 179.694185 149.164339 93.813645 201.814271 323.097509 176.139150 187.296556 155.347996 120.503112 205.973299 222.301597 320.627510 155.219200 
193.000000 7.000000 5.000000 a 293.509795 301.890709 246.333108 353.645303 295.717771 225.410736 194.928192 136.308474 109.000000 162.360710 386.036268 53.084838 141.003546 377.943117 194.509640 337.658111 172.409396 50.990195 180.897761 36.619667 317.176607 294.567480 214.347848 281.186771 229.532133 67.977938 77.077883 282.063823 318.308027 26.248809 
296.000000 4.000000 3.000000 a 163.917662 162.015431 402.662390 297.754933 306.297241 318.642433 11.401754 91.219515 307.467071 85.475143 373.016085 252.168594 226.991189 227.653245 328.975683 232.551070 306.470227 176.615401 233.540146 218.000000 426.867661 189.000000 251.829307 363.407485 303.595125 264.884881 164.984848 316.204048 246.497464 183.133831 
166.000000 9.000000 3.000000 a 349.481044 365.262919 176.207264 246.000000 145.134420 113.652981 424.301779 426.854776 323.075842 449.430751 179.301422 329.661948 208.146583 407.612561 158.003165 320.851991 173.833253 385.768065 186.678869 303.990131 63.702433 316.570687 167.260276 58.591808 117.643529 355.373043 408.384623 115.520561 268.508845 361.225691 
252.000000 4.000000 3.000000 a 197.060904 212.492353 268.955387 94.254973 14.142136 138.956828 309.476978 338.119801 337.037090 354.970421 86.145226 316.627541 163.526756 249.327094 203.835718 162.388423 200.863137 333.600060 120.503112 275.408787 203.553433 161.941347 87.315520 131.213566 111.211510 344.746284 349.001433 49.729267 110.022725 313.847097 
Type de surveillance de chaque endroit(target):tab[nombre de target]
a a a a a a a a a a a a a a a a a a a a a a a a a a a a a a 