Nombre des capteurs:
100
Nombre des targets:
30
Nombre de type de surveillance:
1

Caracteristiques:
111.000000 4.000000 1.000000 a 186.335719 281.300551 409.099010 173.078017 209.554289 247.455046 141.650980 397.200201 176.502125 340.587727 93.722996 252.873486 131.015266 518.096516 268.328157 41.146081 394.725221 304.055916 292.514957 168.961534 121.016528 310.845621 454.842830 274.052915 511.624863 343.781908 482.248898 87.664132 337.575177 231.157955 
109.000000 6.000000 2.000000 a 114.738834 124.851912 434.308646 129.468143 89.560036 419.008353 157.432525 344.223764 384.584191 195.576072 217.664880 164.878743 176.649370 288.405964 305.040981 273.936124 99.569072 332.704073 20.808652 285.870600 178.675684 323.148573 343.982558 369.303398 383.262312 200.609073 269.862928 211.681364 53.000000 68.352030 
298.000000 6.000000 1.000000 a 161.554944 41.000000 281.042701 164.210231 168.582324 320.039060 200.638979 184.361059 312.272317 40.112342 215.928229 57.982756 238.075618 210.059515 174.633903 270.351623 178.238604 191.929675 139.556440 205.681793 220.925327 178.532910 189.855208 246.758992 236.476214 45.044423 173.242604 241.598841 207.195560 167.191507 
208.000000 7.000000 1.000000 a 219.783985 144.692778 167.630546 213.677327 240.950202 215.415877 238.891189 106.066017 228.965063 113.745330 215.856434 103.812331 276.045286 285.576610 59.682493 252.224107 300.176615 69.856997 246.862310 137.644470 251.286689 56.859476 164.195006 131.000000 221.616786 112.285351 243.002058 256.859884 318.912214 249.647752 
123.000000 9.000000 5.000000 a 293.906448 225.144398 89.005618 286.000000 317.321603 185.564005 306.602348 86.533231 224.439301 183.847763 270.894814 183.861361 341.738204 332.601864 66.030296 294.742260 378.005291 29.832868 327.452287 165.130252 315.634282 26.925824 168.647562 93.407708 221.359436 181.069048 290.248170 315.063486 399.520963 327.649203 
229.000000 2.000000 2.000000 a 269.416035 243.495380 154.719100 257.635401 297.833846 94.244363 266.835155 182.701943 126.826653 234.034186 214.037380 193.940713 295.954388 407.003685 62.513998 221.325552 405.428169 72.622311 333.054050 93.637599 269.156089 88.752465 262.255601 19.723083 317.042584 233.173755 364.296582 259.077209 404.911101 313.576147 
203.000000 6.000000 1.000000 a 240.831892 126.921235 213.590730 240.559764 252.126952 308.293691 274.204303 103.947102 320.764711 50.606324 273.248971 118.127050 312.621177 192.574661 152.345003 320.340444 246.805592 152.029602 225.441788 223.215143 292.061637 135.003704 105.076163 221.183182 156.438486 45.793013 149.896631 307.001629 290.423828 252.786471 
222.000000 2.000000 2.000000 a 131.381125 153.447059 462.854189 146.492321 103.019416 443.308019 169.955877 372.601664 406.247462 223.230822 234.076910 193.051807 183.741666 305.601047 332.661991 288.501300 102.176318 360.801885 49.406477 309.741828 189.718212 351.449854 370.774864 396.056814 408.754205 228.232338 290.000000 223.089668 28.442925 81.006173 
128.000000 6.000000 1.000000 a 335.261092 249.377224 70.576200 329.164093 355.820179 238.673417 353.479844 47.381431 282.718942 190.790461 324.013889 216.041663 390.041023 308.876998 123.000000 351.650395 389.503530 88.955045 353.417600 223.394270 364.664229 80.411442 126.495059 148.734663 172.722321 186.807387 268.307659 367.164813 423.445392 363.401981 
216.000000 1.000000 5.000000 a 312.822633 201.019900 377.058351 320.975077 305.918290 482.025933 358.700432 259.886514 485.093805 159.100597 388.598765 235.669260 391.869876 44.147480 326.840940 445.214555 175.000000 329.054707 233.225213 380.311714 381.095788 312.006410 200.830775 397.456916 204.452929 158.660014 47.423623 407.303327 260.783435 293.470612 
249.000000 9.000000 5.000000 a 250.139961 336.471396 418.770820 236.298540 274.565111 230.982683 206.712361 424.858800 157.543645 388.542147 151.700363 302.687958 197.002538 570.362166 290.318790 93.037627 458.332848 322.950461 356.451960 190.517716 186.681547 332.776201 489.866308 279.177363 547.252227 391.214775 532.786073 153.310143 403.365839 296.339333 
283.000000 5.000000 2.000000 a 422.355301 353.005666 43.416587 413.672576 446.587058 224.955551 431.559961 158.028478 289.927577 301.663720 388.310443 313.461321 464.951610 415.986779 186.850207 401.310354 500.024999 151.158857 456.254315 271.427707 438.328644 156.160174 225.621364 163.003067 257.777035 297.954695 376.909804 433.453573 527.873091 457.371840 
236.000000 7.000000 5.000000 a 366.456000 267.471494 104.235311 362.194699 383.940099 293.640937 389.802514 48.052055 337.615166 197.202941 367.185239 242.553087 427.422508 280.223125 173.254149 399.224248 391.725669 141.904898 369.845914 273.651238 403.060789 130.782262 88.459030 203.960781 123.939501 192.481168 242.637590 408.827592 436.646310 388.784002 
161.000000 2.000000 1.000000 a 401.330288 301.942047 107.354553 396.969772 418.867521 312.417989 424.285281 82.975900 361.247837 230.341051 400.281151 277.481531 461.789996 298.605090 202.881739 430.673891 422.791911 169.366467 403.923260 303.441922 437.257361 160.162418 107.354553 225.787511 128.035151 225.523835 263.410326 442.366364 470.106371 423.647259 
107.000000 2.000000 3.000000 a 270.351623 168.751296 158.420327 267.269527 286.331975 273.248971 297.203634 51.971146 296.809703 102.532922 283.381368 145.382255 335.431066 234.616709 121.494856 323.289344 300.960130 109.767937 271.591605 210.059515 312.349164 92.347171 91.525953 182.164761 148.946299 98.310732 192.210822 322.024844 339.487850 290.394559 
191.000000 1.000000 2.000000 a 273.386174 278.949816 218.515446 259.493738 303.637942 47.885280 258.379566 253.899586 55.946403 286.923335 194.558475 229.368699 280.142821 467.068517 125.399362 182.937148 438.621705 143.586211 354.835173 86.005814 254.558441 158.902486 332.338683 80.062476 387.769261 287.000000 424.736389 236.292192 423.596506 322.485659 
229.000000 3.000000 5.000000 a 267.854438 170.472872 150.096636 264.092787 284.987719 260.647271 293.001706 50.960769 284.871901 108.706026 276.508589 143.610585 331.037762 246.894714 109.402925 314.941264 307.416655 97.123633 274.054739 199.612124 307.470324 79.699435 101.828287 169.516961 159.201131 104.809351 204.413796 315.981012 342.934396 289.994828 
237.000000 7.000000 5.000000 a 213.283848 102.786186 220.800815 212.595861 225.641308 293.640937 245.930885 119.570063 300.752390 38.013156 245.122418 89.822046 284.369478 209.153054 138.610966 292.957335 235.841048 145.000000 204.377102 200.262328 263.655078 129.073622 132.638607 210.038092 184.816125 35.114100 167.155616 278.567766 271.823472 227.369743 
167.000000 8.000000 1.000000 a 327.038224 271.221312 70.859015 317.447633 352.695336 152.305614 333.361665 129.988461 204.919496 235.637433 288.646843 226.715681 366.019125 384.157520 90.138782 302.661527 427.463449 58.898217 371.303111 172.165618 339.308120 70.710678 212.840316 69.570109 261.619953 233.060078 342.013158 333.808328 443.842314 365.136961 
213.000000 8.000000 3.000000 a 283.143073 171.642069 364.725924 291.247318 276.568256 458.938994 328.977203 248.090709 459.373486 134.346567 359.200501 207.537948 362.229209 71.589105 304.724466 416.004808 154.301653 309.413962 205.197466 353.899703 351.365906 292.684130 196.939077 376.191441 208.904284 134.495353 58.249464 377.597669 236.685445 264.486295 
126.000000 7.000000 2.000000 a 406.480012 286.818758 371.048514 412.554239 403.853934 519.026974 450.211062 260.639598 536.346903 222.766694 469.988298 309.870941 485.685083 65.030762 364.725924 523.381314 283.113052 355.759750 337.120157 438.238520 471.773251 338.378486 181.099420 428.228911 153.574086 220.047722 83.240615 494.813096 368.879384 393.788014 
166.000000 2.000000 2.000000 a 367.164813 342.982507 152.108514 354.633614 396.275157 80.006250 359.836074 235.594991 152.643375 325.129205 300.501248 293.863914 385.406279 486.087441 155.502412 293.639234 504.583987 145.055162 433.776440 182.123584 359.068239 162.000000 318.460359 84.308956 366.547405 323.482612 443.545939 343.930225 505.600633 412.835318 
194.000000 3.000000 5.000000 a 289.262856 186.252517 150.233152 286.251638 305.000000 281.300551 316.191398 36.769553 308.702122 116.824655 301.728355 164.222410 354.407957 234.008547 133.206606 340.771184 313.968151 116.730459 288.452769 225.290923 331.271792 99.764723 76.485293 189.274932 133.686200 112.294256 192.260240 340.689008 355.534808 308.755567 
196.000000 7.000000 2.000000 a 249.272943 330.684139 403.608721 235.053185 274.781732 214.709106 207.280004 411.953881 141.283403 380.171014 148.627050 295.203320 200.561711 563.000888 276.929594 90.249654 456.773467 309.011327 355.354752 177.747011 188.215302 319.225626 478.163152 263.865496 535.583794 382.685249 524.901896 155.051604 404.604745 296.708611 
252.000000 7.000000 2.000000 a 64.381674 161.616831 366.480559 49.819675 92.135769 272.066168 33.421550 321.188418 220.945695 230.412673 39.115214 143.781084 62.297673 399.111513 216.374675 95.126232 271.562148 253.298243 170.073514 144.810221 35.902646 253.189652 362.833295 254.717491 416.943641 234.367233 365.603610 47.169906 223.143452 114.070154 
240.000000 5.000000 2.000000 a 307.327187 188.661072 335.185024 313.682961 304.607945 448.746031 351.411440 218.048160 456.464676 132.230859 374.076195 215.870331 386.587636 53.225934 292.856620 428.900921 198.668065 292.159203 239.870799 353.747085 373.162163 274.881793 157.952525 362.049720 164.453641 130.648383 16.155494 396.993703 278.000000 294.884723 
270.000000 8.000000 2.000000 a 171.093542 214.462118 293.015358 156.217797 201.437335 158.448730 148.408221 284.154887 106.625513 252.982213 82.073138 172.235304 167.585799 437.785336 152.315462 79.227520 360.355380 187.579317 265.911639 52.345009 142.425419 195.000000 347.588838 161.074517 404.969135 255.049015 398.321478 123.600162 328.896640 222.121588 
239.000000 6.000000 5.000000 a 357.840747 323.797776 120.966938 346.093918 386.121742 100.284595 354.606825 204.120063 168.582324 300.261553 299.060195 275.659210 382.562413 456.921219 134.658828 298.529731 484.393435 118.697093 418.007177 178.530110 355.879193 134.951843 286.832704 69.310894 334.456275 298.303537 414.532267 343.534569 490.354973 401.528330 
297.000000 8.000000 1.000000 a 132.774244 223.042597 373.737876 118.600169 158.710428 239.265543 92.005435 349.585469 176.479461 283.467811 35.468296 195.532606 94.429868 459.932604 227.019823 27.000000 340.520190 264.007576 238.899560 133.753505 75.504967 268.419448 402.616443 245.880052 458.835482 286.810042 424.322990 45.617979 289.249028 180.709712 
242.000000 3.000000 5.000000 a 467.936962 406.078810 100.239713 458.259752 493.506839 233.238076 473.177557 215.967590 304.133195 358.064240 424.746984 364.462618 504.758358 473.254688 231.036794 431.055681 555.901070 198.040400 508.433870 304.844223 477.942465 205.973299 282.113452 192.044266 311.001608 354.496827 434.495109 469.920206 580.545433 505.600633 
213.000000 4.000000 3.000000 a 184.954048 62.649820 291.006873 189.179809 188.297637 346.174811 226.353706 186.560982 341.247711 33.241540 245.391524 88.509886 263.036119 179.769297 197.000000 300.376431 165.701539 210.297408 146.013698 235.051058 247.329739 195.576072 178.507703 269.551479 220.274828 37.643060 143.683680 269.462428 207.966343 183.883115 
166.000000 8.000000 4.000000 a 140.174891 43.011626 268.242428 139.742621 153.443801 285.772637 173.922396 184.054340 274.774453 67.675697 181.207064 20.518285 212.219226 247.620678 146.819617 234.061958 203.184645 169.499263 145.344419 167.904735 192.595431 158.382449 205.703670 217.248705 256.912436 71.344236 209.780838 210.202284 217.092146 157.003185 
124.000000 1.000000 2.000000 a 369.822931 337.712896 128.972865 357.865897 398.327754 100.129916 365.470929 216.831732 171.000000 314.579084 308.700502 289.414927 392.730187 470.718600 148.647233 305.949342 498.461633 133.003759 431.422067 188.605408 366.132490 149.214611 299.322568 81.835200 346.156034 312.617978 428.378337 352.881000 503.695344 414.016908 
229.000000 4.000000 5.000000 a 205.243758 91.400219 331.037762 212.424104 201.725060 393.103040 250.225898 221.269067 386.581169 74.672619 278.926514 130.034611 284.564580 148.054044 243.852414 335.846691 130.873985 255.925770 140.602276 279.892837 272.369235 240.709368 197.246039 316.412705 229.451520 77.472576 119.012604 297.833846 190.160459 192.317446 
253.000000 3.000000 1.000000 a 21.587033 135.532284 378.846935 9.219544 49.497475 305.949342 28.600699 320.600998 259.615100 211.558503 82.006097 130.751673 65.192024 369.682296 230.783448 137.767921 229.897803 266.242371 127.882759 174.289988 50.931326 263.347679 352.881000 278.352295 404.589916 216.011574 338.651739 79.924965 180.277564 71.253070 
130.000000 8.000000 1.000000 a 79.309520 188.321534 462.096310 87.982953 61.073726 387.604180 82.377181 396.011363 335.678418 269.364066 150.721598 201.613492 75.325958 399.821210 315.425110 193.545860 217.800367 350.241345 125.099960 258.211154 92.357999 346.283121 418.058608 363.901085 465.726314 274.308221 375.708664 122.784364 140.527577 64.845971 
148.000000 1.000000 3.000000 a 43.908997 165.846314 409.176001 40.607881 56.356011 324.248362 18.867962 353.362420 272.415124 243.402958 87.846457 163.688729 35.608988 396.758113 260.132658 135.447407 243.304336 296.184064 141.421356 195.931110 34.234486 294.091822 385.752511 303.871683 437.196752 247.945559 367.185239 67.601775 182.455474 76.896034 
246.000000 6.000000 4.000000 a 286.558894 164.137138 272.523393 290.077576 290.082747 389.560008 326.741488 155.360870 402.047261 89.872131 338.639927 177.859495 364.000000 112.147225 233.728475 390.151253 225.842866 230.375780 240.074988 302.597092 347.056191 212.983567 103.966341 301.240767 128.082005 86.400231 69.462220 367.034058 291.880112 284.740232 
224.000000 3.000000 1.000000 a 258.131749 303.935848 311.680927 243.016460 287.902761 117.477657 228.324331 335.000000 43.931765 334.516068 159.062881 259.326050 238.000000 519.731662 199.612124 121.400165 451.536267 226.638479 356.359369 113.017698 216.674872 239.470249 408.270744 172.029067 465.227901 335.900283 478.941541 189.404329 417.480538 309.297591 
267.000000 3.000000 2.000000 a 399.991250 277.622045 314.162378 403.910881 402.016169 474.495522 440.709655 208.240246 498.185708 203.420746 451.526300 291.075592 477.833653 104.861814 323.511978 501.614394 308.084404 309.945156 344.947822 405.265345 461.091097 292.924905 125.928551 382.472221 92.195445 199.624648 95.707889 480.891880 387.186002 395.092394 
197.000000 3.000000 1.000000 a 313.260275 292.514957 155.630974 300.760702 342.374064 61.554854 306.528955 212.492353 120.074977 281.177880 248.573933 242.903273 332.938433 450.165525 109.165013 246.028454 454.459019 108.521887 381.077420 129.015503 306.437596 125.960311 294.823676 37.121422 347.051869 280.044639 407.412567 292.605537 452.621254 359.005571 
246.000000 5.000000 5.000000 a 219.492597 151.822265 164.638999 212.508823 241.944208 201.638290 235.951266 113.507709 215.288179 126.253713 209.160226 108.245092 272.523393 299.446155 46.173586 243.181003 309.483441 60.745370 252.517326 125.602548 247.267062 50.249378 175.801024 118.105885 233.212350 125.035995 256.889081 251.127458 324.901524 251.765764 
213.000000 5.000000 2.000000 a 169.858765 93.193347 221.226129 165.339046 189.156020 242.051647 194.010309 148.973152 239.703984 86.377080 182.726572 50.219518 232.137890 271.014760 97.144223 227.793766 252.770647 119.402680 193.752419 135.959553 208.959326 108.931171 188.788241 168.576392 244.386988 87.321246 230.097805 219.494875 266.056385 196.786687 
146.000000 1.000000 3.000000 a 23.769729 140.918416 406.588244 33.941125 21.470911 340.379200 47.381431 341.672358 293.777126 220.952484 113.437207 147.868185 68.883960 366.152973 260.345924 166.075284 208.432243 294.893201 106.550458 208.403455 68.007353 290.766229 367.306412 310.845621 416.773320 225.729927 338.136067 101.138519 150.163245 42.449971 
124.000000 7.000000 2.000000 a 334.092801 228.659135 139.517024 331.217451 349.356551 304.277834 361.167551 32.202484 339.458392 154.767568 345.463457 208.959326 399.361991 238.673417 166.400120 382.753184 346.988472 142.270868 329.317476 263.326793 376.119662 127.310644 52.392748 212.037732 102.649890 149.883288 199.722307 385.024675 394.588393 352.512411 
245.000000 7.000000 4.000000 a 117.923704 40.804412 350.138544 126.574089 113.216607 359.873589 164.103626 257.124483 338.005917 109.201648 201.764714 88.769364 197.002538 235.476113 229.532133 260.284460 124.149104 253.308113 66.708320 232.363939 186.681547 242.074369 259.069489 298.328678 301.537726 114.284732 207.530721 214.336185 135.247921 105.019046 
213.000000 1.000000 5.000000 a 287.784642 291.652190 215.232433 273.906918 318.025156 33.541020 272.719636 257.388811 58.940648 297.235597 208.626460 241.913208 294.210809 476.051468 132.502830 195.473783 451.784241 147.434731 368.722118 100.224747 268.715463 163.444180 337.023738 79.812280 391.843081 297.134650 433.581596 250.059993 437.687103 336.827849 
251.000000 3.000000 2.000000 a 410.761488 351.863610 60.033324 401.001247 436.510023 189.282857 415.914655 175.413796 256.680736 308.301800 368.154859 309.006472 447.666170 436.735618 173.925271 376.378799 504.533448 141.675686 453.379532 248.760929 420.862210 150.748134 250.008000 136.693087 287.210724 305.063928 396.365992 413.363037 525.727116 448.878603 
247.000000 2.000000 2.000000 a 266.835155 151.347283 340.755044 274.007299 262.589033 433.038105 311.809237 224.615227 434.231505 108.683025 338.662073 184.361059 346.151701 86.556340 278.718496 394.807548 158.808060 283.510141 196.216717 329.120039 333.905675 266.827660 178.196521 350.172814 196.010204 108.673824 59.665736 359.011142 235.136131 252.115053 
101.000000 5.000000 3.000000 a 167.370846 207.002415 287.141080 152.643375 197.800404 158.902486 146.823023 276.318657 110.440029 244.638509 82.219219 164.283292 167.764716 429.511350 145.134420 85.000000 354.141215 180.737379 260.509117 46.000000 142.130222 187.757823 339.308120 156.732256 396.676190 246.677928 389.979487 125.095963 324.322370 218.197159 
203.000000 3.000000 3.000000 a 176.377436 222.638721 298.026844 161.400124 206.603485 157.035028 151.818971 291.509863 102.044108 261.583639 84.202138 180.701411 169.248338 446.374282 158.927656 75.133215 367.600326 193.762742 272.530732 58.463664 144.627107 201.645729 355.584027 164.575211 412.981840 263.651285 406.922597 124.084649 334.790980 227.517032 
188.000000 5.000000 5.000000 a 356.753416 236.579796 340.602408 362.552065 354.966196 475.606981 400.151221 226.008849 489.719307 172.742583 419.561676 259.555389 435.858922 42.801869 320.224921 473.097242 245.177487 314.085975 290.800619 390.082043 421.612381 296.622656 152.610616 385.996114 140.911320 170.182255 34.928498 444.437847 327.299557 345.626967 
167.000000 7.000000 2.000000 a 350.361242 229.943471 335.049250 356.033706 348.885368 468.651256 393.600051 220.081803 482.556732 165.614009 412.606350 252.517326 429.414718 45.650849 313.209195 466.048281 241.867732 307.314171 285.497811 382.873347 415.004819 289.849961 147.709174 379.153003 138.405202 163.027605 30.066593 437.676821 323.099056 339.779340 
241.000000 8.000000 3.000000 a 258.275047 306.080055 316.760162 243.148103 287.920128 122.184287 227.705951 339.607126 48.662100 337.675880 158.521292 261.839646 236.579796 522.942635 204.120063 119.281180 452.805698 231.397926 357.169428 116.503219 215.615398 244.131112 412.622103 177.087549 469.622189 339.117974 482.254082 187.882942 417.770272 309.401034 
296.000000 8.000000 2.000000 a 323.711291 214.611276 394.677083 332.415403 315.412428 499.609848 370.012162 277.503153 501.889430 176.113600 402.044774 250.944217 402.423906 44.721360 344.569296 459.069711 174.928557 347.036021 240.235301 396.771975 392.551907 330.001515 217.002304 415.313135 217.862342 175.846524 61.611687 419.448447 263.030416 302.049665 
259.000000 6.000000 1.000000 a 54.378304 86.092973 380.525952 66.708320 44.777226 349.857114 101.513546 301.705154 314.771346 167.002994 152.610616 109.658561 130.862523 303.265560 243.248844 210.582525 155.955122 273.766324 56.008928 216.411645 124.277914 266.204808 316.764897 304.014802 363.166628 172.011628 275.974637 154.922561 121.264174 40.199502 
224.000000 5.000000 1.000000 a 257.856549 161.049682 398.944858 268.001866 246.402110 471.106145 304.896704 284.543494 463.314148 150.096636 343.861891 205.221831 335.168614 115.849040 321.311375 402.124359 103.077641 331.633834 167.815375 356.355160 327.673618 315.854397 242.563394 393.837530 259.493738 151.990131 110.602893 356.437933 189.081993 231.458420 
112.000000 4.000000 2.000000 a 136.058811 16.643317 313.249102 141.155942 138.852440 336.043152 178.717654 219.045657 320.914319 72.835431 204.120063 63.007936 214.709106 221.461058 198.153981 261.093853 151.713546 219.346757 104.651804 213.936907 200.249844 207.195560 223.304725 268.793601 268.001866 77.929455 188.671672 224.200803 173.002890 135.133268 
225.000000 6.000000 1.000000 a 166.207701 79.649231 231.767125 163.076669 183.393021 258.031006 193.837561 152.610616 254.607541 72.013888 188.281704 42.059482 232.243407 257.235301 112.578861 235.866488 237.693079 133.146536 181.958787 149.966663 210.107116 121.659361 185.299757 184.328511 239.703984 73.430239 216.780995 222.946182 253.852319 189.409609 
114.000000 6.000000 2.000000 a 342.065783 317.770357 147.003401 329.660431 371.064684 70.837843 335.596484 219.544984 139.230025 301.701840 277.358973 268.538638 361.879814 465.626460 131.026715 273.183089 479.483055 123.328829 408.231552 158.050625 335.411687 140.602276 302.539254 59.135438 352.476950 300.216588 422.965720 321.217995 480.046873 387.486774 
168.000000 8.000000 5.000000 a 313.955411 324.815332 237.286746 299.641452 344.383507 23.345235 295.113537 288.820013 52.554733 332.103899 228.484135 275.307101 313.464512 510.906058 166.940109 207.002415 484.087802 179.724790 398.898483 129.541499 288.922135 196.209072 369.438764 109.224539 423.600047 332.031625 468.411144 267.346217 466.786889 363.902459 
106.000000 4.000000 3.000000 a 100.846418 78.236820 387.872402 113.159180 86.313383 381.215162 147.871566 297.941269 352.056814 150.960260 197.800404 119.632771 175.641681 263.865496 260.762344 256.164010 111.305885 287.327339 25.806976 249.689808 170.581359 277.315705 300.674242 326.741488 342.317104 156.041661 240.027082 201.444782 97.672924 72.201108 
209.000000 5.000000 3.000000 a 157.175062 207.992788 305.321142 142.172431 187.360615 174.691156 132.740348 291.336575 121.334249 251.286689 65.855903 168.077363 151.327460 435.197656 161.941347 67.186308 350.121408 198.012626 254.196774 64.195015 126.253713 204.377102 352.137757 175.413796 409.371469 253.647393 396.400050 107.415083 315.825901 208.338667 
217.000000 9.000000 2.000000 a 322.614321 200.192407 277.050537 326.087412 325.969324 411.636976 362.684436 161.310260 428.795989 125.031996 373.343006 212.758079 400.005000 100.623059 256.984435 424.011792 252.224107 249.176644 274.065686 332.001506 382.899465 231.728289 93.471921 321.362723 101.710373 121.264174 62.649820 402.504658 323.051080 320.295176 
259.000000 4.000000 5.000000 a 63.600314 77.524190 375.949465 75.179785 55.036352 351.240658 110.801625 294.944062 318.114759 158.113883 159.624560 104.560987 140.858085 292.984641 240.682363 217.919710 149.050327 270.351623 51.623638 218.220072 133.600150 262.230814 308.185009 302.887768 354.050844 163.150238 265.699078 163.783394 120.303782 49.010203 
133.000000 8.000000 5.000000 a 177.079078 146.294224 450.521920 191.133461 154.314614 463.493258 221.713779 349.284984 436.124982 195.897933 278.524685 194.743421 242.423184 242.684981 335.440010 336.025297 34.058773 358.175934 70.830784 333.088577 243.460469 346.151701 333.181632 404.312998 364.296582 200.384630 232.077573 276.132215 62.169124 133.753505 
151.000000 8.000000 2.000000 a 269.267525 349.084517 409.887790 255.001961 294.864376 214.457455 227.378539 423.332021 142.003521 396.840018 168.291414 312.622776 220.383756 580.311985 287.711661 110.113578 476.615149 318.628310 375.293219 189.994737 208.290662 329.601274 491.271819 269.942586 548.694815 399.224248 541.850533 175.102827 424.703426 316.796465 
262.000000 1.000000 2.000000 a 455.508507 389.621611 81.024688 446.305949 480.433138 235.535560 462.640249 195.256242 304.581680 339.330223 416.481692 349.161854 495.083831 451.615987 218.835555 425.659488 537.603013 184.458667 492.544414 297.605443 468.328944 191.023559 260.278697 185.951607 289.000000 335.644157 413.043581 461.703368 564.384621 491.866852 
290.000000 3.000000 4.000000 a 226.276380 128.280942 185.913959 223.181540 242.637590 261.938924 253.387056 93.605555 274.985454 74.846510 242.243679 101.434708 291.686476 238.918396 105.990566 284.943854 271.090391 108.664622 232.165889 179.805450 268.910766 92.395887 129.243955 175.729906 185.607112 72.111026 196.290601 279.658721 301.809543 247.329739 
111.000000 1.000000 5.000000 a 166.517266 116.056021 216.455538 159.088026 190.031576 210.192769 182.482876 162.692962 204.924376 121.264174 159.878079 66.708320 219.317122 305.910118 76.059187 199.904977 277.994604 106.400188 209.246266 101.118742 194.370780 100.647901 213.805987 142.863571 270.601183 122.249744 264.886768 200.104972 281.811994 201.228726 
161.000000 5.000000 1.000000 a 42.579338 164.468842 418.389770 44.721360 46.097722 338.600059 34.014703 358.959608 287.570861 243.614449 103.247276 167.000000 44.102154 391.637588 270.118493 150.748134 231.767125 305.722096 130.633074 209.322717 49.000000 302.907577 388.239617 316.014240 438.693515 248.294180 363.296023 82.152298 168.181450 64.884513 
148.000000 6.000000 1.000000 a 309.943543 253.653307 82.024387 300.536188 335.393798 152.970585 317.107237 122.155638 200.192407 219.476650 273.879536 209.028706 350.201371 371.712254 73.061618 290.084470 410.299890 41.231056 353.617024 159.154013 323.556796 53.712196 205.104851 64.350602 255.894510 217.043774 329.341768 318.943569 426.160768 347.666507 
184.000000 1.000000 1.000000 a 7.211103 128.316016 383.928379 10.816654 34.928498 318.133620 40.000000 321.454507 273.309349 206.400097 97.000000 129.003876 72.718636 359.818010 237.185581 152.741612 215.390343 271.950363 113.225439 185.647515 62.801274 268.152941 350.287025 287.433471 400.980049 211.009478 329.795391 93.477270 165.366260 56.435804 
270.000000 4.000000 1.000000 a 99.297533 220.029543 440.941039 93.471921 109.343495 329.139788 56.920998 396.011363 268.495810 295.778633 91.065910 212.720474 20.000000 452.319577 290.800619 115.004348 294.124123 327.928346 193.669822 211.653018 40.000000 328.344331 434.429511 324.237567 487.283285 300.148297 422.422774 48.104054 225.197691 127.581347 
145.000000 3.000000 2.000000 a 326.732306 298.785877 136.693087 314.682380 355.373043 78.771822 322.232835 201.725060 140.811931 281.710845 266.054506 249.775900 349.757059 445.920396 111.323852 265.706605 460.331402 103.484298 390.356248 145.646833 323.112983 120.813906 284.613773 40.249224 335.393798 280.208851 403.238143 310.470611 462.385121 371.307150 
205.000000 2.000000 4.000000 a 121.115647 169.522860 475.026315 136.014705 90.801982 440.511067 153.326449 390.035896 398.764341 244.245778 220.635446 203.600098 161.446586 336.808551 339.423040 272.222336 134.014925 369.640366 69.231496 306.835461 171.046777 361.581250 393.662292 399.505945 433.893996 249.323084 319.931243 204.198433 49.648766 70.384657 
210.000000 5.000000 5.000000 a 157.407115 177.459855 487.483333 172.539850 128.316016 470.616617 194.126248 394.849338 433.198569 243.741667 259.557315 218.826415 205.000000 311.207326 359.068239 313.057503 97.989795 386.662644 74.276510 337.037090 213.037555 376.941640 389.075828 422.995272 424.699894 248.652368 299.135421 246.375729 6.708204 106.470653 
239.000000 3.000000 2.000000 a 139.463257 189.190380 495.407913 154.146035 109.004587 459.831491 168.860889 409.649850 416.926852 262.786986 237.118114 224.008928 173.487752 347.857730 359.923603 287.179386 138.798415 390.155097 87.281155 326.259099 185.326738 382.062822 411.617541 419.795188 450.787089 267.845104 332.951948 218.082553 48.414874 89.470666 
103.000000 8.000000 5.000000 a 307.949671 192.338244 355.384299 315.220558 303.145180 464.010776 353.022662 238.209991 469.221696 143.387587 379.388982 223.573254 387.253147 45.343136 308.415304 435.197656 185.083765 309.363863 234.326695 365.321776 375.133310 292.207118 179.047480 378.450789 184.390889 142.442971 28.635642 400.196202 267.606054 292.058213 
115.000000 3.000000 1.000000 a 190.065778 190.536086 499.235415 205.119477 162.151164 496.568223 229.157151 401.011222 462.649976 247.842692 293.001706 236.027541 241.820181 291.496141 377.510265 347.696707 73.334848 402.800199 94.704805 363.716923 248.766959 391.843081 387.370624 443.978603 418.686040 252.491584 284.102094 282.143580 32.572995 140.128512 
228.000000 3.000000 3.000000 a 139.283883 119.970830 429.242356 153.287312 117.200683 429.968604 184.228119 333.384163 400.262414 181.342218 240.692750 165.680415 206.155281 258.520792 307.188867 298.171092 69.778220 332.200241 32.984845 298.390684 206.155281 321.263132 326.111944 374.339418 362.277518 186.196133 241.993802 238.650372 58.600341 97.247108 
196.000000 2.000000 4.000000 a 411.438938 296.892236 196.420467 410.410770 423.095734 388.212571 442.684990 120.801490 428.028036 216.566387 432.560978 287.179386 481.142391 225.763150 256.587217 472.038134 386.436282 230.384461 389.935892 353.871446 459.166636 216.462468 66.189123 297.200269 42.485292 211.482860 197.496835 470.561367 448.414986 423.137094 
151.000000 2.000000 2.000000 a 118.460964 72.346389 381.965967 130.000000 105.645634 386.359936 165.653252 288.124973 360.611980 138.159328 212.565284 118.595953 194.517351 244.180261 260.000000 271.184439 100.000000 284.608503 38.327536 256.538496 188.438319 273.629311 286.457676 327.867351 326.459798 143.171226 220.735135 218.680132 103.600193 91.923882 
173.000000 9.000000 5.000000 a 343.739727 326.377083 166.643332 330.847397 373.209057 53.758720 334.551939 238.025209 125.143917 314.515500 274.007299 276.703813 359.200501 481.414582 142.688472 265.753645 488.335950 138.917242 414.121963 156.984076 333.024023 156.348969 320.951710 70.178344 371.429670 313.269852 438.693515 317.050469 485.412196 390.366494 
206.000000 9.000000 2.000000 a 73.817342 101.242284 310.409407 64.404969 101.118742 255.785066 88.141931 254.196774 221.903132 161.987654 87.726849 74.303432 126.003968 337.010386 163.266653 143.405021 240.133296 198.116128 148.070929 122.196563 102.825094 194.794764 292.769534 215.724361 346.733327 165.680415 301.310471 116.468880 215.473896 117.004273 
198.000000 7.000000 5.000000 a 43.011626 164.283292 405.315926 38.327536 57.775427 320.039060 14.764823 350.121408 268.365423 241.373155 83.934498 161.009317 36.359318 396.061864 256.181576 132.242202 244.730464 292.289240 142.667445 191.689854 31.780497 290.303290 383.146186 299.686503 434.802254 245.880052 366.154339 65.115282 185.083765 78.746428 
262.000000 9.000000 1.000000 a 216.002315 109.772492 209.442116 214.457455 229.836899 282.407507 246.789384 110.941426 291.158033 50.159745 242.495361 91.197588 285.259531 219.462981 127.011810 288.764610 247.200324 132.672529 212.614675 192.041662 263.797271 116.709040 131.400152 198.123699 185.310550 47.434165 177.200451 277.331931 281.000000 232.658548 
194.000000 9.000000 3.000000 a 292.061637 183.393021 168.549696 290.139622 305.895407 301.902302 321.596020 51.894123 327.502672 108.706026 311.488363 167.002994 360.011111 213.084490 152.003289 352.933421 302.299520 137.480908 283.386662 241.132744 337.721779 120.341182 60.901560 210.090457 118.190524 103.831594 171.572142 349.012894 348.531204 308.131465 
192.000000 9.000000 1.000000 a 280.713377 263.205243 167.442527 268.203281 309.864487 69.892775 274.262648 205.380135 107.823931 257.280003 217.313138 213.321354 301.204250 431.236594 86.492774 218.050453 425.131744 95.963535 349.731325 97.082439 274.612454 112.507778 285.686892 28.178006 340.036763 256.563832 388.542147 261.705942 421.001188 326.602205 
273.000000 8.000000 5.000000 a 220.537979 296.651310 374.766594 205.912603 247.396443 196.086716 181.011049 378.359617 123.130013 344.934776 118.067777 260.278697 179.513231 528.034090 244.008197 62.008064 426.487983 277.016245 325.848124 144.027775 163.783394 286.539701 443.497463 235.849528 500.899191 347.416177 489.767292 131.685231 378.160019 269.417891 
130.000000 8.000000 3.000000 a 282.078003 159.765453 265.414770 285.245508 286.356421 381.320076 321.701725 148.313856 394.007614 83.862983 332.362754 171.679935 359.137857 120.353646 225.497228 383.470990 227.774011 222.173356 238.411409 294.823676 341.812814 204.787695 100.124922 293.001706 127.816274 80.156098 77.646635 361.322571 291.770458 281.575922 
188.000000 7.000000 4.000000 a 181.024860 197.314470 507.354905 196.155551 151.743204 494.158881 217.002304 412.437874 456.968270 260.163410 282.936389 240.208243 226.384628 314.249901 381.005249 336.000000 96.690227 407.942398 95.801879 360.634164 235.478237 397.819054 403.000000 445.623159 436.400046 264.969810 305.321142 268.745233 23.323808 129.988461 
248.000000 6.000000 2.000000 a 297.058917 185.852092 372.210962 305.275286 290.110324 471.080672 342.986880 255.219513 472.527248 146.986394 373.412640 221.472346 376.085097 59.135438 316.425347 430.202278 162.249807 320.076553 217.706224 367.288715 365.403886 303.199604 200.302272 387.569349 208.338667 146.891116 53.225934 391.737157 246.710356 277.713882 
172.000000 8.000000 2.000000 a 309.583591 187.181730 282.603963 313.440584 312.233887 409.518009 350.271323 165.894545 424.117908 114.039467 362.829161 202.039600 387.362879 96.046864 254.096438 414.342853 237.143417 248.501509 259.156323 325.651654 370.742498 231.041122 103.464970 320.156212 116.297033 110.602893 55.108983 391.019181 307.766145 306.138857 
225.000000 2.000000 4.000000 a 111.427106 97.308787 407.338925 124.919974 92.086915 400.705628 157.442053 315.792653 370.256668 166.784292 211.624668 139.807010 182.043951 266.692707 281.000000 269.462428 97.123633 307.416655 10.198039 268.732209 179.788765 297.257464 315.317301 346.943799 355.123922 171.816763 245.692898 211.702622 77.781746 74.276510 
214.000000 8.000000 2.000000 a 184.707877 285.797131 426.000000 172.307864 205.905318 266.660833 138.538803 410.845470 195.726850 348.209707 99.488693 260.224903 122.918672 523.276218 283.693497 54.744863 392.390112 319.812445 290.077576 185.218790 116.709040 326.013803 466.450426 291.871547 522.932118 351.602048 488.305232 84.172442 331.633834 227.059464 
165.000000 8.000000 5.000000 a 148.647233 27.658633 307.826250 153.561063 151.419946 338.923295 191.049732 210.838801 326.401593 61.846584 214.869728 67.896981 227.200352 210.021427 197.648678 271.400074 152.947703 216.944693 114.017543 219.346757 212.461761 204.083316 212.077816 269.091063 256.017578 66.940272 176.604077 235.987288 180.560239 147.339743 
277.000000 2.000000 3.000000 a 395.339095 273.788239 266.720828 397.404076 401.154584 436.646310 432.916851 166.018071 465.571692 194.365635 436.084854 278.548021 470.919314 145.910932 290.024137 482.830198 330.190854 272.426137 353.022662 377.976190 452.040927 255.994141 83.186537 344.216502 41.976184 189.842040 124.555209 468.901909 402.647489 396.913089 
293.000000 5.000000 1.000000 a 226.814903 148.553021 162.431524 220.966061 247.541916 219.271521 246.594809 97.867257 234.931905 112.969022 224.075880 109.293184 283.853836 281.584801 63.324561 260.416973 302.274709 68.963759 251.382179 145.086181 259.192978 54.561891 156.473640 133.240384 213.901847 111.157546 238.918396 265.000000 323.185705 255.812431 
275.000000 3.000000 3.000000 a 396.823638 291.204396 137.419067 393.672453 412.316626 335.195465 423.000000 82.377181 379.817061 215.615398 404.259817 271.773803 461.039044 268.152941 214.350181 438.457524 402.683499 183.847763 390.928382 314.391476 437.370552 172.177234 79.649231 246.002033 95.047357 210.618138 234.303222 444.932579 454.872510 415.427491 
Type de surveillance de chaque endroit(target):tab[nombre de target]
a a a a a a a a a a a a a a a a a a a a a a a a a a a a a a 