Nombre des capteurs:
100
Nombre des targets:
50
Nombre de type de surveillance:
1

Caracteristiques:
203.000000 7.000000 2.000000 a 209.344214 214.394496 317.195523 177.544361 340.587727 144.180443 360.656346 141.439033 283.621226 379.036938 141.509717 366.415065 192.052076 344.920281 158.145503 271.464546 277.137150 271.827151 344.175827 297.355007 308.326126 83.186537 379.686713 285.035086 253.671047 139.086304 267.792830 318.000000 429.847647 267.166615 29.546573 43.185646 290.387672 364.046700 336.621449 26.907248 315.513867 134.238594 193.165732 410.682359 159.812390 135.594985 168.074388 158.142341 220.791757 404.000000 319.225626 315.635866 272.767300 402.185281 
148.000000 9.000000 2.000000 a 248.573933 247.129521 278.756166 135.977939 322.099364 138.708327 354.447457 167.358896 292.638002 381.183683 98.086696 374.817289 226.008849 332.412394 115.316955 265.000000 242.002066 277.852479 317.498031 310.096759 269.467994 110.290525 371.927412 319.025077 212.228650 100.284595 263.501423 314.985714 434.084093 229.995652 75.716577 42.059482 260.846698 383.157931 338.008876 57.271284 285.567855 88.769364 232.131428 401.327796 128.561269 134.617978 121.593585 189.264365 254.049208 375.728625 301.039864 327.905474 307.001629 417.412266 
192.000000 5.000000 3.000000 a 187.843020 172.791782 267.029961 147.871566 260.230667 60.166436 275.588461 88.459030 203.600098 295.392959 125.717938 286.111866 154.983870 261.231698 136.418474 186.507373 220.927590 189.763010 271.773803 220.553848 259.624729 48.166378 294.730385 244.296950 215.724361 108.908218 182.704680 233.006438 347.190150 216.134218 87.298339 49.040799 223.394270 294.363721 252.622248 60.166436 248.356598 160.312195 171.828403 325.926372 106.826963 50.537115 182.989071 116.090482 180.269243 332.661991 238.891189 238.398826 233.002146 327.885651 
281.000000 9.000000 3.000000 a 234.019230 240.634578 319.225626 176.465294 355.643080 163.615403 380.900249 167.943443 308.099010 401.976367 138.351003 390.898964 218.160491 362.684436 155.666310 291.384626 281.937936 295.574018 354.830946 322.605022 309.962901 109.590146 399.399549 310.987138 252.675681 140.616500 288.466636 339.249171 453.414821 270.296134 52.086467 59.539903 299.167177 390.266576 359.271485 52.478567 324.075608 118.228592 218.002294 429.839505 167.002994 156.473640 153.717273 184.621234 246.951412 413.755967 334.378528 340.828403 298.690475 427.954437 
288.000000 7.000000 1.000000 a 149.806542 127.757583 291.029208 186.978608 253.387056 61.911227 251.730014 44.294469 164.054869 261.839646 170.017646 246.789384 112.254176 245.961379 178.675684 166.306945 242.421121 153.404694 276.524863 177.800450 284.763059 44.011362 272.325173 198.176689 248.213618 150.545674 159.624560 206.312869 311.271586 241.356583 110.679718 93.230896 235.681989 248.050398 220.383756 92.849340 259.538051 208.540164 134.825814 304.803215 138.697513 47.169906 230.425693 74.094534 135.351395 337.231375 232.697228 196.022958 187.256509 283.668821 
149.000000 6.000000 1.000000 a 469.234483 419.886890 293.436535 375.917544 144.803315 336.005952 138.177422 396.788357 262.992395 179.824915 404.965431 230.971860 427.518421 135.092561 393.418352 214.254522 280.058922 254.656632 180.413414 279.120046 300.421371 423.622473 116.249731 439.364314 343.943309 384.786954 222.092323 184.531840 188.798835 300.562805 482.995859 437.516857 235.493100 319.677963 193.829822 456.127175 221.144749 475.482912 463.643182 84.403791 345.398321 346.620830 465.571692 414.001208 423.859647 161.913557 164.842349 270.750808 438.882672 288.466636 
154.000000 2.000000 1.000000 a 435.000000 385.005195 329.054707 390.691694 161.152102 327.844475 112.271991 373.664288 227.035240 131.244047 415.289056 180.249827 395.456698 133.206606 405.881756 200.392116 307.234438 223.517337 213.178329 238.113418 334.701359 407.982843 92.195445 395.976009 370.276923 393.137381 205.009756 158.398232 129.201393 327.230805 471.538970 431.769614 260.509117 266.833281 156.051274 446.929525 251.382179 485.602718 431.296882 61.854668 352.865413 336.380737 480.313439 387.072345 388.104367 209.861859 176.954796 226.874415 396.872776 231.397926 
266.000000 1.000000 3.000000 a 351.125334 312.046471 113.159180 152.610616 80.919713 154.402073 162.274459 250.017999 208.655218 224.501670 183.087411 253.550784 307.375991 115.316955 170.581359 115.433964 72.560320 186.552942 64.070274 237.402612 113.635382 249.327094 167.720005 364.522976 130.923642 164.793811 127.015747 154.324334 275.914842 89.988888 292.289240 237.210877 30.675723 319.390044 191.441897 262.068693 47.423623 253.140277 339.094382 184.564352 127.781063 168.884576 242.249871 277.346354 318.811857 124.787820 65.764732 244.789706 357.840747 322.386414 
249.000000 9.000000 3.000000 a 255.237145 264.140114 328.977203 184.967565 375.378476 186.657440 403.886123 192.836718 333.109592 426.356658 145.910932 415.895420 241.447717 384.193961 163.367683 314.302402 294.244796 320.338883 371.400054 347.800230 319.427613 134.614264 422.058053 333.901183 260.249880 152.118375 311.801219 362.829161 478.056482 281.298774 73.824115 82.800966 314.531397 415.419066 383.537482 77.698134 339.157780 112.929181 239.470249 452.133830 182.332115 180.235956 149.305057 208.734281 270.296134 429.470604 354.231563 366.012295 321.566478 453.193116 
299.000000 5.000000 1.000000 a 535.471755 492.887411 168.243871 304.258114 174.828487 343.861891 257.937977 437.778483 362.262336 325.508832 342.593053 372.216335 491.236196 213.572002 326.105811 274.200656 190.672494 343.838625 128.444541 388.202267 178.353581 438.617145 245.464865 536.613455 239.970832 332.150568 286.810042 283.867927 357.941336 206.341949 478.006276 420.523483 173.118457 456.513965 314.078016 447.317561 147.959454 404.209104 524.581738 233.617208 303.534183 358.347597 380.825419 463.967671 499.075145 70.802542 188.403822 388.603911 531.854303 441.171169 
162.000000 4.000000 5.000000 a 462.041124 414.152146 238.817922 330.643312 107.707938 307.878223 139.942845 380.107879 262.880201 198.010101 362.096672 248.557840 418.785148 115.918075 349.343670 196.351725 229.172424 250.169942 128.724512 283.593018 246.223476 399.846220 121.016528 442.603660 292.742207 343.464700 206.494552 180.313616 220.585584 249.657766 454.895592 405.526818 186.638688 337.124606 199.812412 426.568869 169.729196 432.033564 454.614122 98.493655 305.314592 319.920303 419.447255 400.522159 418.960619 105.304321 129.073622 278.691586 440.541712 312.928107 
166.000000 2.000000 4.000000 a 227.184947 185.000000 232.243407 188.732615 144.367586 76.694198 141.777995 134.807270 98.127468 167.263266 195.358645 170.299736 182.915281 132.740348 193.680149 53.450912 183.371208 76.655072 180.623919 125.099960 229.427548 156.518370 161.245155 235.849528 217.524711 170.660482 48.877398 99.809819 221.452026 191.718544 218.194867 180.313616 157.114608 210.342578 124.016128 193.644003 176.071008 258.367955 216.787915 193.002591 135.092561 83.354664 265.731067 157.851196 191.460179 238.365266 125.000000 138.231690 229.120056 227.861800 
152.000000 1.000000 4.000000 a 372.388238 322.721242 366.994550 397.283274 191.509791 305.679571 101.769347 327.983231 171.233758 67.119297 414.701097 104.000000 336.689768 148.707767 408.639205 182.879742 334.964177 175.823775 255.282197 173.366663 370.568482 371.467361 96.509067 322.448445 393.706744 390.708331 181.892826 130.384048 41.677332 353.160020 438.799499 408.182557 288.646843 184.200977 107.898100 418.043060 286.944245 482.410613 371.247896 93.380940 351.146693 310.757140 483.740633 335.596484 324.568945 270.296134 199.150697 158.398232 325.038459 144.903416 
183.000000 1.000000 4.000000 a 412.059462 376.920416 38.013156 143.401534 138.513537 205.548048 231.553450 307.234438 284.114414 297.060600 181.705806 328.673090 369.499662 181.339461 165.215011 191.324332 30.016662 261.847284 82.152298 312.899345 41.000000 294.716813 233.117996 433.881320 85.702975 172.142383 202.743681 229.106962 346.521284 46.173586 324.599754 265.580496 45.354162 395.297356 266.180390 293.819673 43.324358 244.233495 398.729231 243.577503 147.220922 220.227155 223.215143 336.251394 384.037759 118.701306 131.381125 320.655578 426.380112 397.940950 
193.000000 4.000000 3.000000 a 142.467540 133.135270 311.751504 194.612435 288.006944 90.244113 288.729978 52.886671 198.073219 297.659201 170.836179 280.371183 113.137085 282.294173 182.477396 203.049255 264.622372 188.875620 307.390631 209.475536 304.685083 7.211103 309.312140 205.243758 262.337569 155.322246 196.562967 243.261177 346.203697 261.093853 75.742986 74.006756 262.992395 274.492259 256.628136 63.560994 287.501304 197.017766 126.210142 341.760150 152.970585 76.118329 223.439030 75.106591 140.288987 368.353091 267.067407 227.846440 193.437328 313.057503 
211.000000 3.000000 5.000000 a 221.713779 174.542258 394.239775 363.989011 247.131544 234.200769 163.465593 207.453609 78.006410 107.837841 366.187111 57.567352 192.898937 205.231577 366.938687 166.207701 348.936957 100.079968 309.181177 52.172790 393.635618 262.606169 180.853532 163.000000 391.393664 341.831830 155.232084 136.213068 123.065023 361.020775 330.479954 318.680090 312.174631 38.470768 104.804580 318.135191 323.303263 422.480769 223.886132 206.169833 309.467284 231.534015 435.597291 203.835718 174.553717 350.625156 239.827021 38.052595 166.433170 57.454330 
144.000000 1.000000 5.000000 a 438.634244 389.512516 417.851648 462.066013 243.920069 376.384112 165.801086 398.923552 241.660919 138.311243 481.680392 168.573426 404.683827 206.167408 474.654611 251.793566 390.888731 247.202346 302.687958 241.306859 422.601467 442.995485 154.547727 382.632983 452.039821 458.058948 251.829307 200.212387 97.672924 410.079261 510.360657 479.301575 343.912780 237.303603 179.446371 489.519152 338.422812 550.302644 438.543042 138.191896 418.096879 381.849447 549.867257 405.561339 390.806858 305.235974 255.566038 225.142177 386.498383 190.918831 
293.000000 4.000000 4.000000 a 474.341649 424.471436 329.460165 405.843566 173.565550 355.793479 146.239530 408.729740 266.368166 173.487752 433.266662 222.991031 434.001152 155.630974 422.522189 230.269407 313.818419 261.122577 215.230109 279.028672 336.154726 439.846564 124.615408 437.776199 377.661224 412.235370 236.478329 193.372697 171.405951 334.246915 501.569537 458.835482 268.365423 309.782182 195.501918 475.790920 255.519080 503.870023 470.004255 91.591484 372.345270 365.410728 495.703540 423.707446 427.852778 199.612124 192.255039 268.486499 438.361723 274.054739 
149.000000 3.000000 3.000000 a 83.862983 46.529560 424.694007 345.488061 323.975308 206.929940 269.163519 123.016259 143.892321 235.416652 332.459020 192.509740 69.771054 293.819673 339.838197 223.080703 374.994667 156.977705 372.474160 127.577427 420.743390 179.354398 290.520223 40.459857 397.216566 311.732257 210.544532 226.176922 262.345192 380.044734 236.239285 248.581978 352.404597 135.594985 212.268698 235.771075 371.382552 370.021621 90.027773 321.602239 292.882229 196.086716 393.386578 101.000000 42.201896 426.427016 308.870523 139.176147 34.669872 185.172892 
236.000000 6.000000 2.000000 a 64.070274 14.866069 392.821843 304.424046 308.706981 168.237927 267.172229 77.233412 144.003472 245.097940 289.110705 208.806130 28.844410 284.017605 297.405447 207.337888 343.011662 150.764717 351.125334 136.499084 388.104367 132.740348 289.126270 79.075913 360.073604 269.245241 195.542834 221.287144 279.973213 346.216695 190.097343 202.200396 324.784544 168.671278 215.002326 189.081993 345.463457 324.222146 61.392182 321.596020 253.250864 156.108936 348.420723 54.341513 20.808652 407.848011 291.611042 152.085502 68.308125 215.640905 
120.000000 8.000000 3.000000 a 264.357712 214.758003 352.012784 342.052628 193.685312 225.694484 104.235311 226.638479 70.178344 47.801674 350.595208 15.297059 229.264040 149.586096 348.488163 128.191263 309.782182 83.234608 258.118190 65.802736 352.631536 275.408787 120.415946 217.368351 358.503835 325.897223 120.070812 85.615419 79.605276 324.098750 343.943309 321.628668 269.141227 96.208108 49.396356 326.683333 276.978339 412.778391 263.463470 145.113748 289.665324 226.927301 420.971495 230.835439 216.529444 295.001695 189.433366 50.358713 218.915509 83.934498 
160.000000 5.000000 3.000000 a 111.364267 116.456000 516.637203 430.633255 414.440587 294.735475 352.567724 200.504364 229.839074 309.076042 413.707626 260.654944 133.645052 381.938477 422.848673 314.378752 466.861864 245.733596 464.639645 208.482613 512.431459 249.393264 373.048254 52.325902 486.433963 394.725221 301.728355 312.462798 324.681382 471.220755 293.138193 319.330550 445.055053 182.024724 293.470612 300.734102 464.077580 443.094798 127.098387 402.418936 379.811795 282.681800 469.910630 172.447093 108.848519 517.734488 400.124980 215.473896 59.640590 230.312831 
225.000000 9.000000 5.000000 a 283.584203 235.261557 252.578701 255.485812 101.414989 164.258942 54.424259 209.380037 87.200917 89.810912 270.739727 113.863954 240.858880 65.368188 265.452444 38.418745 211.059233 71.589105 162.012345 112.432202 253.337719 241.298570 75.186435 265.939843 262.480475 246.564393 39.115214 15.524175 144.471450 226.179133 305.221231 268.197688 169.705627 185.647515 52.009614 281.412509 177.881983 338.001479 276.904316 108.060168 207.347534 171.327172 340.261664 226.000000 239.970832 206.041258 92.660671 113.811247 262.961974 183.199345 
288.000000 3.000000 5.000000 a 460.244500 421.526986 75.716577 207.393346 135.092561 258.955595 232.019396 357.917588 310.098371 301.245747 245.814971 340.308683 416.646133 180.941980 229.259678 216.363121 94.047860 289.032870 69.260378 338.245473 85.234969 351.525248 227.490659 473.080331 144.668587 236.019067 228.895173 242.392244 344.947822 109.489726 385.814722 327.360657 85.000000 415.908644 277.856078 355.012676 62.201286 307.522357 447.920752 229.106962 209.308385 273.707873 284.971928 385.861374 428.286119 67.424031 138.003623 342.864405 466.724758 410.868592 
259.000000 6.000000 5.000000 a 271.073791 224.510579 232.596217 225.849507 100.169856 135.151767 82.152298 189.000000 91.525953 119.100798 240.301893 137.091211 227.336755 76.419893 235.295559 7.810250 188.533817 70.936591 152.751432 119.707978 232.398365 216.115710 101.133575 262.840256 236.611496 216.067119 14.317821 45.276926 174.048844 202.247373 278.361276 239.250914 150.283066 199.919984 78.587531 253.617823 161.966046 307.405270 262.908729 132.853303 177.002825 143.108351 309.962901 208.386660 229.923900 203.199409 85.702975 125.538839 258.495648 203.982842 
198.000000 4.000000 1.000000 a 497.016096 459.030500 86.700634 229.106962 171.405951 293.720956 267.591106 393.859112 348.633045 337.083076 268.225651 377.359245 453.625396 216.965435 251.097591 254.945092 120.303782 327.612576 106.512910 376.733327 96.876210 384.837628 261.629509 511.348218 159.389460 261.222128 267.486448 280.071419 379.147728 131.643458 415.654905 356.545930 121.016528 453.971365 315.153931 384.884398 99.764723 325.576412 484.414079 260.491842 238.209991 308.483387 299.901651 422.167029 465.859421 87.475711 175.764046 381.158760 504.874242 447.934147 
185.000000 7.000000 3.000000 a 328.146309 295.797228 110.308658 88.459030 143.836713 119.970830 212.438226 222.396043 225.743217 266.627080 118.118584 286.372136 286.525741 171.467198 105.683490 143.136299 61.073726 203.305189 123.693169 253.860198 104.995238 207.954322 222.092323 356.796861 88.204308 100.568385 151.267974 192.574661 320.705472 63.285069 240.441261 182.455474 66.121101 339.000000 228.089895 209.659247 91.005494 188.151535 314.273766 243.213898 66.189123 134.465609 178.331153 251.872984 303.133634 181.000000 125.896783 265.181070 348.351834 351.012820 
150.000000 4.000000 2.000000 a 327.097845 331.670017 306.719742 167.600716 387.984536 222.423020 432.597966 254.662522 379.906567 464.905367 131.244047 461.510563 309.657876 405.030863 146.294224 344.379152 281.469359 364.178528 371.140135 398.246155 296.609170 196.540072 448.519788 402.796475 234.258404 148.475587 344.483672 396.070701 518.653063 264.850901 145.220522 130.740200 311.520465 471.925842 421.627798 139.742621 334.306745 68.000000 311.025722 476.067222 187.296556 220.494898 99.463561 274.548721 338.255820 424.721085 367.865465 415.906239 390.571376 505.827046 
113.000000 3.000000 4.000000 a 266.812668 229.836899 178.058979 137.244308 131.400152 71.344236 166.243797 164.648110 154.159009 208.405854 150.880748 220.513038 223.486017 138.924440 145.794376 81.884064 128.471787 132.015151 146.563979 181.796590 174.416169 166.595318 181.372545 287.027873 160.290362 126.826653 86.377080 134.825814 263.410326 135.247921 216.335388 166.760307 109.201648 267.080512 166.769302 187.579317 131.548470 218.819560 254.332460 209.021530 87.464278 85.158675 220.410980 192.283645 236.881827 207.369236 110.022725 194.041233 279.256155 282.023049 
130.000000 9.000000 5.000000 a 285.727143 253.645422 152.735065 96.566040 152.541798 77.801028 202.607996 180.055547 194.010309 248.455227 113.454837 261.512906 244.124968 169.531708 106.531685 121.852370 103.392456 172.142383 150.000000 221.144749 147.322775 168.240899 215.928229 315.569327 123.369364 90.520716 127.129855 174.427635 303.400725 105.000000 206.620425 151.162165 99.458534 306.367426 207.280004 176.229963 124.426685 183.142021 271.897039 241.356583 50.209561 92.417531 181.664526 209.475536 261.017241 210.287898 131.946959 234.053413 306.869679 322.691803 
276.000000 3.000000 5.000000 a 421.836461 372.786802 412.565146 451.983407 237.640485 363.049583 155.396268 383.283185 225.853935 123.174673 470.618742 151.832144 388.119827 198.153981 464.039869 239.603840 383.963540 232.045254 298.117427 224.839943 416.962828 428.043222 145.907505 365.603610 444.389469 446.806446 239.039746 187.448660 80.808415 402.856054 495.630911 465.549138 337.108291 220.383756 165.000000 475.202062 332.776201 538.803304 421.864907 132.774244 407.019656 368.131770 539.232788 389.463734 374.021390 304.041116 248.128999 208.520982 369.476657 174.264167 
158.000000 5.000000 2.000000 a 184.764715 159.731024 255.691220 154.728795 227.220158 28.160256 237.023206 78.600254 166.138496 256.288899 141.795628 248.211603 145.962324 224.831048 148.489057 148.384635 207.200386 151.343979 245.246814 184.707877 249.387249 67.475922 256.478069 228.319951 213.433830 120.415946 144.013888 193.981958 308.327748 205.973299 123.328829 87.681241 201.955441 261.681104 213.459598 98.412398 226.176922 188.512599 169.994118 288.015625 104.446158 14.035669 206.349219 108.600184 167.343957 306.197649 206.087360 202.180612 217.947241 292.643127 
106.000000 5.000000 4.000000 a 291.605898 250.635193 172.168522 164.842349 91.787799 109.165013 132.060592 194.200927 148.006757 182.186717 184.287818 202.299283 247.477272 99.864909 176.819117 59.008474 125.634390 125.542821 115.836091 176.773867 170.792271 203.246156 145.096520 301.346976 171.353436 161.245155 68.468971 107.967588 236.579796 137.931142 255.691220 206.891276 92.962358 260.486084 143.377125 227.299362 110.453610 253.875954 280.431810 171.058470 120.966938 122.004098 252.031744 219.822656 257.200311 175.114248 70.455660 185.809042 294.871158 268.365423 
110.000000 3.000000 2.000000 a 463.777964 420.877654 137.207871 253.954720 104.139330 275.610232 193.214906 367.164813 291.331426 262.366156 290.327401 306.634962 419.515196 145.646833 275.000000 202.252318 141.548578 272.442655 58.463664 317.775078 145.910932 370.870597 183.774318 464.665471 200.663898 276.557408 214.895323 214.618266 300.136636 160.552172 414.016908 358.050276 111.758669 388.645082 246.586699 383.631333 87.475711 356.405668 453.107051 178.373204 243.993852 289.849961 337.502593 392.868935 427.031615 3.605551 116.516093 319.081494 459.814093 376.605895 
167.000000 9.000000 1.000000 a 114.629839 118.270876 517.304552 432.301978 413.803093 296.055738 351.126758 202.484567 228.779370 307.001629 415.697005 258.366019 135.915415 380.963253 424.703426 313.949040 467.548928 244.951016 464.413609 207.067622 513.174434 251.882909 371.517160 52.497619 487.647414 396.567775 301.280600 311.327802 322.018633 472.085797 296.243143 321.885073 445.358283 179.100530 291.912658 303.534183 464.226238 445.619793 130.245921 400.730583 381.278114 284.121453 472.247816 174.642492 110.679718 517.247523 399.652349 213.740497 60.539243 227.178344 
126.000000 8.000000 2.000000 a 310.315968 260.276776 320.024999 332.453004 150.880748 234.053413 54.424259 257.751819 103.576059 15.297059 347.113814 62.968246 272.009191 105.019046 342.235299 114.612390 282.294173 104.923782 216.933169 112.361025 322.055896 299.668150 66.219333 270.732340 336.933228 322.778562 111.830228 61.717096 67.675697 298.826036 366.764229 336.133902 238.134416 151.647618 35.846897 345.845341 241.598841 413.566198 307.467071 88.752465 283.917241 238.757199 416.886076 267.327514 263.047524 246.910915 151.558570 101.414989 271.280298 130.084588 
212.000000 3.000000 2.000000 a 190.339171 145.989726 272.882759 218.082553 178.488095 87.464278 155.540991 107.466274 72.917762 163.404406 218.680132 153.941547 146.184815 159.022011 219.790810 78.644771 223.707398 56.850682 220.056811 95.341491 269.764712 142.667445 176.918060 194.671518 254.442528 194.363062 68.359345 108.931171 214.310522 231.101709 209.458827 181.958787 198.345658 178.549713 121.490740 189.129585 217.138205 276.134025 181.231896 209.938086 163.150238 87.132084 288.140591 125.781557 152.121662 276.481464 160.639348 111.319360 188.095720 202.714084 
195.000000 9.000000 1.000000 a 189.612763 145.013792 274.614275 220.081803 179.203795 89.319651 155.128979 107.670795 71.112587 162.200493 220.637712 152.295765 145.499141 159.260792 221.774660 79.075913 225.470619 55.317267 221.226129 93.391648 271.530845 143.589693 176.567268 193.196791 256.376676 196.328806 68.593003 108.415866 212.934262 232.937760 210.535033 183.447540 199.902476 176.555940 120.415946 190.394328 218.588655 277.996403 180.646063 209.613931 165.148418 88.836929 290.077576 125.574679 151.092687 277.492342 161.483745 109.416635 186.697616 200.810856 
136.000000 3.000000 3.000000 a 508.492871 475.269397 70.092796 205.548048 221.097264 300.146631 318.158765 402.672323 383.099204 386.529430 243.961062 422.497337 466.724758 266.807046 226.525937 289.539289 119.519873 361.023545 155.322246 411.825206 76.609399 383.901029 315.356941 533.600037 129.402473 243.082291 301.358590 323.109888 432.338987 120.208153 403.976484 344.419802 144.003472 493.098367 359.680414 373.887684 131.897688 291.163184 494.583663 318.509027 229.817319 314.493243 261.030650 432.209440 482.498705 152.433592 220.238507 418.743358 525.884018 492.650992 
212.000000 3.000000 2.000000 a 159.705980 173.626035 360.347055 226.355914 359.940273 159.201131 364.993151 116.043095 271.576877 372.864587 192.961136 352.841324 150.416090 357.128828 208.655218 278.729259 316.966875 263.956436 373.044233 280.166022 352.082377 69.289249 385.482814 240.852652 301.161086 186.386695 272.624284 319.582540 420.211851 309.491518 27.459060 83.761566 323.595426 337.231375 332.356736 54.083269 348.694709 191.062817 144.256716 417.824126 199.251098 146.768525 224.722051 122.873919 179.075403 433.890539 338.715220 298.497906 228.484135 379.526020 
154.000000 1.000000 4.000000 a 303.797630 253.789283 328.184399 336.933228 160.330908 234.968083 64.474801 254.348187 98.493655 8.062258 350.538158 52.402290 266.176633 114.560028 346.144479 118.595953 289.691215 102.000000 226.294056 105.004762 330.001515 297.754933 76.837491 262.207933 343.460332 326.087412 114.738834 66.407831 63.063460 305.895407 365.273870 336.203807 246.002033 141.209065 35.383612 345.036230 250.153953 416.329197 301.405043 99.045444 287.600417 239.039746 420.529428 262.840256 256.329866 257.157539 160.252925 93.059121 263.058929 119.570063 
195.000000 6.000000 5.000000 a 420.803992 370.777561 348.511119 400.745555 176.229963 327.879551 110.679718 365.699330 214.112120 113.039816 423.135912 159.050307 382.655197 142.200563 414.773432 200.249844 323.447059 213.431488 232.963516 222.020269 353.570361 403.510842 94.111636 377.067633 385.548959 400.262414 203.061567 153.404694 102.215459 343.023323 468.683262 431.956016 276.448910 243.238566 144.156165 445.336951 269.551479 492.894512 418.114817 70.830784 359.973610 335.292410 489.744832 377.025198 373.387198 235.034040 189.678676 209.239098 378.714932 205.353354 
160.000000 4.000000 3.000000 a 45.011110 69.354164 409.079454 297.712949 356.046345 179.613474 330.096955 79.158070 212.983567 316.764897 273.514168 283.952461 48.548944 338.740314 285.567855 258.275047 360.471913 214.841802 388.404428 210.297408 402.733162 103.445638 352.069595 127.945301 363.991758 258.495648 248.072570 283.028267 354.990141 359.261743 137.003650 169.516961 351.923287 245.505601 282.985865 147.299016 375.110650 292.323451 29.427878 385.129848 254.135790 165.000000 321.950307 54.129474 72.249567 448.090393 336.808551 226.947130 115.693561 292.957335 
114.000000 4.000000 4.000000 a 420.475921 378.005291 124.354332 221.054292 68.942005 232.398365 164.711870 323.511978 252.507426 234.200769 255.624725 275.087259 376.235299 114.162165 241.232253 161.319559 113.850780 232.768125 16.124515 279.708777 131.026715 327.727021 159.389460 423.291861 176.918060 239.970832 174.040225 179.234483 276.904316 134.182711 372.263348 317.127735 75.392307 353.803618 213.337760 342.071630 54.644304 323.692756 409.663276 161.446586 205.360658 246.546142 307.730401 349.284984 384.252521 45.880279 76.694198 282.391572 418.096879 345.615393 
209.000000 7.000000 2.000000 a 543.920950 504.660282 135.003704 278.648524 203.226475 342.579918 295.465734 441.780488 387.156299 364.773903 317.833290 408.314830 500.224949 246.894714 300.601065 294.730385 170.751281 366.956401 143.282937 414.609455 145.003448 434.493959 286.295302 554.589939 207.195560 311.416120 307.434546 314.078016 402.385387 181.727818 466.075101 406.988943 168.813507 488.660414 347.432008 435.298748 145.890370 373.535808 531.701044 279.658721 288.646843 357.341573 346.554469 469.691388 511.331595 103.406963 211.603403 417.484131 548.631935 478.539445 
274.000000 1.000000 2.000000 a 370.062157 320.477768 370.526652 399.295630 195.133288 306.243367 104.403065 326.964830 169.923512 66.241981 416.309981 101.079177 334.701359 151.990131 410.435135 184.200977 338.094661 175.137089 259.156323 171.268795 374.008021 371.000000 99.984999 319.264780 396.557688 392.249920 182.877008 131.502852 37.121422 356.181134 438.490593 408.480110 291.880112 180.235956 107.800742 418.001196 290.496127 483.802646 369.120577 97.862148 352.790306 311.096448 485.489444 334.152660 322.223525 274.774453 202.405534 156.016025 322.001553 140.427917 
167.000000 9.000000 2.000000 a 103.788246 92.195445 482.597140 402.558070 376.203402 264.622372 313.665427 175.931805 191.049732 270.913270 388.108232 223.089668 113.070774 343.227330 396.167894 276.586334 432.945724 207.270355 427.326573 169.578890 478.752546 229.078589 334.175104 20.099751 455.306490 368.013587 263.897707 273.622002 288.444102 438.179187 279.485241 299.202273 409.497253 147.665162 254.615396 283.346078 427.936911 422.214401 117.046999 363.649557 350.435443 253.402841 447.180053 150.213182 85.052925 479.784327 362.218166 176.785180 32.015621 197.144617 
194.000000 2.000000 3.000000 a 351.455545 312.929705 108.908218 147.200543 86.683332 153.055545 167.836230 249.721845 212.077816 229.706334 178.058979 258.213090 307.834371 121.078487 165.360213 119.251834 67.268120 189.873642 67.029844 240.852652 109.036691 247.681247 173.458929 366.230802 125.159898 160.078106 130.633074 159.154013 281.305883 84.403791 289.560011 234.053413 27.294688 323.215099 196.254936 259.233485 46.615448 247.987903 339.235906 190.394328 123.490890 167.630546 236.763595 277.317508 319.757721 127.318498 71.589105 248.555829 359.388369 326.847059 
156.000000 7.000000 5.000000 a 341.146596 345.324485 306.008170 169.499263 393.471727 232.499462 440.655194 267.807767 390.861868 474.456531 134.658828 472.144046 323.394496 411.866483 148.761554 352.932005 282.851551 374.745247 374.386164 409.682804 295.846244 209.847564 456.168828 416.558519 233.343095 153.495928 353.441650 404.949380 528.436373 265.635088 159.314155 143.251527 314.567958 484.109492 431.196011 153.310143 336.875348 67.468511 325.055380 483.230794 193.038856 231.192560 95.336247 288.078114 351.950281 426.919196 373.610760 427.235298 404.348859 517.433087 
237.000000 5.000000 1.000000 a 232.957078 184.176546 281.810220 257.841036 149.036908 142.800560 99.000000 165.677397 39.661064 101.414989 265.731067 99.959992 190.850727 116.730459 263.746090 54.561891 236.027541 20.248457 204.443146 68.000000 280.921697 204.948774 121.004132 214.888343 279.257945 241.033193 42.720019 52.153619 153.717273 248.084663 271.891522 242.588128 200.382135 150.153255 59.076222 251.205095 213.328385 328.353468 226.973567 154.012986 204.978048 145.773797 336.108613 179.011173 188.692872 253.337719 136.561342 75.432089 211.589225 160.252925 
161.000000 5.000000 3.000000 a 217.441946 167.585799 345.202839 316.218279 203.342076 190.157829 128.891427 179.836036 30.083218 91.087870 320.213991 57.688820 181.416648 164.103626 320.090612 117.324337 299.588050 51.088159 263.304007 18.110770 344.431416 230.555850 148.976508 176.920886 341.989766 295.670425 106.042444 93.338095 127.534309 311.541330 299.173862 280.750779 263.433103 86.683332 69.354164 283.534830 275.363396 378.819218 215.928229 178.392825 262.068693 189.171880 390.124339 182.912547 169.755707 307.824625 194.146852 12.083046 176.912408 100.662803 
235.000000 3.000000 1.000000 a 337.409247 290.766229 432.001157 437.675679 260.848615 324.484206 163.783394 318.567104 167.107750 97.185390 448.175189 84.628600 309.118100 215.127869 445.299899 220.056811 394.143375 181.945047 326.840940 154.382642 434.093308 370.526652 168.344884 272.016544 447.666170 423.500885 214.086431 169.852878 51.623638 410.365691 439.127544 419.672491 350.172814 123.320720 134.372616 423.454838 353.277511 511.251406 340.066170 175.960223 386.432400 325.613268 518.545080 318.190195 290.594219 350.476818 263.190045 136.029409 277.481531 74.060786 
264.000000 6.000000 3.000000 a 162.027775 112.004464 344.361728 291.139142 227.200352 155.048380 171.723615 123.907223 46.529560 147.312593 288.563684 115.412304 123.967738 195.473783 291.290233 128.003906 295.873284 58.668561 279.351034 41.182521 341.884483 177.730133 193.395967 136.003676 328.878397 264.833910 115.277925 127.812362 185.809042 304.424046 245.904453 233.908102 266.700206 108.931171 117.209215 232.997854 283.063597 341.021993 159.138305 225.228773 236.135554 150.233152 356.585193 124.823876 115.156415 330.847397 213.356509 59.076222 132.823191 142.579802 
161.000000 5.000000 1.000000 a 165.215011 116.103402 322.948912 268.091402 212.529998 132.517923 165.873446 111.516815 46.818800 151.162165 265.932322 126.210142 124.004032 184.024455 268.419448 111.606451 274.171479 49.365980 261.816730 54.817880 320.224921 161.928997 187.864313 150.864177 306.104557 242.095023 99.045444 119.854078 194.494216 282.256975 230.521149 214.723077 246.292509 130.816666 116.107709 215.678001 263.472959 319.363429 160.049992 220.510771 213.084490 128.316016 334.248411 117.643529 120.540450 315.000000 197.408207 73.109507 146.167712 161.474456 
264.000000 1.000000 1.000000 a 105.118980 97.128780 341.880096 230.488611 301.405043 113.740934 289.862036 29.154759 186.681547 289.862036 208.062491 266.580194 76.164296 290.084470 219.237314 209.193690 293.646045 181.617730 327.612576 193.217494 335.335653 40.311289 311.263554 169.002959 296.057427 191.760267 200.808366 243.074063 335.108938 291.796162 97.948966 110.453610 287.558690 250.049995 251.071703 95.189285 311.364738 234.061958 89.005618 344.268790 186.196133 98.979796 260.990421 39.623226 104.019229 388.119827 281.154762 211.463945 157.012738 291.821863 
178.000000 6.000000 5.000000 a 501.003992 463.146845 88.277970 231.261756 175.840837 297.435707 271.979779 397.724779 353.073647 341.480600 270.416346 381.811472 457.650522 221.382023 253.239018 259.370392 123.227432 332.039154 110.981981 381.182371 98.412398 388.329757 265.936083 515.620985 160.900590 263.751777 271.906234 284.541737 383.443607 134.082064 418.680069 359.506606 125.000000 458.443017 319.615394 387.922673 103.966341 327.200244 488.357451 264.612925 241.205307 312.195452 301.179349 426.085672 469.988298 91.082380 180.235956 385.624169 509.118847 452.385897 
140.000000 2.000000 1.000000 a 306.058818 256.031248 312.102547 323.513524 144.100659 225.594769 48.764741 251.181209 98.508883 23.021729 338.195210 66.068147 267.172229 98.371744 333.294164 105.678759 273.967151 98.351411 210.038092 109.329776 314.006369 292.261869 62.936476 268.745233 328.298645 313.869400 103.004854 52.773099 76.550637 290.367009 359.137857 327.905474 230.034780 153.717273 28.792360 337.936385 233.944438 404.708537 302.800264 88.119237 274.985454 230.488611 407.953429 261.457454 259.017374 241.505694 144.006944 99.624294 268.895891 134.825814 
100.000000 7.000000 4.000000 a 282.179021 268.262931 207.395757 65.741920 264.007576 112.641023 310.440010 183.861361 272.472017 347.805980 32.015621 350.656527 250.567356 281.016014 47.010637 223.814655 171.187032 253.948814 251.509443 294.821980 198.153981 138.636215 325.518049 339.477540 141.947173 29.068884 225.417391 276.448910 402.453724 158.675770 135.915415 78.517514 193.196791 375.406446 304.817978 107.814656 217.368351 76.941536 265.919161 352.363449 63.560994 116.558998 90.271812 211.681364 275.769832 308.084404 243.731410 311.168764 328.332149 402.558070 
229.000000 1.000000 4.000000 a 201.675482 155.193428 399.395794 361.400055 258.402786 228.280529 178.832324 193.217494 79.555012 126.873953 361.365466 77.665951 174.264167 218.013761 363.100537 172.154001 353.022662 102.107786 318.849494 50.990195 398.267498 249.615705 197.205477 142.003521 392.730187 337.290676 160.464949 147.756557 144.086779 364.123605 316.810669 308.176897 318.127333 35.128336 119.205705 305.954245 330.637263 415.384160 204.394227 223.785612 306.528955 224.361316 430.084875 187.448660 154.845084 362.640318 249.649755 43.566042 145.416643 71.421285 
288.000000 3.000000 3.000000 a 302.074494 271.906234 137.277092 76.941536 162.289864 93.434469 219.938628 195.880065 216.002315 268.330021 98.595132 282.803819 261.323554 183.869519 89.375612 142.003521 89.358827 194.092761 150.615404 243.166610 130.969462 178.532910 232.077573 335.196957 102.181212 77.698134 147.962833 194.077304 323.154762 87.681241 210.459022 152.738338 95.084173 328.390012 227.683992 179.694185 120.203993 169.144908 287.793329 256.035154 39.217343 107.480231 164.453641 225.656819 279.358193 209.289273 142.635900 256.031248 326.220784 344.489477 
144.000000 1.000000 2.000000 a 260.599309 213.241647 397.854245 381.445933 239.927072 258.017441 148.384635 241.933875 97.693398 83.486526 387.164048 34.132096 231.216349 195.440528 386.374171 172.185946 354.933797 116.760439 304.558697 79.202273 398.246155 295.392959 162.483845 200.359677 402.019900 362.538274 163.003067 132.003788 86.371292 368.718049 363.785651 348.083323 315.017460 59.236813 95.859272 349.687003 323.310996 446.619525 262.617593 183.534738 327.928346 257.147817 457.281095 240.416306 213.377600 340.477606 235.919478 61.032778 204.413796 37.656341 
217.000000 7.000000 1.000000 a 408.061270 383.481421 86.034877 77.801028 230.488611 204.394227 313.081459 302.645007 331.942766 371.445824 113.145923 393.223855 370.276923 267.232109 96.254870 249.883973 84.403791 309.646573 184.114095 359.706825 75.960516 271.088546 319.582540 449.722136 21.023796 118.067777 258.278919 298.055364 424.699894 64.070274 278.743610 220.417785 130.698125 444.986517 334.181089 250.049995 143.178211 157.203690 392.685625 335.858601 119.887447 216.529444 128.763349 332.568790 391.065212 222.182358 217.494828 371.651719 440.123846 458.039300 
126.000000 3.000000 2.000000 a 20.248457 31.400637 430.109288 331.856897 353.871446 201.467119 313.107010 100.846418 189.319835 288.839056 312.169826 250.049995 33.421550 329.971211 322.374006 252.733061 380.489159 196.786687 394.454053 179.713661 424.794068 145.344419 335.035819 72.235725 392.502229 294.462222 241.105786 267.344347 320.951710 382.126942 189.952626 215.034881 365.308089 199.461776 260.232588 196.308431 386.807446 338.828865 27.459060 367.408492 283.550701 188.002660 366.240358 71.119618 28.071338 451.956856 336.380737 194.177754 60.008333 248.708665 
106.000000 7.000000 4.000000 a 152.295765 113.357840 436.084854 377.810799 310.420682 238.757199 238.729973 175.823775 123.166554 191.018324 371.066032 142.200563 135.871263 273.358739 375.767215 215.800834 387.659645 143.223601 366.859646 97.082439 433.665770 234.326695 258.265367 80.062476 419.640322 348.367622 203.214173 202.566039 207.195560 396.102260 296.624342 300.273209 357.840747 69.260378 178.877053 291.892103 373.363094 416.889674 158.902486 286.295302 323.148573 231.077909 436.458475 160.555286 110.308658 415.086738 298.964881 99.984999 85.726309 119.549153 
284.000000 4.000000 3.000000 a 178.263849 175.139944 301.877459 172.072659 303.646176 103.368274 316.689122 96.840074 236.190601 332.415403 142.274383 318.968650 154.029218 304.120042 156.400128 228.232338 257.751819 224.742074 313.996815 249.881972 293.846899 38.639358 336.287080 247.018218 245.051015 131.711807 223.651515 273.029302 382.781922 250.912335 43.931765 34.176015 263.973484 317.592506 290.270563 20.615528 289.088222 157.496032 161.771444 367.865465 140.459959 92.655275 186.601179 117.345643 182.043951 374.733238 282.304800 268.151077 235.000000 355.009859 
268.000000 8.000000 5.000000 a 404.283316 381.996073 106.625513 69.814039 246.981781 204.362423 326.896008 299.841625 339.053093 383.448823 101.019800 403.112887 367.766230 282.251661 85.146932 260.094214 102.649890 317.001577 202.950733 366.349560 96.566040 264.877330 334.356098 449.569794 38.897301 109.786156 267.800299 309.560979 437.224199 82.134037 267.800299 210.535033 148.003378 451.586094 345.175318 239.941660 161.941347 138.924440 388.624497 351.801080 118.473626 215.615398 109.165013 329.564865 389.606211 242.404620 233.060078 379.011873 439.620291 466.670119 
190.000000 5.000000 4.000000 a 230.867928 202.711618 208.700743 117.239072 193.961336 23.259407 221.020361 124.579292 176.465294 252.606413 114.140265 254.049208 190.800943 199.541976 116.107709 131.893897 160.206117 157.470632 203.666394 199.902476 202.474690 110.385687 238.254066 268.663358 168.760185 89.944427 131.552271 183.152942 306.894119 159.138305 154.324334 104.355163 156.869372 282.434063 209.401528 125.159898 181.532366 173.519451 216.416266 267.710665 63.063460 36.235342 183.657290 154.466825 210.261742 264.599698 172.586210 215.668727 258.992278 307.001629 
238.000000 8.000000 5.000000 a 318.147764 295.787086 146.294224 21.095023 217.248705 119.570063 277.913656 213.490047 265.318676 324.918451 44.384682 336.536774 281.412509 241.422866 31.890437 198.297756 110.000000 244.296950 195.576072 291.075592 137.266165 180.424499 290.043100 363.881849 84.628600 32.557641 203.184645 250.912335 379.876296 97.164808 192.753729 133.296662 135.977939 375.431751 283.557754 162.889533 159.110025 114.057003 302.592135 313.600064 34.132096 129.973074 106.526992 243.232399 303.400725 249.825939 198.494332 305.373542 353.752739 395.545193 
126.000000 2.000000 3.000000 a 330.311974 280.845153 365.165716 379.637985 192.937814 277.238165 96.083297 290.423828 132.883408 34.985711 393.570832 61.032778 295.480964 147.339743 389.082254 161.449683 328.694387 140.602276 258.862898 132.003788 367.600326 336.542716 100.424101 279.402935 384.075513 369.128704 157.784663 108.853112 20.248457 345.567649 404.605981 377.618855 283.933091 142.677959 78.006410 385.394603 286.006993 459.344098 329.645264 110.981981 330.588869 280.793518 463.534249 296.233016 282.460617 283.028267 196.010204 116.297033 282.015957 107.200746 
244.000000 6.000000 3.000000 a 509.878417 469.655193 120.332872 259.378102 165.157501 311.327802 257.623757 408.944984 349.548280 327.013761 298.167738 370.293127 465.966737 208.856410 281.348538 257.526698 147.166572 329.534520 106.075445 376.872658 130.506705 404.624517 248.871453 518.227749 192.634369 289.292240 270.248034 276.030795 365.387466 161.198635 439.731736 381.295161 137.419067 450.605149 309.355782 408.931535 113.216607 357.945527 498.036143 243.386524 263.212842 326.038341 333.541602 436.357651 476.212138 66.490601 173.833253 379.553685 512.508537 440.556466 
147.000000 9.000000 3.000000 a 343.547668 303.402373 126.921235 161.523992 70.767224 151.009933 148.677503 243.895469 195.920902 210.535033 190.286626 239.641399 299.579706 102.459748 178.600112 102.318131 86.469648 173.971262 66.219333 224.615227 127.565669 246.333108 154.693245 354.317654 143.961800 170.883001 114.127122 140.356688 262.070601 103.585713 292.001712 238.212090 44.147480 306.140491 177.476759 262.122109 57.801384 260.714403 331.917158 172.568827 132.619757 165.196852 251.382179 270.601183 310.040320 127.121989 53.823787 231.624696 347.922405 308.585482 
116.000000 6.000000 4.000000 a 231.603109 183.521116 383.207516 357.654862 233.420222 230.592715 148.519359 210.760528 71.386273 92.703829 361.386220 42.953463 200.870605 191.010471 361.448475 155.331903 338.540987 92.439169 296.060805 49.244289 382.883794 264.546782 165.701539 176.181724 382.523202 336.882769 144.837840 122.674366 110.652610 351.159508 332.848314 318.323735 300.832179 52.201533 90.271812 319.200564 311.245884 419.243366 232.912001 190.905736 303.488056 228.868958 431.177458 209.246266 184.048907 336.542716 226.737734 31.953091 179.044687 59.481089 
253.000000 3.000000 3.000000 a 423.930419 395.506005 47.423623 106.976633 206.344372 216.226733 294.762616 317.674362 328.105166 356.820683 145.206749 383.063963 384.200469 246.454864 127.781063 240.601330 60.207973 305.555232 153.652205 356.552941 37.589892 292.099298 298.904667 458.938994 30.675723 145.344419 250.353750 285.212202 408.579246 44.045431 306.882714 247.582310 106.606754 441.311681 322.099364 277.218326 113.740934 195.002564 409.132008 312.169826 137.295302 229.617073 167.585799 347.650687 402.990074 186.316934 196.022958 366.938687 450.031110 450.138867 
194.000000 5.000000 4.000000 a 262.771764 219.045657 212.313448 193.705963 107.200746 105.603030 113.229855 172.130764 107.856386 151.608047 207.347534 165.746795 218.504005 96.881371 202.588252 25.238859 165.677397 85.381497 147.434731 136.616251 210.943120 192.052076 130.698125 265.324330 209.009569 183.076487 30.413813 78.230429 206.613165 177.386583 251.445819 209.353768 132.412235 220.513038 110.136279 225.441788 148.219432 274.401166 252.936751 160.996894 144.138822 115.108644 277.108282 194.794764 225.177708 203.420746 88.255311 145.910932 259.557315 230.002174 
157.000000 6.000000 1.000000 a 380.990814 331.930716 258.785626 311.006431 84.693565 252.001984 51.264022 308.016233 176.527618 109.343495 335.359509 159.100597 338.917394 53.413481 325.995399 126.846364 231.905153 166.544288 144.533733 195.256242 263.321097 336.643729 31.064449 355.249208 293.846899 313.260275 133.820776 96.026038 140.406553 251.382179 397.816541 355.223873 184.894565 247.315588 110.476242 371.974461 179.120071 405.690769 375.033332 21.189620 273.007326 261.604664 400.524656 325.001538 336.148777 158.861575 98.183502 189.306630 353.899703 225.228773 
103.000000 4.000000 2.000000 a 292.643127 249.062241 190.157829 191.261601 78.771822 125.399362 105.801701 200.449495 131.483839 156.467249 210.237960 179.011173 248.364651 76.922038 203.088651 37.947332 145.993151 109.658561 117.796435 160.153052 189.842040 216.390850 119.503138 294.645550 195.478899 186.938493 49.658836 82.565126 210.608642 160.028123 272.682966 226.737734 108.166538 241.919408 118.713942 245.326313 121.433109 279.508497 282.630501 146.604911 146.754898 136.780847 278.298401 223.946422 255.190125 173.404152 58.940648 167.299133 289.110705 246.483265 
219.000000 8.000000 3.000000 a 249.176644 242.596373 255.665797 114.542569 296.947807 117.686023 331.440794 160.028123 274.912713 360.501040 78.492038 356.395847 222.643212 308.103879 95.015788 242.249871 217.680959 259.059839 292.035957 293.819673 246.562365 106.367288 348.511119 314.701446 190.790461 76.922038 241.356583 292.960748 413.943233 206.320140 88.617154 37.000000 235.544051 369.431996 317.238081 63.007936 260.324797 87.464278 232.690782 377.510265 103.237590 115.377641 115.433964 184.610401 249.801922 350.374086 275.943835 311.306923 302.952141 401.687690 
190.000000 4.000000 5.000000 a 488.894672 459.009804 61.660360 171.303824 234.940418 280.529856 330.054541 382.593779 380.780777 396.323101 208.254652 428.085272 448.545427 279.257945 191.094218 289.347542 107.703296 358.302944 172.191754 409.542428 61.983869 358.263869 330.189340 520.778264 95.718337 210.618138 300.306510 328.568106 445.091002 100.702532 372.228424 313.158107 144.533733 493.000000 365.656943 342.830862 140.057131 250.217905 474.301592 337.557403 203.383874 294.266886 218.741857 412.506970 466.424699 183.338485 230.000000 418.273834 512.289957 497.147865 
204.000000 5.000000 1.000000 a 164.541788 135.565482 478.131781 417.929420 350.332699 278.469029 274.823580 208.312266 163.835283 221.846794 409.763346 171.093542 158.823802 312.014423 415.130100 257.157539 429.697568 184.491192 407.835751 136.693087 475.707894 266.174755 293.436535 79.511006 461.200607 387.494516 244.638509 241.207380 229.856477 438.055933 325.112288 334.071849 399.782441 85.702975 215.000000 323.303263 415.095170 453.061806 174.613860 319.889043 363.501032 270.068510 474.004219 189.171880 130.598622 455.013187 339.558537 136.883162 89.805345 132.015151 
236.000000 5.000000 5.000000 a 122.004098 85.982556 437.594561 369.486130 322.270073 229.856477 257.186703 156.348969 135.665029 214.767316 359.706825 167.863039 109.077954 287.902761 365.715737 224.162887 388.428887 153.153518 375.586208 113.145923 434.480149 214.219514 277.596830 51.000000 416.082924 337.877197 211.435569 217.830209 235.034040 395.373241 273.760845 282.143580 361.702917 99.959992 198.010101 271.400074 378.815258 401.549499 129.417928 307.001629 315.559820 220.635446 423.075643 137.568165 82.006097 426.438741 309.187645 120.166551 55.317267 150.216510 
144.000000 5.000000 5.000000 a 537.476511 502.813087 101.019800 239.754041 232.834705 329.848450 329.734742 432.135395 403.595094 398.989975 278.296604 437.666540 495.176736 278.686203 260.848615 309.588436 148.838839 381.913603 166.904164 432.120354 108.706026 415.543018 324.718339 559.289728 163.746756 276.920566 321.790304 339.187264 442.258974 151.953940 437.411705 377.810799 166.820263 511.634635 375.054663 407.185461 150.840976 325.576412 523.894073 324.394821 262.251787 344.363180 295.169443 461.424967 509.934309 150.850920 234.974467 437.888114 551.987319 508.178118 
137.000000 1.000000 3.000000 a 292.658504 258.698666 146.986394 106.892469 137.753403 86.833173 190.307646 187.800426 189.380569 238.438671 126.589889 253.842471 250.351753 155.724115 118.600169 112.271991 97.185390 167.146642 136.091881 217.117480 142.411376 179.621825 202.943342 318.692642 124.951991 104.235311 118.663389 164.158460 293.231990 101.597244 220.274828 165.435788 87.664132 302.393783 197.994949 190.042101 112.271991 196.702822 279.257945 227.727908 64.031242 101.597244 193.806605 216.778689 265.956763 196.651977 117.239072 229.176788 310.409407 316.570687 
177.000000 2.000000 5.000000 a 428.869444 379.332308 289.006920 356.426711 124.651514 303.990131 98.045908 359.233907 221.939181 138.423264 382.832862 189.678676 387.569349 103.768974 372.542615 179.011173 268.821502 214.457455 173.219514 237.507895 294.877941 388.785288 76.026311 397.689577 332.266459 361.437408 185.722912 145.003448 151.489274 289.012110 449.992222 406.950857 222.443251 278.567766 152.315462 424.040092 212.058954 453.398280 423.680304 43.289722 321.400062 313.738745 446.279061 375.341178 383.146186 169.357610 142.214627 228.980349 397.315995 248.823230 
129.000000 1.000000 4.000000 a 111.503363 94.894678 329.843902 223.785612 283.975351 100.209780 271.626582 13.892444 169.614268 272.354548 204.022058 250.203917 76.537572 272.029410 214.037380 191.094218 281.113856 163.878003 311.584659 177.341479 323.630963 44.922155 293.018771 166.868211 286.735069 186.131674 182.617086 224.859956 318.215336 280.242752 109.859001 113.282832 273.029302 237.453153 233.238076 102.459748 296.514755 235.359300 96.213305 326.021472 177.002825 85.603738 260.409293 37.643060 102.259474 371.884391 263.865496 195.673197 155.293271 277.850679 
227.000000 1.000000 5.000000 a 27.730849 46.615448 412.510606 307.327187 349.124620 182.482876 317.227048 79.931220 197.121790 299.901651 285.448769 265.005660 28.635642 329.086615 296.543420 249.569630 363.324923 201.002488 385.051945 192.093727 406.636201 116.378692 339.249171 104.675690 370.919129 268.955387 238.732067 270.473659 336.168113 363.452886 157.457931 185.064853 351.711530 223.002242 267.824569 164.984848 374.204490 308.706981 12.041595 372.134384 261.204900 168.291414 337.083076 50.606324 48.795492 443.927922 330.552568 208.139376 92.357999 270.985239 
161.000000 6.000000 1.000000 a 388.063139 338.036980 321.628668 366.215783 146.751491 290.688837 73.600272 329.686214 180.335798 83.934498 387.578379 133.701159 348.969913 108.784190 379.665642 163.110392 293.429719 178.084250 207.482529 190.672494 326.007669 366.616966 58.258047 348.501076 354.464385 364.462618 165.846314 116.361506 90.426766 312.541197 431.584291 394.756887 246.489351 221.382023 109.553640 408.142132 241.820181 457.055795 384.688185 42.190046 324.228315 298.077171 454.780167 341.855233 341.005865 217.807254 157.990506 179.359973 349.356551 188.830612 
251.000000 8.000000 4.000000 a 159.402008 137.568165 282.214457 177.132719 249.050196 54.129474 251.071703 54.120237 167.764716 263.804852 160.327789 250.571347 122.090131 243.310501 168.866811 164.453641 233.805475 155.974357 270.223981 182.784026 275.827845 45.541190 271.359540 207.858125 238.648277 140.730238 158.432951 206.247424 314.014331 232.361787 109.274883 86.769810 228.177562 254.778335 221.882852 89.140339 252.239965 199.904977 144.308697 303.595125 129.034879 39.395431 221.226129 83.862983 145.165423 331.061928 228.177562 200.878072 196.987309 289.373461 
151.000000 5.000000 4.000000 a 120.415946 104.938077 322.670110 214.580987 281.710845 93.813645 272.855273 22.803509 174.183811 276.061587 194.288445 255.501468 86.400231 271.361383 204.501834 190.672494 274.200656 167.263266 307.375991 183.251194 316.284682 35.846897 294.049316 176.918060 278.352295 176.663522 182.718363 226.373585 322.837420 272.809457 102.449988 103.392456 267.447191 245.415973 236.281612 93.407708 291.194093 225.319773 104.861814 326.938832 168.514094 79.075913 250.379712 47.539457 112.294256 367.903520 261.354166 201.625891 165.339046 285.043856 
121.000000 2.000000 5.000000 a 56.462377 57.306195 461.982684 371.215571 371.361010 236.839608 319.640423 140.456399 194.247265 285.926564 353.547734 242.051647 73.246160 342.883362 362.944899 269.940734 412.167442 206.312869 417.200192 178.373204 457.300776 189.084637 341.087965 32.557641 428.747012 334.858179 257.623757 276.132215 311.088412 415.409437 235.031913 259.110015 393.161544 178.036513 263.030416 241.132744 413.359408 382.827637 70.342022 372.307668 321.137042 224.269927 409.499695 112.089250 49.739320 472.606602 355.418064 189.676040 23.259407 228.319951 
292.000000 5.000000 4.000000 a 404.190549 381.494430 103.121288 70.178344 243.706791 203.541151 323.975308 299.549662 337.120157 380.788655 102.342562 400.765517 367.441152 279.164826 86.214848 257.670332 99.156442 315.025396 199.424171 364.495542 93.048375 265.188612 331.308014 448.849641 35.355339 110.344914 265.480696 306.960910 434.495109 78.644771 269.016728 211.518321 144.616735 449.752154 342.655804 240.983402 158.417171 141.693331 388.579464 348.604360 117.783700 214.953483 112.285351 329.317476 389.101529 238.799079 229.895628 377.047742 438.958996 464.521259 
240.000000 2.000000 1.000000 a 219.913619 179.449157 232.245560 180.113853 154.870914 63.031738 155.653461 124.426685 106.367288 180.277564 184.678098 181.342218 175.786803 145.523194 183.861361 67.067131 182.833257 85.866175 187.472665 132.185476 228.844926 143.377125 175.045708 233.482333 213.190056 160.012500 62.769419 113.600176 234.200769 189.770915 204.474937 166.469216 159.831161 217.000000 137.000000 179.780422 180.055547 246.473122 208.849228 206.700266 125.765655 69.462220 254.943131 148.761554 186.171964 246.221445 134.937022 146.372812 226.152603 236.913486 
214.000000 7.000000 2.000000 a 408.589036 359.016713 285.567855 345.253530 115.663304 287.043551 78.006410 339.860265 201.556444 119.268604 370.309330 170.581359 367.393522 88.814413 360.649414 160.962729 262.177421 194.257561 169.838158 217.168138 290.848758 370.472671 56.035703 377.387069 325.000000 348.397761 167.107750 125.099960 136.458785 282.063823 432.394496 390.467668 215.334623 259.599692 131.939380 406.863614 207.077280 440.728942 403.495973 23.021729 308.185009 296.378137 434.940226 355.562934 362.801599 173.233946 131.365901 208.806130 376.961536 231.311478 
210.000000 5.000000 5.000000 a 326.732306 295.800609 112.294256 77.103826 155.219200 118.088950 222.728534 220.621848 231.780068 275.855034 106.892469 294.334843 285.700893 182.408881 94.302704 151.426550 64.498062 209.468375 134.201341 259.624729 106.103723 203.295352 232.776717 358.108922 82.377181 89.844310 159.022011 201.645729 330.142394 63.031738 233.105126 174.596678 75.802375 344.884038 236.780489 202.299283 100.319490 176.819117 312.553995 254.261676 57.035077 132.276226 166.973052 250.331780 303.209499 190.779978 137.186005 271.471914 349.378019 358.201061 
118.000000 2.000000 1.000000 a 316.425347 269.742470 423.472549 423.265874 254.950976 307.122126 157.927198 298.303537 148.448644 88.955045 432.486994 67.082039 288.118031 209.059800 430.174383 206.903359 384.157520 164.347193 321.043611 134.357731 425.117631 350.770580 165.148418 251.700219 436.111224 407.790387 200.092479 158.455041 54.451814 399.782441 419.329226 401.004988 341.093829 103.392456 121.926207 404.143539 345.579224 494.631176 319.043884 176.646540 371.316577 307.717403 502.868770 297.477730 269.579302 348.080450 255.650152 115.974135 256.955249 55.326305 
202.000000 4.000000 1.000000 a 363.649557 351.005698 188.098379 66.843100 298.452676 189.594304 363.055092 266.610202 345.162281 409.688906 56.080300 419.325649 333.109592 325.484255 55.713553 283.091858 170.425937 325.041536 267.755485 369.499662 177.901658 219.695243 374.817289 422.238084 115.520561 79.906195 287.445647 335.871999 464.685915 151.538774 203.973037 153.951291 208.290662 452.269831 367.961955 180.560239 227.975876 54.571055 347.276547 397.555028 114.586212 196.010204 25.632011 294.253292 358.503835 315.483756 280.793518 384.837628 411.096096 475.887592 
232.000000 5.000000 5.000000 a 178.353581 131.095385 390.888731 345.005797 258.311827 209.497017 185.569394 169.026625 72.401657 140.811931 343.001458 95.000000 149.723078 220.410980 345.579224 166.355042 343.470523 93.941471 316.218279 44.687806 389.165774 225.887140 205.302216 124.169239 380.076308 319.230324 154.051939 149.576068 164.347193 353.441650 292.714878 285.727143 310.885831 55.542776 125.781557 282.554420 324.992308 395.101253 180.427271 233.856794 290.001724 204.560504 411.013382 162.659153 131.103013 362.994490 247.693359 46.957428 126.099167 96.208108 
294.000000 7.000000 2.000000 a 141.354165 128.003906 307.026058 193.891722 278.115084 82.219219 277.331931 45.177428 186.560982 286.001748 172.154001 268.938655 109.142109 271.532687 182.915281 192.002604 259.331834 177.228666 299.046819 198.312884 300.221585 18.867962 297.983221 200.002500 259.724854 155.309369 185.324041 231.758495 334.611715 256.628136 87.206651 80.752709 255.923817 264.412556 244.969386 73.430239 280.223125 202.247373 125.399362 330.490544 149.933319 67.720012 227.369743 70.405966 135.340312 359.938884 257.280003 216.670256 188.409129 302.378901 
262.000000 1.000000 3.000000 a 57.974132 87.114867 413.208180 297.355007 367.164813 185.218790 344.524310 88.323270 228.982532 333.030029 271.280298 301.014950 66.287254 351.459813 284.112654 270.667693 365.136961 229.965215 397.246775 227.178344 406.527982 102.303470 366.442356 143.600139 365.580361 257.606289 260.846698 297.378547 371.974461 362.949032 126.889716 164.623814 358.765940 263.309704 298.563226 140.406553 382.367624 285.870600 44.283180 399.552249 256.035154 170.469939 316.621225 67.000000 89.827613 457.351069 347.570137 244.008197 131.483839 310.736223 
137.000000 4.000000 2.000000 a 440.246522 399.145337 104.637469 217.623528 97.498718 246.077224 193.569109 340.906145 278.641347 263.045623 254.183005 303.621475 396.164107 142.940547 238.738351 186.196133 105.190304 258.379566 34.713110 306.218876 112.609946 340.825469 188.095720 446.870227 165.024241 240.858880 198.909527 207.118324 305.635404 124.354332 381.320076 324.556621 77.000000 381.533747 241.660919 350.750624 52.086467 320.028124 428.822807 189.066126 209.193690 260.583960 301.166067 367.631609 405.602022 39.924930 103.464970 309.554519 441.239164 374.177765 
224.000000 6.000000 1.000000 a 265.022641 215.538860 355.967695 345.913284 197.306868 229.124420 107.298649 228.816520 72.862885 49.040799 354.317654 11.401754 230.360587 153.075145 352.278299 132.185476 313.772210 86.533231 261.841555 67.067131 356.602019 277.996403 123.109707 216.815590 362.498276 329.619478 124.036285 89.498603 77.878110 328.097546 346.561683 324.710640 273.095221 93.509358 53.141321 329.523899 280.864736 416.358019 264.372843 147.275253 293.465501 230.217289 424.689298 232.561820 217.175045 298.412466 193.217494 50.990195 218.586367 80.081209 
Type de surveillance de chaque endroit(target):tab[nombre de target]
a a a a a a a a a a a a a a a a a a a a a a a a a a a a a a a a a a a a a a a a a a a a a a a a a a 