Nombre des capteurs:
150
Nombre des targets:
30
Nombre de type de surveillance:
1

Caracteristiques:
117.000000 8.000000 1.000000 a 288.230810 433.561991 104.355163 333.424654 541.828386 121.264174 299.841625 299.282475 336.362899 542.719080 206.603485 493.255512 369.720164 330.056056 387.005168 513.000975 472.451056 315.039680 393.471727 254.636997 504.971286 427.516082 450.439785 246.908890 186.510053 386.742809 312.569992 518.808250 147.248090 164.149322 
151.000000 3.000000 5.000000 a 165.245272 296.204321 68.066144 190.800943 398.377961 59.228372 173.401269 228.973798 204.266982 404.322891 104.785495 352.036930 243.823707 191.509791 276.586334 371.651719 336.542716 173.415686 255.485812 173.184872 361.487206 285.000000 307.293020 145.797805 96.834911 243.526179 178.070211 375.660751 8.544004 125.896783 
112.000000 8.000000 4.000000 a 195.726850 94.201911 345.259323 103.469802 107.628992 325.651654 181.463495 314.311947 145.773797 147.573710 274.089401 100.662803 179.969442 134.346567 242.546903 98.183502 119.281180 130.782262 110.063618 298.720605 70.724819 32.249031 23.021729 253.728201 293.639234 57.271284 161.623018 94.254973 287.088836 342.147629 
185.000000 6.000000 3.000000 a 337.378126 221.415898 451.868344 238.144914 96.896852 452.294152 323.372850 456.798643 288.362619 204.892655 362.372736 56.850682 212.941306 221.165097 251.543237 160.377679 226.550215 235.212670 160.639348 361.365466 100.463924 170.026469 143.349224 394.488276 384.193961 168.751296 242.538657 54.120237 406.724723 478.271889 
197.000000 8.000000 2.000000 a 127.141653 229.869528 311.168764 228.324331 378.621183 219.456146 135.650286 31.780497 158.858428 316.809091 334.013473 400.805439 392.108403 312.705932 450.454215 318.022012 247.341869 283.241946 354.902804 400.769260 351.846557 273.001831 300.106648 105.394497 335.931541 297.593683 322.893171 391.216053 240.337263 164.149322 
175.000000 7.000000 5.000000 a 132.740348 223.008968 143.391074 108.503456 309.381641 140.520461 132.913506 241.811910 147.800541 326.718533 94.921020 259.699827 164.596476 101.242284 210.622886 288.903098 264.569462 81.123363 164.805946 153.561063 272.369235 200.412075 220.220344 149.616176 107.018690 152.069063 93.021503 284.015845 90.824006 186.386695 
259.000000 4.000000 3.000000 a 196.458647 235.747747 406.020935 278.469029 377.445360 316.509084 198.841646 127.393092 204.120063 292.979521 418.437570 424.381903 450.177743 371.303111 512.649978 310.362691 236.476214 343.209848 401.363925 482.196018 358.403404 292.549141 316.083850 195.747286 423.104006 337.379608 386.793226 403.064511 333.006006 262.030533 
143.000000 1.000000 1.000000 a 281.156540 364.087901 122.024588 248.008064 416.886076 204.266982 283.063597 373.108563 298.509631 459.364779 56.648036 336.774405 181.793839 184.361059 177.564073 414.663719 405.277683 189.552104 232.937760 37.947332 381.559956 327.649203 340.035292 283.471339 53.758720 260.848615 157.543645 377.033155 157.384879 274.934538 
298.000000 1.000000 5.000000 a 227.149730 255.550386 437.126984 306.205813 392.922384 347.051869 229.008733 156.012820 232.142198 303.041251 449.649864 445.669160 478.176746 399.696135 541.140462 324.992308 251.872984 371.940856 427.562861 513.156896 376.172833 314.356486 336.728377 227.055059 454.440315 362.794708 415.896622 421.701316 364.296582 291.109945 
283.000000 6.000000 3.000000 a 161.771444 258.288598 112.609946 143.293405 340.260195 130.061524 163.816971 260.946355 181.892826 361.448475 62.769419 283.820366 170.299736 120.415946 206.813926 322.684056 299.861635 106.775465 184.067922 127.283149 303.290290 233.976495 252.659850 169.070991 72.339477 181.176709 104.752088 311.873372 75.425460 187.002674 
254.000000 6.000000 4.000000 a 287.137598 429.214399 89.000000 326.203924 533.401350 121.597697 298.104009 306.674094 333.444148 538.067840 190.436341 481.680392 354.558881 317.833290 369.867544 506.786937 468.705665 304.139771 380.816229 236.222353 496.448386 420.405756 442.634160 249.072279 169.838158 376.920416 299.347624 508.717014 140.089257 171.976743 
226.000000 5.000000 3.000000 a 196.977156 83.671979 423.122914 193.620763 189.560017 364.002747 185.520888 251.445819 152.082215 98.005102 387.063302 260.000000 343.464700 278.298401 408.335646 121.165177 54.671748 259.563094 277.656262 432.611835 178.899413 142.874070 154.857999 245.203997 401.124669 212.896689 303.026401 225.887140 349.332220 344.569296 
213.000000 2.000000 3.000000 a 41.340053 114.560028 259.295199 77.820306 250.107977 202.556165 26.627054 159.380049 14.142136 223.042597 234.829726 253.007905 247.606543 168.371613 309.594897 202.607996 150.658554 140.121376 204.313485 290.798900 217.697037 133.454112 161.307160 100.239713 245.507637 146.321564 183.934771 250.667110 185.067555 196.939077 
273.000000 1.000000 4.000000 a 260.069222 182.002747 354.278139 155.116086 133.015037 358.521966 247.341869 385.975388 218.332316 216.538680 265.198039 41.036569 125.171882 123.555655 177.138364 164.003049 204.560504 139.186925 63.820060 268.799182 106.099010 119.854078 104.004808 313.638327 286.923335 82.054860 145.041373 83.432608 311.102877 390.000000 
245.000000 3.000000 1.000000 a 131.605471 276.240837 110.113578 182.879742 392.439804 39.623226 142.442971 180.767807 178.474088 385.519131 148.949656 358.853731 270.007407 207.099010 310.280518 358.046086 314.707801 183.806964 269.712810 218.277347 356.237280 275.174490 299.908319 101.118742 143.836713 245.652193 199.491854 376.198086 40.459857 83.522452 
184.000000 3.000000 4.000000 a 179.922205 184.621234 237.185581 85.586214 223.617978 244.135208 171.353436 307.234438 159.364362 268.315113 153.681489 158.050625 86.833173 11.045361 149.966663 221.325552 222.991031 26.019224 61.131007 175.262660 187.640614 137.014598 146.154028 222.245360 174.484956 66.490601 38.118237 188.830612 194.589311 283.386662 
101.000000 5.000000 4.000000 a 262.840256 377.878287 43.931765 263.734715 457.604633 140.089257 269.118933 328.709598 294.977965 481.946055 85.912746 391.260783 249.953996 228.177562 258.373760 443.028216 419.344727 222.283603 287.088836 122.800651 420.861022 354.268260 372.086012 247.329739 63.890531 297.754933 205.182845 425.029411 110.063618 211.945748 
110.000000 4.000000 4.000000 a 196.603662 351.240658 186.472518 283.185452 485.732437 97.862148 211.227366 153.805071 251.813423 457.106115 261.007663 467.757416 390.155097 324.581269 430.094176 440.408901 383.463166 299.252402 385.541178 328.271229 451.479789 367.151195 394.180162 138.946033 250.599282 352.930588 319.039183 478.234252 151.380316 42.720019 
177.000000 4.000000 5.000000 a 189.211522 209.880919 216.813284 104.623133 249.775900 232.879797 182.408881 314.025477 175.823775 295.489425 128.705089 178.910592 76.896034 16.763055 134.807270 248.620192 248.917657 35.608988 76.275815 147.979728 214.107450 164.012195 173.441633 225.818511 150.000000 93.744333 11.045361 213.016431 180.886705 278.001799 
190.000000 3.000000 5.000000 a 72.718636 182.989071 178.160040 83.600239 293.081900 138.946033 73.389373 187.800426 94.260278 291.302249 153.055545 264.378517 204.919496 129.065875 259.001930 260.409293 223.394270 100.603181 185.043238 213.590730 256.906598 176.071008 200.561711 97.862148 162.188162 149.696359 132.774244 278.088116 107.354553 161.046577 
125.000000 8.000000 2.000000 a 239.708156 288.923865 175.570499 177.485211 326.675680 224.877745 237.002110 353.022662 241.074677 376.585980 73.389373 244.663034 93.230896 97.416631 111.004504 329.437399 328.762832 110.476242 140.943251 67.268120 292.042805 245.073458 254.151530 260.800690 94.429868 174.393234 70.178344 285.350661 169.849934 285.440011 
281.000000 7.000000 3.000000 a 210.793738 196.888293 262.001908 111.503363 212.200377 275.281674 201.444782 338.681266 185.884373 269.742470 171.825493 134.469327 63.513778 33.526109 128.701204 220.002273 232.432786 59.033889 31.064449 181.231896 178.025279 142.369238 145.220522 254.756747 193.507106 68.680419 51.623638 171.432202 224.510579 316.155025 
217.000000 8.000000 2.000000 a 242.392244 219.692968 281.113856 142.172431 214.869728 301.761495 232.937760 370.303929 216.363121 283.444880 185.698681 124.907966 43.289722 62.000000 105.848949 232.079728 252.833938 89.805345 27.294688 183.371208 183.393021 161.644672 159.590100 286.148563 207.713745 90.426766 71.309186 168.549696 249.609695 345.418587 
110.000000 3.000000 1.000000 a 116.828935 41.182521 319.452657 80.622577 177.115781 274.016423 102.200783 221.779169 61.611687 150.332964 275.116339 197.952014 239.133854 168.252786 304.277834 127.003937 81.596569 147.410990 179.610690 319.624780 147.091808 67.186308 94.021274 175.328264 290.079300 113.216607 191.718544 185.132385 249.146543 272.523393 
253.000000 8.000000 1.000000 a 153.574086 55.569776 327.942068 77.897368 138.571281 296.278585 138.928039 267.988806 100.895986 142.126704 268.895891 148.489057 204.394227 142.705991 269.252669 103.585713 91.443972 129.096863 139.269523 304.000000 104.785495 20.248457 48.083261 212.461761 286.457676 73.824115 168.961534 138.311243 263.427409 305.098345 
209.000000 1.000000 4.000000 a 195.757503 196.473917 421.222032 259.557315 331.119314 338.013313 193.940713 163.413586 187.856328 241.167991 420.077374 387.072345 430.795775 354.035309 494.959594 263.058929 190.252464 327.670566 376.055847 479.935412 315.242764 256.826790 277.910057 211.286535 427.541811 310.161248 372.604348 361.159245 345.930629 292.035957 
156.000000 4.000000 2.000000 a 140.801278 153.941547 233.649310 45.803930 218.805850 224.537302 131.518060 268.812202 118.869677 247.131544 164.283292 172.235304 127.440182 48.836462 190.213038 204.284116 194.257561 24.738634 91.443972 199.303788 181.818591 115.948264 131.946959 186.424247 182.833257 60.959003 69.354164 193.080294 180.000000 255.556256 
297.000000 4.000000 4.000000 a 43.046487 172.707846 256.222560 146.013698 316.900615 177.552809 52.201533 87.692645 82.607506 274.554184 260.416973 325.006154 307.995130 228.589151 366.661970 263.472959 201.022387 199.123078 272.029410 324.499615 286.272597 203.179723 231.041122 50.596443 265.514595 217.223387 239.081576 321.400062 180.737379 148.111445 
209.000000 5.000000 2.000000 a 414.097815 427.983645 321.309819 334.200539 408.377277 393.706744 409.444746 531.266412 406.007389 490.275433 230.531993 303.534183 168.157664 239.827021 103.619496 438.036528 462.203418 265.819488 236.072023 165.921668 382.907299 371.079506 368.089663 439.192441 243.022633 298.804284 221.165097 354.953518 340.599472 459.461641 
207.000000 7.000000 1.000000 a 372.977211 227.607118 528.125932 290.043100 81.884064 512.408041 358.220602 476.920329 318.554548 159.477271 447.367858 149.264865 311.191260 302.592135 355.373043 139.588681 213.037555 309.090602 249.994000 455.935302 116.828935 200.481919 173.899396 432.010417 468.470917 234.437625 327.433963 105.815878 473.333920 525.478829 
138.000000 5.000000 1.000000 a 152.295765 191.261601 200.212387 77.620873 254.096438 203.027092 146.219014 276.407308 143.391074 285.770887 125.872952 197.205477 114.586212 40.049969 171.405951 242.621104 232.019396 19.104973 102.200783 162.003086 217.303935 154.495955 169.543505 188.162164 144.848196 94.302704 43.829214 224.207493 153.847327 243.462523 
124.000000 8.000000 3.000000 a 169.283785 249.359179 134.617978 132.966161 321.512053 156.259400 169.047331 276.944038 181.416648 349.267806 63.031738 260.432333 143.892321 96.213305 182.222392 308.172030 290.877981 86.267027 159.223114 117.183617 284.717404 219.494875 236.211769 184.629358 79.309520 161.697248 78.790862 290.589057 101.833197 211.217897 
267.000000 6.000000 4.000000 a 70.576200 207.966343 248.853370 176.255496 352.346420 162.027775 83.024093 59.093147 117.277449 308.600065 267.029961 358.314108 331.621773 253.102746 387.856932 298.750732 235.287059 223.579963 300.562805 333.793349 321.561814 238.201595 266.086452 38.910153 269.258240 248.652368 260.771931 356.168499 175.840837 120.933866 
150.000000 4.000000 4.000000 a 100.801786 193.002591 168.190368 82.377181 289.944822 145.989726 99.764723 216.453228 113.991228 298.854480 128.860390 251.015936 178.305917 105.076163 230.766115 263.765047 234.350165 78.409183 164.614702 186.488606 253.144228 176.465294 198.600101 125.674182 140.356688 138.231690 105.650367 269.696125 104.690019 179.234483 
244.000000 7.000000 5.000000 a 219.494875 313.823199 88.887569 197.608198 383.766856 150.053324 222.252109 310.497987 240.634578 414.266822 14.000000 315.572496 177.544361 152.800524 195.478899 372.871291 355.394147 148.932871 211.426110 81.123363 347.247750 284.290345 300.308175 220.537979 14.317821 224.118272 129.495174 349.818524 98.615415 217.958712 
141.000000 2.000000 1.000000 a 86.092973 240.052078 198.909527 181.837840 377.010610 109.224539 100.846418 91.809586 141.198442 345.897384 229.106962 368.331373 317.320028 242.491237 368.241768 329.577002 272.281105 213.974298 297.329783 297.833846 343.704815 259.123523 286.644379 27.658633 228.177562 254.418946 244.640553 373.466197 128.891427 72.801099 
220.000000 2.000000 2.000000 a 219.920440 202.588252 268.067156 120.108284 211.546685 283.381368 210.487529 347.850543 194.427364 272.547244 176.241312 130.096118 57.245087 41.773197 122.298814 222.225111 237.360485 68.117545 25.495098 182.236111 178.084250 146.751491 147.979728 263.973484 198.070694 73.539105 57.008771 169.056204 232.215417 324.963075 
189.000000 1.000000 3.000000 a 423.426499 429.037294 340.906145 339.607126 401.299140 410.721317 418.057412 542.775276 412.462119 486.691894 247.879003 295.584167 170.017646 245.153013 104.861814 434.231505 461.975108 272.281105 235.238177 185.194492 377.402968 370.741150 366.012295 451.053212 261.444067 299.668150 228.484135 347.195910 357.022408 475.304113 
178.000000 5.000000 3.000000 a 299.152135 440.709655 96.566040 337.023738 543.743506 133.753505 310.048383 318.416394 345.220220 549.477024 196.697738 490.701539 361.402822 326.622106 374.862642 517.823329 480.309275 313.600064 389.313498 239.718585 506.767205 431.213404 453.216284 261.237440 175.684376 386.793226 307.585760 518.417785 151.172087 183.575598 
114.000000 5.000000 1.000000 a 151.792622 43.011626 373.507697 143.199162 182.010989 318.014151 139.186925 225.459531 103.121288 116.764721 336.072909 233.000000 298.584996 230.262893 363.748540 117.098249 44.944410 210.161842 235.410280 382.227681 161.993827 105.261579 123.943536 204.240055 350.142828 169.257201 254.247911 207.161773 300.433021 304.244967 
233.000000 3.000000 1.000000 a 188.111669 183.109257 248.726758 90.271812 214.441134 256.164010 178.941331 315.919293 164.623814 263.007604 163.670401 146.348898 82.036577 18.867962 146.492321 215.027905 220.465417 37.215588 49.244289 181.837840 178.843507 132.638607 139.703257 232.019396 184.740358 60.074953 45.221676 178.216161 206.671237 294.852506 
201.000000 1.000000 3.000000 a 111.892806 261.451716 135.340312 175.786803 383.803335 55.154329 123.943536 155.913438 161.978394 370.600863 169.452058 356.976190 279.213180 211.683726 323.310996 345.793291 298.718931 186.271308 272.574760 238.824203 348.173807 265.497646 291.219848 76.321688 166.183633 242.538657 207.241405 370.951479 64.660653 72.000000 
121.000000 5.000000 1.000000 a 241.828452 176.782352 330.723449 136.235091 148.492424 335.489195 229.593118 368.827873 202.780670 223.365172 242.249871 64.381674 108.374351 100.005000 165.060595 171.026314 203.435493 115.836091 42.047592 248.169297 118.016948 114.586212 103.942292 294.061218 263.897707 63.953108 121.918005 102.693719 287.711661 368.245842 
189.000000 8.000000 1.000000 a 158.927656 313.025558 189.623311 249.537572 449.244922 93.338095 173.643313 120.337027 214.114455 418.402916 250.599282 435.387184 367.295521 298.006711 411.358724 402.572975 344.744833 271.361383 357.179227 319.526212 415.462393 330.945615 358.235956 100.603181 243.238566 320.632188 295.061011 443.636112 139.789127 21.213203 
190.000000 6.000000 3.000000 a 246.465008 112.285351 406.647267 162.935570 46.754679 385.275226 231.769282 356.609030 192.924856 110.018180 333.779868 94.366308 224.055797 191.324332 281.852798 57.982756 115.870618 191.002618 154.051939 354.107328 12.165525 72.897188 46.043458 305.424295 353.748498 115.870618 218.220072 57.008771 348.037354 397.780090 
194.000000 6.000000 2.000000 a 110.941426 262.093495 140.801278 179.011173 386.291341 57.008771 123.490890 149.482440 162.200493 371.086243 176.640879 361.225691 285.580111 217.389052 330.130277 347.207431 298.872883 191.637679 277.893865 246.018292 350.851821 267.800299 293.777126 72.006944 173.242604 246.619140 213.459598 374.370138 71.281134 66.121101 
262.000000 8.000000 3.000000 a 320.600998 193.582024 453.964756 226.737734 59.665736 446.305949 306.184585 435.614508 269.105927 167.886867 369.400866 68.007353 229.923900 225.222113 275.072718 125.219807 194.247265 234.827596 169.805771 375.225266 69.584481 148.296999 120.507261 378.874649 390.824769 162.800491 249.018072 31.304952 403.628542 466.858651 
155.000000 8.000000 5.000000 a 336.609566 361.658679 253.007905 261.199158 362.608604 318.728725 332.487594 452.823365 331.217451 433.747622 156.524758 263.229938 107.377838 168.154691 58.137767 382.655197 398.197187 191.971352 177.912900 98.858485 333.006006 308.293691 309.401034 360.717341 171.572142 234.616709 146.727639 312.443595 264.750826 382.844616 
158.000000 2.000000 4.000000 a 72.917762 227.727908 182.784026 159.624560 359.836074 100.623059 86.977008 114.865138 127.404866 335.529432 204.707108 345.908948 290.580454 216.233670 341.316569 315.635866 262.377591 187.962762 272.029410 272.946881 325.650119 241.267486 268.365423 28.284271 205.060967 231.417372 217.862342 353.386474 109.444050 84.053554 
145.000000 5.000000 5.000000 a 302.597092 151.287805 478.984342 231.490821 40.024992 451.841786 287.890604 399.772435 247.426757 80.993827 408.270744 146.249786 294.749046 265.979323 349.280689 60.745370 132.672529 265.228204 226.000000 428.364331 69.426220 137.440896 115.377641 361.247837 428.086440 190.394328 292.827594 94.921020 417.796601 457.673464 
184.000000 6.000000 4.000000 a 155.322246 189.594304 205.104851 77.162167 249.735860 208.405854 148.838839 280.071419 144.616735 282.931087 129.356098 191.950514 110.693270 35.000000 168.442869 239.282260 230.139088 14.422205 96.840074 163.517583 213.002347 151.419946 165.849329 192.275844 148.647233 89.888820 41.109610 219.317122 159.210552 248.581978 
271.000000 2.000000 2.000000 a 234.522920 266.086452 203.538694 159.655880 294.821980 243.008230 229.810792 354.039546 228.319951 349.001433 103.077641 211.151604 62.169124 70.859015 95.210294 300.665928 304.821259 90.376988 107.786827 98.681305 260.725910 218.449079 225.375243 262.834549 124.867930 146.013698 45.541190 252.420284 188.010638 298.739017 
183.000000 6.000000 1.000000 a 167.836230 95.425364 399.399549 186.681547 224.899978 333.624040 158.319298 209.274939 131.095385 140.463518 372.973189 284.297380 348.633045 277.721083 413.817593 157.035028 83.952367 255.538647 286.932048 423.709806 209.346603 157.746632 175.641681 210.641876 385.170092 220.517573 300.443006 255.624725 324.197471 308.527146 
162.000000 6.000000 4.000000 a 79.322128 232.768125 170.038231 158.483438 361.780320 89.988888 92.617493 127.283149 132.382023 341.234523 192.462983 343.982558 282.878066 209.861859 332.280002 319.563765 268.471600 182.134566 267.119823 260.946355 327.085616 243.057606 269.786953 41.000000 192.408420 229.200785 210.097596 353.351100 96.462428 82.292162 
204.000000 5.000000 1.000000 a 107.116759 247.315588 247.000000 212.115535 391.899222 153.310143 120.598507 41.629317 156.438486 346.780911 280.071419 396.063126 360.624458 283.520722 414.198020 338.096140 273.753539 254.261676 334.228963 348.638782 361.005540 277.461709 305.353893 57.939624 279.257945 285.028069 288.570615 395.182236 179.245642 97.621719 
171.000000 7.000000 1.000000 a 317.283785 210.608642 424.699894 215.870331 103.585713 427.088984 303.586890 439.028473 270.066658 208.278659 334.677457 30.413813 185.593642 193.981958 226.152603 160.031247 220.676233 208.925824 132.966161 333.736423 96.829747 155.029030 130.000000 373.523761 356.519284 144.837840 214.979069 50.931326 380.728250 455.070324 
233.000000 4.000000 1.000000 a 113.701363 45.880279 331.808680 105.304321 193.961336 278.212149 100.209780 203.570627 62.169124 149.201206 295.381110 225.282045 268.804762 196.412831 333.865242 136.473441 75.822160 174.002874 210.040472 343.419568 167.299133 93.407708 118.376518 169.177422 309.006472 143.683680 218.908657 208.405854 259.000000 268.700577 
124.000000 9.000000 4.000000 a 131.529464 98.493655 364.407739 165.496224 242.018594 296.070937 123.199026 173.623155 101.138519 169.543505 343.595693 288.201319 333.928136 259.326050 398.720453 176.638048 103.097042 234.804174 276.682128 397.508490 221.325552 157.012738 179.334882 172.235304 354.543368 210.440015 280.080346 265.753645 288.778462 269.940734 
248.000000 8.000000 2.000000 a 125.928551 271.670757 234.002137 228.492888 414.657690 137.884009 140.185591 60.008333 178.058979 372.613741 276.586334 414.152146 369.088065 293.782232 420.042855 362.415507 299.347624 265.022641 347.385953 345.827992 382.973889 298.872883 326.730776 70.007142 273.651238 301.537726 296.447297 415.707830 170.941510 75.166482 
138.000000 1.000000 4.000000 a 332.415403 320.669612 307.390631 239.175668 294.151322 355.237948 324.890751 457.542348 313.453346 376.724037 205.138977 190.000000 67.675697 147.275253 27.018512 324.322370 352.529431 176.490793 126.051577 166.580311 268.508845 261.375209 255.923817 368.620401 224.831048 191.700287 138.003623 241.132744 300.134970 411.013382 
176.000000 9.000000 1.000000 a 141.014184 105.261579 280.417546 38.626416 173.971262 259.401234 128.097619 266.807046 100.578328 195.345847 215.863383 148.637142 158.685223 90.249654 223.832527 153.212271 144.256716 75.059976 101.607086 250.008000 137.186005 64.513564 83.234608 196.010204 234.029913 38.600518 115.741090 157.003185 220.658107 279.100340 
135.000000 9.000000 1.000000 a 289.711926 173.170436 417.193001 192.769292 68.308125 410.761488 275.544915 408.031862 239.883305 169.292646 332.831789 38.327536 196.725697 188.501989 245.521893 120.241424 181.135309 198.116128 134.164079 340.147027 56.850682 121.004132 94.339811 347.332694 354.200508 126.751726 212.508823 13.341664 367.404409 433.240118 
271.000000 3.000000 4.000000 a 212.981220 274.083929 404.499691 304.581680 418.387380 311.006431 218.185701 116.481758 230.586209 336.585799 427.730055 460.192351 474.418592 394.893657 535.269091 352.000000 278.000000 366.005464 429.941857 493.811705 397.786375 328.402192 353.058069 199.624648 430.153461 367.793420 408.090676 441.583514 334.574356 249.905982 
152.000000 3.000000 2.000000 a 150.920509 132.438665 263.821910 45.607017 188.600106 251.588950 139.488351 278.887074 118.118584 219.790810 193.217494 147.054412 133.060137 63.063460 198.002525 175.413796 171.143215 50.219518 81.437092 224.080343 151.604749 87.965902 102.156742 202.009901 212.249853 32.649655 88.814413 164.201096 208.830074 278.160026 
224.000000 1.000000 5.000000 a 267.286363 302.200265 205.759568 195.920902 324.322370 258.518858 263.423613 383.735586 263.774525 383.187943 103.576059 234.882950 74.632433 106.733313 78.230429 334.073345 340.653783 126.716218 135.340312 74.813100 291.322845 253.442301 259.000000 291.775599 123.227432 180.335798 81.932899 279.243621 203.531324 319.089329 
225.000000 8.000000 3.000000 a 238.767670 143.209637 361.448475 138.220838 101.138519 354.316243 225.077764 361.022160 192.023436 175.570499 279.635477 51.244512 157.079598 134.833230 214.112120 123.032516 163.343197 142.144293 88.119237 292.514957 69.028979 82.346828 63.126856 295.169443 300.647634 70.178344 160.178026 62.968246 310.800579 378.399260 
119.000000 8.000000 1.000000 a 281.001779 257.108926 298.021811 182.002747 236.019067 328.955924 271.977940 408.476438 256.275243 313.899665 197.959592 136.124943 33.015148 97.015463 74.431176 261.696389 288.591407 126.241831 62.425956 181.044193 207.963939 197.466453 192.200416 322.851359 219.692968 128.689549 98.045908 185.194492 275.218095 377.064981 
183.000000 8.000000 1.000000 a 19.798990 174.828487 219.009132 119.016806 309.930637 148.761554 34.205263 119.620232 74.813100 282.391572 217.830209 304.381340 271.130965 192.566872 327.905474 263.402733 209.229539 163.049072 241.049787 281.788928 276.682128 192.106741 219.692968 40.804412 223.394270 192.065093 200.571683 307.175845 143.013985 136.235091 
292.000000 6.000000 3.000000 a 59.548300 214.282524 189.928934 147.732867 346.677083 111.570605 73.539105 115.364639 113.951744 322.144378 205.231577 334.200539 283.425475 207.884583 335.678418 302.200265 249.040157 179.201004 262.322321 272.640789 312.622776 228.177562 255.360529 23.600847 207.019323 219.965906 210.924157 340.824002 115.208507 97.416631 
155.000000 1.000000 5.000000 a 290.738714 284.200633 278.280434 198.237232 272.183761 319.100298 283.240181 416.004808 272.356384 347.197350 176.264007 172.791782 26.248809 105.683490 40.853396 295.357411 317.804972 134.833230 91.706052 149.966663 243.347488 226.636272 224.040175 327.392731 197.230829 154.828938 96.798760 221.774660 264.272587 372.490268 
253.000000 2.000000 3.000000 a 254.017716 331.001511 126.142776 215.188290 383.692585 195.542834 254.866632 352.482624 268.033580 425.687679 33.600595 305.412835 154.029218 150.880748 159.201131 380.930440 372.086012 155.858911 201.101964 35.805028 348.209707 293.945573 306.323359 261.323554 44.407207 227.200352 124.233651 344.615728 144.138822 263.531782 
189.000000 6.000000 2.000000 a 376.575358 352.953255 352.320876 280.178515 307.782391 402.448755 368.408740 502.698717 354.564522 398.647714 250.457581 201.556444 112.004464 190.968584 68.883960 346.135811 381.913603 220.476756 159.812390 206.494552 286.558894 291.811583 282.630501 414.560008 269.492115 226.313941 184.054340 253.049402 347.324056 458.376483 
131.000000 5.000000 3.000000 a 283.128946 309.614276 224.955551 207.019323 322.386414 278.603661 278.603661 401.329042 276.812211 386.327581 123.044707 229.054579 67.067131 114.769334 58.549125 336.251394 347.080682 137.713471 133.734812 87.206651 290.552921 258.311827 261.765162 309.627195 142.200563 184.621234 92.439169 275.312550 223.600089 338.895264 
279.000000 4.000000 5.000000 a 306.426174 395.456698 122.588743 279.145124 449.755489 213.572002 309.342852 391.632481 327.001529 491.717399 84.480767 368.902426 212.285186 217.248705 202.249845 447.320914 436.774541 222.009009 265.363901 63.702433 414.451445 360.099986 372.786802 304.016447 74.672619 293.680098 190.436341 409.648630 172.104619 285.511821 
291.000000 8.000000 4.000000 a 149.308406 52.325902 326.496554 76.485293 142.393820 293.470612 134.629120 263.096940 96.301610 142.442971 268.881015 153.587109 207.511445 144.544111 272.472017 105.394497 89.442719 130.000000 143.003496 305.040981 109.004587 24.738634 52.630789 208.254652 286.195737 77.175126 170.557908 143.136299 261.335034 301.358590 
225.000000 6.000000 3.000000 a 290.504733 298.107363 257.344128 204.352636 296.057427 304.369841 284.255167 413.185189 277.243575 366.938687 154.987096 198.657998 40.311289 109.877204 33.541020 315.673882 333.457643 137.207871 110.887330 123.434193 266.007519 242.870336 242.792092 322.899365 175.208447 169.593632 94.403390 246.775201 249.242853 361.083093 
124.000000 8.000000 3.000000 a 254.566298 305.334243 175.524927 193.961336 340.630298 231.417372 252.257805 366.083324 257.147817 392.368449 73.552702 256.257683 100.419122 113.110565 108.046286 344.884038 345.098537 126.921235 153.521985 52.810984 306.360898 261.007663 269.564464 273.775455 92.892411 189.855208 86.005814 298.209658 176.819117 294.108823 
233.000000 2.000000 3.000000 a 303.907881 296.939388 285.161358 211.690812 281.000000 329.001520 296.516441 428.911413 285.805878 358.230373 182.849665 179.888855 39.698866 119.037809 29.427878 306.197649 330.152995 148.111445 103.619496 151.647618 253.047426 238.933045 235.594991 340.013235 203.354370 167.573864 109.384642 229.706334 274.016423 383.541393 
146.000000 6.000000 3.000000 a 141.992958 206.060671 351.005698 230.341051 353.458626 263.096940 145.670862 82.855296 156.284996 281.156540 362.684436 388.414727 400.622016 321.203985 461.982684 289.249028 216.020832 292.514957 355.647297 426.854776 330.183282 257.147817 282.703024 140.246212 367.179792 293.743085 335.179057 372.554694 277.483333 212.720474 
258.000000 3.000000 1.000000 a 284.290345 374.902654 107.563934 258.495648 433.056578 195.000000 287.236836 370.375485 305.188466 472.271109 63.031738 355.016901 201.526673 200.002500 198.123699 428.572048 416.309981 203.002463 250.798724 58.309519 397.396527 340.907612 354.400903 282.311884 52.554733 275.757140 173.631794 394.342491 151.558570 266.595199 
294.000000 6.000000 2.000000 a 189.707670 200.848201 229.106962 99.639350 236.883938 242.332416 182.002747 315.927207 172.534055 284.176002 141.735669 166.243797 75.292762 5.385165 136.561342 236.782601 239.269722 33.615473 64.498062 159.812390 201.315673 153.081678 161.505418 229.120056 163.003067 81.743501 22.803509 199.984999 191.128229 285.252520 
132.000000 5.000000 3.000000 a 177.000000 136.213068 410.175572 216.208233 266.728326 336.732832 170.496334 190.031576 151.822265 177.814510 393.732142 326.118077 383.208820 309.627195 448.206426 198.595065 126.126920 285.559101 323.966048 448.412756 251.718096 198.090888 217.186556 209.804671 404.108896 257.449024 330.820193 298.000000 334.215499 302.927384 
182.000000 3.000000 2.000000 a 134.825814 288.209993 196.420467 228.711609 425.766368 99.478641 149.586096 100.244701 189.855208 393.137381 247.418674 415.097579 354.290841 282.573884 401.138380 378.038358 319.476134 255.070578 340.119097 316.798043 392.378644 307.800260 335.268549 76.006579 242.249871 300.647634 281.618536 421.631356 138.293167 35.014283 
132.000000 4.000000 2.000000 a 104.560987 207.171427 300.509567 204.362423 355.755534 211.945748 112.254176 44.654227 134.536240 296.971379 317.018927 376.538179 369.265487 289.746441 428.248759 296.070937 226.384628 260.357447 330.992447 382.800209 328.444820 249.050196 276.260746 90.620086 320.140594 273.338618 300.672579 367.393522 227.705951 162.975458 
120.000000 4.000000 4.000000 a 192.275844 42.579338 383.271444 133.540256 106.212052 346.225360 177.628826 291.624759 137.058382 85.375641 325.613268 157.257750 250.491517 196.163197 313.904444 51.739733 48.795492 184.978377 181.430427 359.272877 83.024093 48.259714 52.009614 250.736914 343.209848 121.823643 223.035872 128.160056 316.835920 347.841918 
199.000000 7.000000 4.000000 a 212.362897 366.994550 151.449662 287.278610 494.652403 76.105190 226.344870 190.947637 266.580194 474.974736 235.372046 467.463368 376.119662 316.303652 410.823563 454.009912 401.782279 293.286549 379.153003 300.128306 459.291846 376.065154 402.185281 158.937094 222.407284 353.475600 307.312544 482.444815 131.000000 60.415230 
219.000000 2.000000 2.000000 a 120.149906 122.053267 353.050988 172.467388 268.091402 279.732015 114.586212 146.604911 101.710373 197.395542 339.967646 309.276575 343.726636 266.956925 407.845559 203.541151 130.418557 240.800748 290.043100 397.020151 245.985772 177.406313 201.308221 153.378617 349.366570 224.715376 285.854858 289.518566 277.064974 248.652368 
138.000000 5.000000 1.000000 a 185.607112 42.296572 372.538589 122.576507 108.669223 337.164648 170.880075 288.646843 130.510536 97.082439 313.904444 150.950323 239.069028 184.173831 302.694566 60.307545 57.801384 173.046237 170.308544 347.282306 82.006097 36.345564 43.185646 244.386988 331.615741 110.022725 211.037911 125.319591 306.752343 340.625894 
198.000000 7.000000 5.000000 a 165.849329 320.887831 167.764716 249.617708 453.282473 72.801099 180.277564 142.003521 220.864212 427.800187 233.555133 433.887082 357.505245 290.991409 398.923552 409.337269 354.295075 265.452444 351.717216 301.902302 418.742164 334.593784 361.437408 109.877204 224.875521 319.075226 286.015734 444.838173 122.772147 9.899495 
169.000000 4.000000 3.000000 a 112.578861 150.029997 340.777053 183.741666 297.672639 261.961829 110.923397 115.745410 109.658561 229.157151 336.867927 333.493628 355.688066 277.243575 418.693205 234.104677 161.533278 249.657766 306.249898 397.125925 274.147770 201.853908 227.035240 134.212518 344.396574 242.538657 293.899643 316.621225 265.000000 224.877745 
198.000000 8.000000 1.000000 a 280.588667 431.616728 135.133268 339.165152 548.850617 117.456375 293.455278 272.970694 332.121966 540.800333 236.177899 508.324699 394.920245 347.936776 417.770272 514.883482 468.846457 329.819648 411.899260 290.139622 512.410968 432.070596 456.483297 232.819673 217.745264 398.151981 333.156120 530.023584 157.952525 140.035710 
284.000000 3.000000 1.000000 a 28.178006 182.452734 220.383756 130.003846 319.325852 146.164291 42.941821 109.165013 83.216585 289.228284 224.008928 315.179314 281.556389 203.184645 337.881636 271.670757 215.807785 173.692257 252.049598 288.875406 286.386103 201.853908 229.532133 30.870698 228.667881 203.039405 210.705956 317.441333 144.585615 128.724512 
175.000000 1.000000 1.000000 a 237.993697 248.020160 236.135554 150.711645 263.400835 268.076482 231.224999 362.243012 223.486017 323.817850 137.306227 176.502125 32.015621 56.222771 86.052310 274.029196 284.885942 83.546394 74.632433 131.946959 230.325856 195.724296 199.303788 273.162955 159.260792 122.000000 42.544095 219.125535 213.841062 319.144168 
241.000000 5.000000 4.000000 a 218.769285 185.399569 286.735069 114.947814 187.779126 296.043916 208.139376 347.080682 187.843020 250.457581 197.570241 108.903627 76.655072 56.302753 140.235516 199.642180 218.405586 76.400262 11.704700 205.905318 154.379403 127.236001 126.115027 266.475140 219.209945 56.400355 77.233412 145.825238 246.546142 333.472638 
159.000000 2.000000 5.000000 a 163.932913 316.835920 127.141653 233.094401 441.213100 31.622777 177.200451 170.836179 216.640255 425.606626 193.865933 412.846218 325.075376 262.800304 363.185903 402.394085 353.022662 239.175668 325.246061 261.658174 405.602022 322.845164 348.638782 116.107709 184.295958 298.859499 255.039213 428.052567 83.934498 41.400483 
121.000000 4.000000 4.000000 a 206.155281 175.900540 280.058922 102.318131 187.544661 286.178266 195.494245 334.462255 175.353928 245.081619 193.437328 114.978259 84.308956 49.497475 148.922799 195.041021 210.021427 66.128662 24.351591 206.041258 153.052279 119.218287 120.503112 254.135790 214.804562 46.529560 73.246160 148.408221 237.472104 322.223525 
236.000000 3.000000 5.000000 a 228.177562 73.783467 421.722658 171.813853 86.683332 384.376118 213.693706 320.814588 173.112680 50.000000 362.354799 163.465593 277.504955 229.314195 339.159255 19.026298 55.009090 220.476756 207.171427 393.471727 77.201036 82.377181 74.966659 286.006993 380.360355 153.003268 256.499513 123.975804 355.418064 384.110661 
242.000000 6.000000 5.000000 a 303.433683 452.792447 138.003623 357.095225 566.491836 137.876757 315.927207 299.808272 353.956212 562.075618 240.353906 521.973179 402.402783 359.836074 421.257641 534.682149 490.657722 343.372975 423.585883 289.560011 529.831105 450.671721 474.469177 257.388811 220.637712 413.551690 343.460332 545.671146 172.733899 166.373075 
144.000000 8.000000 3.000000 a 246.448778 125.419297 392.326395 155.080624 61.741396 376.808970 232.002155 362.000000 194.941017 136.418474 315.412428 70.092796 199.040197 171.397200 255.884740 84.118963 135.911736 174.183811 129.653384 332.280002 27.166155 74.431176 47.010637 304.844223 335.886886 98.812955 197.772597 44.181444 336.879801 394.011421 
288.000000 5.000000 3.000000 a 177.098842 202.338825 396.868996 251.246891 343.402097 311.271586 177.341479 132.517923 177.485211 259.509152 401.390085 391.637588 423.249335 345.071007 486.507965 276.305990 202.417885 317.623992 372.108855 463.211615 324.593592 259.978845 283.028267 185.970428 407.603974 307.332068 361.912973 369.444177 322.256109 262.762250 
256.000000 5.000000 4.000000 a 247.406548 126.384334 392.959285 155.926265 61.326992 377.613559 232.963516 362.994490 195.920902 136.853937 315.886055 69.354164 199.062804 171.813853 255.765518 84.599054 136.751600 174.748391 129.757466 332.561273 27.073973 75.425460 48.010416 305.792413 336.382223 99.403219 198.153981 43.185646 337.616647 394.910116 
210.000000 5.000000 4.000000 a 323.579975 212.511176 434.954021 223.215143 98.005102 436.084854 309.725685 444.253306 275.465061 204.364870 345.418587 40.000000 196.773982 204.240055 237.002110 157.432525 220.483559 218.552053 143.683680 344.884038 95.189285 158.710428 132.834483 380.269641 367.234258 153.013071 225.568172 48.259714 390.190979 462.973001 
223.000000 1.000000 3.000000 a 88.391176 84.899941 318.198052 118.406081 233.379519 255.391856 77.620873 164.468842 51.419841 182.428068 294.001701 261.512906 289.311251 212.868504 353.526520 174.751252 109.041277 187.216452 236.008474 347.850543 206.620425 130.391718 156.460858 138.057959 305.250717 171.189953 232.422030 247.099170 243.199507 238.027309 
270.000000 5.000000 5.000000 a 355.308317 337.468517 330.068175 260.409293 301.179349 379.381075 347.462228 480.941784 334.802927 388.228026 228.021929 195.478899 90.354856 169.805771 46.840154 335.679907 367.865465 199.210943 143.055933 186.131674 277.764289 277.108282 269.683147 392.378644 247.315588 209.468375 161.755989 247.080958 324.260698 435.343543 
177.000000 7.000000 3.000000 a 275.659210 346.417378 144.280976 231.579360 391.230111 217.995413 275.974637 375.713987 287.480434 438.316096 57.008771 308.369908 151.644321 160.430670 147.329563 392.256294 387.129177 169.106475 205.272989 12.529964 356.439336 306.471858 317.163995 284.395851 65.459911 237.497368 133.195345 349.847109 167.215430 286.530976 
267.000000 8.000000 5.000000 a 37.735925 169.307413 253.789283 140.687597 312.865786 176.504957 46.840154 92.913939 77.929455 271.950363 256.300605 320.024999 302.654919 223.235302 361.400055 260.017307 198.345658 193.775643 266.662708 320.076553 282.001773 198.708329 226.585525 50.566788 261.696389 211.992924 233.822582 316.810669 178.126360 149.264865 
114.000000 3.000000 1.000000 a 142.284925 39.924930 363.323547 133.753505 184.173831 308.235300 129.495174 219.544984 93.048375 124.201449 326.124209 230.488611 291.075592 221.776915 356.265351 120.830460 51.107729 201.156655 228.809965 372.711685 162.363789 100.955436 121.334249 195.412384 340.094105 162.431524 245.458754 206.736547 290.303290 295.392959 
275.000000 9.000000 2.000000 a 145.279042 113.652981 378.582884 184.024455 253.639508 307.538615 138.057959 173.876393 118.595953 175.000000 360.538486 304.108533 352.502482 277.913656 417.310436 187.000000 113.000000 253.308113 294.966100 415.216811 234.753062 173.588594 195.000000 181.892826 371.048514 228.641641 298.584996 279.894623 302.729252 277.737286 
246.000000 3.000000 2.000000 a 436.687531 445.336951 346.082360 354.543368 418.560629 418.686040 431.668855 554.866651 427.023419 503.794601 255.519080 312.832223 185.924716 260.049995 120.739389 451.350197 478.565565 286.762968 251.859088 190.821906 394.635275 387.330608 382.905994 462.913599 268.001866 315.963605 242.563394 364.446155 365.520177 484.313948 
186.000000 9.000000 4.000000 a 228.711609 331.475489 67.896981 215.870331 405.770871 140.160622 232.819673 311.554169 254.196774 433.520472 35.341194 338.828865 200.412075 175.695760 215.557417 393.153914 373.065678 170.557908 234.776489 91.760558 369.128704 304.424046 321.278695 223.785612 15.033296 245.963412 152.761252 372.604348 93.348808 210.544532 
106.000000 5.000000 1.000000 a 334.005988 380.090779 216.529444 271.891522 397.553770 291.770458 332.039154 442.353931 336.827849 460.678847 129.251692 302.483057 141.223228 184.743065 105.422958 411.043793 418.713506 203.334699 209.057408 61.684682 365.875662 331.422691 336.251394 350.178526 139.459672 258.118190 159.364362 349.807090 240.160363 359.577530 
114.000000 1.000000 3.000000 a 291.907520 405.572435 67.742158 290.800619 481.502856 164.754363 298.167738 355.787858 323.748359 508.862457 105.603030 411.643049 265.047166 250.199920 266.833281 469.068225 447.098423 246.473122 307.065140 127.471565 444.946064 380.311714 397.337388 275.682789 84.314886 321.790304 226.019911 447.219186 138.495487 235.800763 
222.000000 5.000000 2.000000 a 337.615166 385.488002 215.557417 276.812211 403.788311 292.318320 335.871999 444.973033 341.234523 466.567251 130.361037 308.804145 147.512711 190.247208 111.400180 417.019184 424.232248 208.434642 215.232433 61.846584 372.049728 337.148335 342.176855 352.881000 139.645981 263.918548 164.684547 356.102513 241.182504 360.588408 
287.000000 9.000000 3.000000 a 195.143537 339.623321 72.180330 241.834654 451.275969 31.064449 206.312869 224.877745 242.396370 448.829589 153.730283 409.723077 302.233354 250.401677 332.001506 419.954759 378.430971 231.365512 314.356486 217.623528 414.656484 335.466839 359.210245 158.455041 139.978570 299.456174 237.191905 431.400046 59.481089 97.637083 
213.000000 8.000000 4.000000 a 164.975756 89.810912 395.979797 181.554400 220.336107 331.157062 155.128979 210.000000 127.003937 137.528179 368.517299 278.856594 343.093282 272.354548 408.280541 152.643375 79.246451 250.319795 281.300551 418.867521 204.318379 152.118375 170.135240 208.887530 380.888435 214.895323 295.177912 250.503493 320.923667 307.188867 
207.000000 6.000000 1.000000 a 279.517441 124.631457 471.191044 221.162836 72.917762 435.839420 265.096209 368.066570 224.555116 38.275318 407.946075 173.994253 309.583591 270.296134 367.983695 39.812058 97.862148 264.841462 239.209114 434.673441 86.977008 128.549601 113.564959 337.053408 426.676693 193.196791 297.578561 125.399362 406.040638 435.488232 
237.000000 6.000000 5.000000 a 241.536747 318.014151 125.447200 202.121251 372.533220 189.108435 242.161103 341.621135 254.960781 413.145253 25.961510 296.006757 147.634684 139.463257 158.069605 368.696352 359.139249 143.377125 191.460179 46.010868 336.857537 281.476464 294.253292 250.137962 42.579338 215.362485 113.159180 334.282814 136.473441 255.820249 
219.000000 4.000000 5.000000 a 364.396762 374.769262 293.001706 281.737466 359.502434 356.854312 359.089125 483.993802 354.107328 438.511117 195.604192 256.095685 114.965212 187.256509 50.960769 386.463452 409.157671 213.845739 183.412104 138.924440 332.661991 318.097469 315.702392 392.418144 211.286535 245.637945 169.705627 307.001629 302.446690 419.643897 
109.000000 3.000000 5.000000 a 228.162223 138.220838 350.224214 126.921235 109.731490 342.654345 214.597297 351.142421 182.222392 178.160040 269.258240 61.008196 151.082759 124.531121 209.847564 125.876924 160.962729 130.908365 81.098705 283.719932 75.953933 76.321688 60.440053 284.255167 290.146515 58.523500 150.269757 74.249579 299.200602 366.946863 
298.000000 1.000000 1.000000 a 94.514549 154.563903 208.403455 41.880783 250.351753 182.857868 87.618491 220.988687 87.235314 259.048258 160.078106 217.892175 170.472872 91.285267 229.610540 223.293529 196.122411 61.741396 141.428427 210.052374 213.714763 136.014705 158.549677 136.623570 174.413302 103.247276 102.303470 232.568270 144.692778 207.424685 
227.000000 7.000000 1.000000 a 354.153921 391.655461 242.989712 286.722863 399.449621 317.724724 351.438473 465.102139 353.974575 467.788414 154.845084 301.039864 143.055933 196.379734 96.254870 417.228954 429.292441 217.494828 213.058677 88.056800 369.163920 340.458514 343.222960 372.808262 165.722660 266.728326 172.539850 349.885696 265.699078 385.067527 
227.000000 9.000000 1.000000 a 307.156312 452.070791 116.730459 351.095429 559.072446 140.217688 318.717743 317.077278 355.105618 561.177334 218.048160 508.811360 382.278694 345.144897 397.060449 531.046137 491.082478 330.977341 408.259721 262.480475 522.168555 445.252737 467.923071 265.819488 197.327140 403.298897 326.906715 535.247606 164.784708 182.002747 
115.000000 7.000000 5.000000 a 282.124086 127.141653 474.709385 224.661968 75.927597 438.912292 267.738679 369.693116 227.228959 37.107951 411.752353 177.611937 313.576147 274.233477 371.940856 43.462628 99.403219 268.680107 243.205674 438.621705 90.801982 132.230859 117.477657 339.524668 430.447442 197.131936 301.517827 128.798292 409.376355 438.098163 
151.000000 7.000000 1.000000 a 281.412509 271.768284 278.567766 187.323250 260.376650 315.634282 273.541587 407.357337 261.598930 334.619187 177.191986 162.015431 16.763055 95.880134 53.488316 282.821498 305.221231 125.299641 79.056942 155.724115 231.175258 214.037380 211.400095 319.452657 198.564851 142.393820 89.498603 210.447143 261.105343 367.310495 
170.000000 8.000000 1.000000 a 293.470612 155.389832 447.915171 208.216234 14.422205 430.572874 278.770515 402.442542 239.820766 122.024588 370.368735 92.763139 245.953248 225.887140 298.015100 79.849859 151.009933 229.712864 179.270745 384.575090 35.355339 119.866593 92.660671 352.434391 391.019181 154.402073 251.813423 41.231056 391.800970 444.559332 
287.000000 4.000000 2.000000 a 297.845598 281.859894 295.101677 202.002475 261.030650 333.541602 289.637705 424.251105 276.400072 339.860265 193.313217 159.524293 34.525353 112.258630 49.010203 287.647354 313.969744 141.792101 87.321246 167.705098 233.565837 222.766694 218.048160 336.786282 214.441134 152.869225 107.280007 209.468375 278.949816 385.331027 
214.000000 2.000000 4.000000 a 306.471858 293.301892 295.411577 211.929233 272.117622 337.094942 298.584996 432.342457 286.276091 351.525248 193.217494 169.955877 41.629317 120.933866 38.118237 299.292499 325.582555 150.359569 98.883770 163.517583 244.969386 234.367233 229.752040 344.223764 213.953266 164.195006 113.885908 220.227155 282.255204 390.375460 
228.000000 8.000000 2.000000 a 157.876534 279.957140 299.362656 263.370462 428.133157 203.059105 169.567096 31.144823 200.010000 370.297178 338.722600 443.040630 418.010765 340.036763 472.708155 369.358904 299.923324 310.576883 388.108232 407.538955 399.824962 318.713037 346.317773 116.361506 337.084559 335.276006 346.439028 437.321392 235.410280 137.087563 
121.000000 7.000000 1.000000 a 159.477271 248.515593 343.048102 258.154992 396.920647 249.873968 166.964068 55.731499 186.601179 327.621733 368.001359 425.836823 424.123803 344.576552 483.157324 333.901183 261.292939 315.217385 384.775259 434.824102 372.134384 296.057427 322.502713 139.269523 369.716107 325.775997 355.578402 413.204550 273.250801 190.591186 
271.000000 5.000000 5.000000 a 320.502730 216.667949 423.387529 218.277347 111.646764 427.611974 306.939733 443.004515 274.001825 216.178167 332.367267 31.780497 181.245690 192.800415 220.227155 167.705098 227.607118 208.751048 130.908365 329.874218 104.350371 160.227963 135.723985 376.341600 354.266849 146.563979 213.103261 58.796258 380.663894 456.790981 
182.000000 5.000000 1.000000 a 296.971379 152.397507 460.800391 217.221086 9.219544 439.410969 282.209142 401.438663 242.439683 104.560987 385.976683 114.542569 265.932322 242.161103 319.014106 68.593003 142.284925 244.043029 198.285148 402.612717 45.486262 125.431256 99.904955 355.995786 406.306535 168.585290 268.538638 63.063460 402.523291 450.075549 
135.000000 1.000000 4.000000 a 62.936476 211.782908 173.141561 132.966161 337.535183 104.656581 74.249579 140.264037 112.071406 320.830173 181.231896 318.284464 260.048072 185.690603 311.327802 297.069016 248.809164 157.537297 242.008264 248.169297 302.535948 218.837840 245.283509 48.083261 183.961953 203.494472 187.360615 328.064018 97.252249 107.540690 
178.000000 7.000000 1.000000 a 131.605471 37.054015 350.743496 121.049577 185.194492 296.826549 118.431415 214.785940 81.024688 132.457540 313.129366 225.441788 280.128542 209.880919 345.314350 124.277914 58.796258 188.788241 218.908657 359.918046 161.198635 94.366308 116.691902 185.970428 327.097845 152.397507 233.265943 204.364870 277.973020 285.797131 
228.000000 4.000000 2.000000 a 57.008771 103.600193 262.185049 61.587336 234.343765 211.366979 42.379240 177.406313 13.601471 212.849712 230.521149 235.019148 232.899120 154.207652 295.655205 189.274932 141.904898 126.732001 187.459329 283.656482 201.308221 116.811814 144.557947 115.952577 242.596373 128.549601 171.327172 233.334524 189.496702 210.641876 
299.000000 4.000000 3.000000 a 369.120577 392.011479 276.226356 293.211528 386.001295 346.606405 365.042463 484.802021 363.600055 461.091097 183.521116 284.102094 134.617978 199.699775 76.105190 409.518009 427.898352 224.100424 204.941455 120.503112 357.805813 337.468517 337.219513 392.613041 196.705363 264.054919 178.921771 334.432355 293.307006 412.080089 
236.000000 1.000000 5.000000 a 307.936682 157.308614 482.066385 235.274308 38.052595 456.128271 293.211528 406.054184 252.812183 87.920419 410.259674 143.753261 294.334843 267.441582 348.070395 67.052218 139.441744 267.447191 226.048667 429.252839 70.213959 141.449638 118.600169 366.674242 430.227847 192.353841 294.159821 92.195445 421.506821 462.788289 
127.000000 8.000000 1.000000 a 323.871888 181.218101 480.277003 240.507796 32.893768 462.904958 309.129423 430.016279 269.703541 128.809938 401.822100 114.109596 272.904745 257.124483 322.051238 97.252249 171.143215 261.812910 208.124962 414.120755 67.201190 150.950323 124.257797 382.899465 422.622763 186.638688 282.708330 64.327288 424.322990 475.942223 
167.000000 5.000000 5.000000 a 150.046659 231.224999 143.836713 115.121675 309.103543 152.590956 149.412182 260.409293 161.533278 332.561273 82.097503 253.428491 149.030198 91.235958 192.924856 292.692672 272.802126 75.690158 155.206314 136.853937 272.148856 203.924005 221.948192 168.217122 96.876210 149.936653 79.075913 280.729407 100.244701 202.311641 
108.000000 4.000000 3.000000 a 270.149958 122.971541 442.651104 195.576072 29.120440 416.587326 255.391856 372.247230 215.244048 82.036577 372.253946 123.438244 263.007604 230.566693 319.707679 39.293765 112.445542 229.085137 193.313217 393.662292 37.336309 101.823376 79.056942 329.074460 391.959182 154.505663 257.561643 75.604233 381.811472 424.350091 
121.000000 3.000000 3.000000 a 126.657017 36.345564 344.245552 114.004386 185.129684 291.238734 113.225439 213.459598 75.133215 136.488095 306.104557 222.049544 273.748059 203.105884 338.921820 125.717938 62.968246 181.837840 213.037555 352.852660 160.003125 90.470990 113.758516 181.793839 320.126537 146.509385 226.373585 202.427765 271.692841 281.442712 
145.000000 9.000000 3.000000 a 292.022259 159.028299 439.718092 203.297811 28.635642 425.202305 277.411247 403.767260 239.169396 134.380058 360.323466 78.262379 232.819673 215.585250 284.086255 89.554453 158.240324 220.843836 166.979041 372.776072 35.128336 118.270876 90.476516 350.796237 381.182371 146.000000 241.118228 26.683328 385.175285 441.444221 
278.000000 5.000000 1.000000 a 200.232365 353.960450 133.962681 270.739727 479.009394 56.222771 213.824695 191.002618 253.621766 462.497568 215.640905 449.494160 356.265351 297.107725 390.800461 439.965908 389.658825 274.492259 360.161075 280.813105 443.373432 360.646641 386.429813 149.412182 203.022166 335.860090 287.701234 465.508324 111.004504 56.222771 
165.000000 3.000000 5.000000 a 167.868997 155.283611 256.898813 65.368188 198.093412 253.617823 157.486507 296.184064 139.517024 238.472221 179.426865 143.178211 109.343495 41.109610 174.201033 192.033851 193.186438 37.643060 62.585941 204.882893 161.533278 107.000000 117.153745 215.752173 199.481829 38.483763 68.007353 167.585799 207.472890 285.944050 
124.000000 4.000000 5.000000 a 325.756044 265.548489 370.742498 220.707952 201.241149 395.682954 314.587031 453.927307 290.998282 296.249895 271.486648 95.189285 106.831643 155.167651 128.035151 244.233495 288.669361 181.135309 96.332757 253.179778 182.471916 203.199409 188.138247 374.144357 293.301892 152.085502 164.560019 146.294224 343.281226 438.480330 
178.000000 6.000000 1.000000 a 274.357431 119.753914 474.093873 224.403654 95.462034 434.200415 260.249880 356.433725 220.102249 17.000000 415.030119 194.257561 324.234483 280.503119 384.002604 49.040799 87.091905 272.809457 253.663162 444.932579 106.023582 134.851770 124.100766 330.770313 433.129311 203.629566 307.774268 146.823023 406.985258 430.069762 
241.000000 8.000000 2.000000 a 141.031911 292.330293 211.340957 238.287641 432.130767 114.280357 155.756220 90.138782 195.440528 395.773925 262.975284 424.794068 367.915751 295.330324 415.562270 382.660424 322.187833 267.478971 352.001420 332.362754 399.310656 314.771346 342.422254 82.079230 257.870122 310.729786 295.169443 429.773196 153.912313 46.324939 
224.000000 7.000000 1.000000 a 140.292551 291.926361 126.589889 207.019323 415.202360 32.249031 153.101274 162.864975 192.002604 400.910214 179.888855 387.176962 303.080847 238.729973 343.639346 376.888578 328.641142 214.441134 300.674242 248.847343 379.553685 296.892236 322.615871 96.690227 172.861216 273.029302 232.174503 402.016169 69.115845 50.695167 
264.000000 1.000000 3.000000 a 131.400152 212.077816 157.050947 96.566040 295.487732 153.687996 130.000000 245.464865 141.155942 314.650600 102.313244 245.605375 154.719100 88.294960 203.538694 276.023550 253.671047 67.119297 151.476071 156.668440 258.474370 187.384631 206.700266 153.834326 116.348614 137.902139 82.298238 269.816604 104.809351 197.022841 
240.000000 8.000000 4.000000 a 148.084435 281.016014 274.116763 253.570503 427.766291 177.552809 161.012422 36.878178 194.879450 375.960104 316.494866 436.413794 402.602782 325.682361 455.597410 371.397361 304.138127 296.445611 376.311042 385.603423 398.017588 315.379137 343.211305 99.929975 314.006369 326.300475 330.408838 433.686523 211.518321 111.126055 
238.000000 4.000000 3.000000 a 345.144897 354.663221 282.573884 261.598930 342.093554 342.655804 339.607126 465.553434 334.116746 419.440103 183.174780 239.676866 94.936821 167.107750 32.140317 367.526870 389.235147 193.876249 163.884105 131.217377 314.531397 298.241513 296.287023 374.232548 200.089980 225.610283 149.966663 290.172363 287.902761 404.120032 
Type de surveillance de chaque endroit(target):tab[nombre de target]
a a a a a a a a a a a a a a a a a a a a a a a a a a a a a a 