Nombre des capteurs:
150
Nombre des targets:
30
Nombre de type de surveillance:
1

Caracteristiques:
238.000000 6.000000 3.000000 a 196.305884 279.401145 108.461975 256.259634 416.227101 200.860648 185.172892 231.250946 457.698591 283.323137 288.766342 162.262134 94.921020 431.584291 412.989104 339.524668 421.142494 358.675341 526.636497 276.293322 165.193826 355.508087 337.349967 481.627449 347.230471 392.020408 406.985258 437.548854 332.555259 368.391097 
135.000000 5.000000 3.000000 a 169.460910 146.328398 45.880279 121.803120 397.756207 147.078210 75.802375 118.903322 402.374204 192.044266 163.049072 199.969998 46.010868 296.971379 360.034721 212.433519 319.390044 321.603794 401.782279 154.236831 60.876925 282.044323 216.614866 373.751254 219.276082 297.954695 273.748059 322.121095 199.484335 244.100389 
256.000000 3.000000 2.000000 a 87.235314 177.101666 147.003401 128.751699 298.584996 52.009614 167.263266 52.773099 297.311285 93.776330 118.456743 157.012738 138.924440 280.829130 255.001961 166.027106 230.341051 219.020547 342.934396 101.390335 159.176003 178.280678 154.547727 290.504733 174.874241 203.002463 246.910915 248.195487 178.339564 188.302947 
224.000000 8.000000 3.000000 a 372.828379 229.368699 387.258312 227.758644 461.063987 336.882769 335.773733 256.070303 370.746544 252.343021 191.887988 457.683297 392.689445 81.301906 358.615393 141.852036 190.515091 383.240134 85.211502 207.154532 348.631611 283.550701 156.204994 171.172428 133.281657 219.829479 77.665951 126.269553 148.553021 121.807225 
133.000000 3.000000 4.000000 a 275.486842 495.261547 474.772577 444.814568 43.931765 293.639234 507.710547 360.624458 124.100766 289.456387 391.030689 302.026489 461.377286 515.193168 125.924581 402.044774 294.838939 123.600162 452.642243 377.037133 498.688279 210.059515 369.802650 334.977611 408.600049 265.271559 474.773630 359.435669 445.468293 391.092061 
215.000000 2.000000 2.000000 a 146.758305 175.866427 226.525937 127.455875 285.700893 111.664677 219.328521 62.169124 246.629276 33.615473 69.426220 232.432786 222.854212 218.332316 211.286535 94.366308 139.086304 199.904977 251.077677 55.605755 219.146070 120.747671 70.349129 196.735864 103.097042 117.957620 179.234483 153.521985 128.362767 104.393486 
179.000000 9.000000 3.000000 a 169.292646 395.273323 368.108680 344.367536 64.007812 186.978608 401.632917 258.443417 126.063476 193.214906 295.800609 206.167408 354.888715 434.236111 90.972523 314.472574 237.008439 34.000000 401.011222 280.331946 392.210403 133.003759 283.550701 291.233583 322.001553 200.489401 393.539070 298.135875 354.261203 309.741828 
224.000000 6.000000 5.000000 a 109.772492 354.424886 309.622351 303.600066 122.723266 133.405397 348.673199 216.603324 178.532910 165.075740 263.893918 144.308697 295.655205 414.773432 136.740630 291.370898 245.692898 72.069411 406.452949 246.868386 337.717337 137.927517 263.167247 306.432701 299.721537 206.886442 374.722564 300.288195 325.774462 293.465501 
267.000000 6.000000 3.000000 a 239.018828 408.354013 423.615392 360.118036 105.380264 242.101219 440.800408 283.240181 23.706539 204.592277 298.991639 296.743997 413.240850 406.808309 23.194827 300.707499 180.335798 82.764727 336.689768 287.784642 435.597291 112.160599 268.203281 219.146070 306.197649 153.941547 367.049043 244.902021 346.763608 284.945609 
183.000000 9.000000 4.000000 a 292.109568 134.331679 287.506522 128.003906 422.100699 254.332460 237.497368 164.975756 353.553391 182.887944 99.247166 372.973189 293.138193 67.268120 330.151480 56.718604 182.002747 338.136067 167.026944 116.558998 249.569630 242.689102 85.234969 197.202941 48.052055 195.243438 29.274562 135.162865 48.795492 62.289646 
285.000000 8.000000 4.000000 a 87.091905 179.387848 161.111762 129.691943 289.306066 49.396356 177.792013 47.265209 284.121453 78.924014 111.449540 162.788206 153.443801 274.590604 242.216845 157.175062 215.745220 208.405854 330.879132 93.770998 170.792271 164.076202 143.561833 276.220926 166.138496 188.162164 239.570449 234.865919 173.026010 177.687929 
141.000000 7.000000 1.000000 a 195.489130 261.704031 321.278695 217.800367 236.772042 172.884354 316.128139 158.710428 164.924225 86.162637 151.162165 280.601140 316.091759 251.334439 140.000000 144.461067 58.523500 157.708592 215.244048 144.367586 316.191398 58.051701 112.200713 122.886126 149.482440 23.323808 211.066340 109.293184 191.460179 128.062485 
223.000000 3.000000 3.000000 a 245.448569 301.014950 373.262642 260.848615 245.617589 225.055549 364.269131 209.475536 150.096636 139.316187 192.761511 328.782603 368.571567 263.077935 139.717572 174.384632 30.528675 177.552809 190.759010 189.169236 365.584464 88.141931 144.844744 81.043198 177.132719 30.083218 225.077764 94.847246 222.171105 149.375366 
192.000000 2.000000 4.000000 a 235.815606 147.200543 46.097722 145.890370 464.949460 214.308189 38.910153 175.345373 467.552136 253.071136 204.266982 257.099203 63.505905 309.593282 425.775763 248.708665 372.625818 388.681103 435.450342 200.282301 22.671568 345.393978 260.188393 422.537572 253.901556 355.039434 294.322952 366.750596 223.825825 282.639346 
242.000000 5.000000 1.000000 a 61.400326 282.809123 177.341479 239.150580 271.398231 86.954011 235.866488 169.307413 317.001577 180.560239 234.776489 42.201896 160.860188 397.443078 272.415124 280.864736 313.600064 214.965113 448.236545 217.347648 219.893156 227.982455 265.369554 377.699616 289.849961 278.614429 363.159744 346.746305 294.898288 299.816611 
249.000000 8.000000 2.000000 a 385.001299 186.024192 357.404533 201.556444 508.532202 347.023054 295.169443 255.431008 429.802280 275.757140 190.378570 464.556778 366.005464 27.294688 411.613897 150.083310 250.337772 426.232331 164.073154 208.240246 311.006431 328.298645 176.819117 243.813453 141.283403 272.635288 65.306967 190.318155 130.418557 148.060798 
291.000000 7.000000 5.000000 a 329.539072 345.005797 443.125264 313.076668 309.161770 307.293020 423.812459 278.548021 196.010204 217.448845 246.434575 413.469467 440.402089 264.781042 202.632673 213.000000 79.404030 252.768669 141.031911 248.116908 428.085272 171.842952 191.387042 31.953091 212.190952 111.731822 233.985042 93.941471 256.859884 180.277564 
176.000000 3.000000 4.000000 a 104.446158 276.134025 275.138147 225.499446 181.041432 96.176920 294.244796 141.449638 168.359734 72.945185 175.422347 183.853202 265.188612 319.452657 125.447200 197.022841 159.210552 95.900991 314.128954 159.928109 287.923601 62.425956 167.630546 223.015695 205.056090 120.933866 279.120046 207.624661 234.674242 197.101497 
192.000000 9.000000 4.000000 a 239.635139 59.211485 201.019900 41.400483 412.082516 201.558924 151.604749 105.773343 367.528230 159.364362 57.384667 311.464284 207.511445 135.003704 335.411687 73.061618 221.287144 326.314266 250.928277 71.840100 162.800491 244.018442 98.061205 256.382527 74.966659 219.228192 111.211510 195.243438 38.418745 106.794195 
123.000000 3.000000 1.000000 a 286.295302 340.634702 418.139929 302.535948 255.001961 267.977611 407.894594 254.169235 144.806768 184.024455 234.360833 367.695526 413.493652 286.447203 148.165448 211.026065 60.415230 198.365824 186.893018 232.053873 409.704772 122.674366 183.635509 68.308125 212.551170 74.946648 251.001992 110.535062 258.135623 182.584227 
287.000000 7.000000 1.000000 a 194.064422 255.519080 83.600239 234.081182 419.547375 193.829822 160.199875 214.597297 454.437014 271.471914 269.742470 171.330091 70.604532 409.255421 409.859732 320.315469 408.333197 358.012570 508.449604 258.094944 140.228385 347.938213 319.812445 467.696483 327.786516 380.663894 385.631949 421.691831 311.236245 350.052853 
185.000000 3.000000 4.000000 a 203.747393 75.166482 177.721693 29.154759 383.254485 165.801086 140.427917 70.228199 346.590537 131.502852 39.051248 275.307101 181.892826 167.720005 311.969550 79.259069 214.009346 297.793553 267.606054 45.617979 147.648231 221.162836 93.380940 256.912436 84.876381 205.730406 139.542108 198.655481 65.391131 113.159180 
134.000000 2.000000 5.000000 a 105.261579 238.949786 250.031998 188.501989 218.497140 83.528438 262.360439 106.004717 196.122411 35.777088 137.876757 191.376592 241.747802 284.985965 155.589203 161.607549 148.273396 133.056379 292.837839 122.286549 257.513106 75.325958 133.555232 212.558227 169.920570 113.278418 245.024489 187.384631 197.709383 164.778639 
159.000000 6.000000 2.000000 a 182.879742 407.332788 381.702764 356.482819 50.774009 200.449495 414.933730 270.839436 119.603512 204.276773 306.889231 218.357505 368.490163 443.102697 88.141931 324.228315 241.466354 40.162171 405.315926 291.672762 405.622978 139.717572 293.001706 293.901344 331.605187 205.779008 402.385387 303.516062 364.716328 318.422675 
157.000000 8.000000 1.000000 a 258.257623 295.096594 376.724037 257.235301 265.668967 235.715931 363.593179 212.084889 168.324092 146.632193 189.095214 342.803151 372.930288 247.632793 159.590100 165.801086 15.231546 197.365144 170.660482 187.384631 366.005464 105.948101 138.101412 62.769419 167.630546 40.459857 210.523158 76.157731 213.138453 138.293167 
141.000000 6.000000 2.000000 a 268.575874 106.254412 100.623059 123.166554 490.493629 241.101638 27.202941 179.977776 479.400668 259.755654 189.855208 302.645007 117.153745 267.525700 439.892032 226.808289 364.444783 410.098769 406.070191 191.000000 44.944410 354.108740 244.663034 408.049017 230.269407 352.512411 257.937977 348.832338 193.328736 261.275716 
249.000000 4.000000 5.000000 a 418.971359 352.423041 488.836373 336.882769 432.018518 389.720413 450.799290 333.946103 319.770230 295.940872 281.668245 505.958496 490.404935 221.002262 325.006154 233.944438 172.661519 370.665618 55.000000 290.951886 460.195611 280.223125 228.674441 113.137085 228.473193 211.558503 207.509036 130.000000 262.617593 200.810856 
268.000000 2.000000 3.000000 a 316.425347 391.859669 462.260749 352.740698 243.195395 302.909227 456.109636 299.933326 123.583980 225.834010 284.585664 393.103040 456.540250 335.967260 142.467540 262.773667 112.089250 202.891597 222.524156 281.256111 456.985777 149.723078 234.955315 107.814656 264.393646 120.203993 301.496269 159.762323 309.967740 234.437625 
297.000000 7.000000 4.000000 a 100.000000 297.692795 284.429253 246.805592 159.928109 101.493842 309.278192 161.198635 162.603813 97.529483 199.424171 171.642069 273.250801 345.110127 118.152444 222.497191 179.568928 76.941536 337.321805 183.439363 301.617307 75.802375 193.289938 242.439683 230.592715 140.769315 304.803215 230.852767 259.470615 222.800359 
165.000000 7.000000 5.000000 a 259.113875 140.431478 275.070900 119.954158 384.677787 221.903132 233.899551 137.233378 318.452508 146.328398 73.061618 341.855233 278.614429 104.120123 293.727765 23.086793 151.700363 300.592748 170.205758 88.238314 243.370089 205.548048 47.759816 176.343415 14.317821 160.860188 64.132675 114.039467 50.009999 28.635642 
155.000000 8.000000 5.000000 a 195.645087 79.006329 107.056060 52.630789 406.669399 162.855764 72.111026 90.443352 389.965383 170.061753 107.224064 248.583990 113.740934 226.896452 351.011396 151.953940 278.337924 324.303870 340.036763 104.560987 75.894664 264.433356 163.193137 326.098145 157.543645 264.001894 205.231577 269.666461 131.711807 185.647515 
218.000000 3.000000 5.000000 a 341.216940 94.540996 197.820626 142.358702 546.980804 308.185009 121.061968 225.858363 515.644257 299.040131 205.234013 388.816152 213.712424 213.770905 480.767095 222.445499 372.687537 462.649976 372.592270 214.674172 140.911320 390.185853 249.815932 402.973945 222.036033 370.935304 218.888099 340.587727 176.918060 253.663162 
147.000000 8.000000 2.000000 a 268.328157 474.802064 465.381564 424.887044 50.606324 282.412818 493.668917 342.498175 90.199778 268.402683 368.480664 304.481527 452.815636 487.028747 96.041658 376.384112 263.539371 107.703296 419.830918 355.316760 485.786990 184.114095 343.943309 301.862552 382.576790 235.440014 446.838897 328.153927 420.862210 363.637182 
275.000000 6.000000 3.000000 a 191.783732 277.848880 329.133711 232.774569 217.830209 172.568827 327.954265 169.002959 146.400137 92.395887 167.155616 275.070900 323.024767 270.739727 120.602653 163.131849 68.308125 139.903538 229.871703 159.100597 327.038224 41.000000 130.728727 131.034347 168.386460 29.410882 230.482103 125.035995 209.804671 147.434731 
203.000000 1.000000 2.000000 a 237.008439 35.777088 175.889170 22.090722 422.887692 199.849944 122.873919 106.329676 385.591753 171.327172 75.026662 303.209499 183.698122 156.780101 351.501067 100.975244 246.483265 337.504074 279.830306 84.905830 134.825814 260.509117 123.328829 284.102094 103.585713 241.629882 137.207871 223.450218 66.887966 135.148067 
125.000000 4.000000 2.000000 a 146.492321 228.116198 76.157731 198.919582 375.740602 143.377125 148.489057 167.585799 405.112330 220.952484 226.225551 139.817739 58.668561 373.626819 360.671596 277.028879 358.263869 310.644491 463.311990 213.190056 129.340636 297.149794 273.855801 418.259489 284.929816 330.048481 347.051869 373.771320 272.809457 305.240888 
118.000000 6.000000 5.000000 a 107.912001 224.142812 100.124922 187.808413 338.375531 104.785495 161.623018 141.173652 366.072397 186.142419 203.953426 114.402797 83.815273 358.803567 321.622449 254.283307 324.225230 271.891522 436.862679 189.169236 144.506055 259.092648 247.406548 385.406279 262.651861 294.592939 329.256739 343.665535 256.144490 280.130327 
190.000000 2.000000 4.000000 a 241.304787 249.609695 339.458392 213.009389 288.736904 213.693706 321.454507 175.045708 203.656574 120.283000 145.168867 328.086879 337.001484 207.617437 186.943842 119.920807 30.805844 212.424104 159.655880 145.168867 324.981538 113.357840 92.655275 81.541401 121.840059 47.539457 169.000000 53.338541 167.299133 93.059121 
286.000000 9.000000 1.000000 a 163.024538 387.494516 361.448475 336.594712 71.344236 179.922205 394.342491 250.714978 126.035709 185.421142 288.001736 202.405534 348.363316 426.769258 89.022469 306.835461 231.019480 28.442925 395.005063 272.523393 385.053243 126.289350 275.974637 285.954542 314.391476 194.208651 386.080303 291.756748 346.516955 302.332598 
149.000000 5.000000 3.000000 a 385.541178 153.574086 327.771262 182.332115 532.876158 347.224711 259.239272 251.914668 464.122829 288.392094 191.603758 459.435523 338.496676 58.694122 441.517837 163.710110 288.854635 448.385994 221.097264 209.570990 276.848334 353.926546 195.000000 291.611042 156.284996 305.630496 92.956979 233.848241 128.316016 173.510807 
192.000000 2.000000 4.000000 a 324.044750 164.638999 322.684056 163.027605 440.967119 286.681007 270.495841 199.449242 364.396762 210.373477 133.809566 406.233923 328.635056 46.754679 344.768038 87.464278 186.761880 358.615393 139.717572 150.615404 283.351372 260.731663 110.887330 189.873642 78.409183 206.400097 14.142136 131.026715 84.023806 80.653580 
229.000000 8.000000 4.000000 a 228.711609 383.481421 406.650956 335.907725 128.015624 227.635674 420.076184 261.296766 38.275318 181.837840 273.541587 292.933440 397.080596 378.600053 22.472205 273.470291 152.315462 85.632938 310.059672 263.007604 415.769167 87.846457 241.014522 193.256306 278.775896 125.670203 338.904116 216.923950 319.856218 257.031127 
109.000000 2.000000 5.000000 a 262.528094 116.516093 88.526832 129.120099 486.614837 236.381048 21.023796 180.049993 478.803718 259.855729 194.486503 293.462093 105.361283 278.632374 438.703772 233.383804 368.306937 407.117919 414.705920 194.435079 34.669872 354.035309 249.851956 413.417465 237.255137 355.050701 267.839504 354.866172 201.717624 267.860038 
245.000000 5.000000 3.000000 a 174.186681 94.148818 112.004464 55.785303 383.648276 140.584494 91.443972 68.658576 368.001359 148.489057 95.524866 230.893915 115.277925 230.312831 328.671569 143.680200 261.629509 301.325406 333.024023 89.537702 91.662424 242.785914 150.711645 311.810840 150.233152 245.293702 205.119477 257.235301 130.698125 176.139150 
190.000000 2.000000 1.000000 a 236.372587 470.230794 436.206373 419.314917 23.345235 258.451156 473.925100 333.264159 144.249783 267.686384 370.299878 255.634505 422.092407 504.932669 130.015384 387.072345 295.967904 102.215459 458.312121 355.046476 463.643182 199.624648 355.607930 343.372975 394.315863 262.434754 464.225161 359.562234 427.987149 380.157862 
259.000000 9.000000 5.000000 a 306.066986 394.867066 458.075321 354.141215 224.414795 294.516553 455.089002 297.378547 104.580113 221.325552 286.225436 380.841174 451.691266 346.439028 124.775799 267.589237 117.686023 186.389377 238.815829 281.710845 455.132948 140.117808 238.600084 122.319254 269.818457 119.603512 310.924428 170.417135 315.192005 240.750909 
169.000000 7.000000 5.000000 a 248.294180 403.897264 427.852778 356.618844 126.115027 248.340492 441.426098 282.561498 17.492856 203.022166 293.720956 310.104821 418.172213 394.655546 33.615473 292.063349 165.218038 98.600203 318.728725 283.534830 437.146429 108.848519 259.717154 200.661406 297.087529 141.767415 355.332239 229.436266 338.817060 274.361076 
288.000000 7.000000 3.000000 a 270.083320 293.972788 382.357163 258.031006 280.317677 246.333108 366.292233 217.609742 181.121506 155.656673 190.213038 355.218243 379.189926 238.411409 173.979884 163.168624 17.492856 212.398211 155.823618 189.928934 369.499662 120.503112 137.295302 48.764741 164.201096 53.338541 202.272094 64.202804 209.804671 133.764719 
180.000000 3.000000 4.000000 a 355.686660 118.296238 199.902476 164.127999 566.056534 323.966048 125.251746 245.283509 538.105008 320.257709 228.711609 398.650223 216.584856 238.650372 502.478855 247.778127 397.723522 482.312140 398.393022 237.286746 144.249783 412.331178 274.634302 428.788992 247.588368 395.106315 244.752937 366.442356 202.632673 279.308074 
206.000000 5.000000 5.000000 a 138.224455 207.472890 247.503535 158.823802 255.196003 108.004630 246.829901 87.206651 215.615398 14.212670 100.419122 225.417391 242.074369 241.629882 179.738699 118.680243 124.535136 169.452058 255.264569 87.200917 245.203997 89.554453 90.027773 186.453748 126.810883 96.798760 201.556444 152.121662 157.000000 121.334249 
186.000000 7.000000 5.000000 a 232.997854 221.063339 53.254108 211.454487 464.052799 223.224103 114.947814 216.538680 486.037036 285.727143 260.449611 227.149730 55.081757 381.875634 442.221664 308.818717 416.784117 395.979797 498.038151 252.448014 96.607453 371.270791 314.720511 472.001059 315.158690 393.680073 363.495530 420.481866 290.663035 341.303384 
281.000000 6.000000 3.000000 a 167.442527 197.433533 39.408121 173.539621 399.151600 156.204994 111.830228 157.841693 419.019093 221.686716 210.011904 173.954017 22.022716 348.826604 375.191951 260.353606 355.710556 329.455612 449.057903 199.150697 92.444578 305.045898 261.323554 413.185189 267.660232 330.552568 324.890751 364.804057 250.491517 290.724956 
167.000000 2.000000 1.000000 a 284.429253 310.452895 399.729909 275.116339 282.200283 261.726957 383.678251 234.974467 177.910090 171.965113 207.407811 368.897005 396.466896 249.200722 175.145654 179.201004 34.539832 218.073382 154.563903 207.330654 386.948317 130.268953 154.081147 39.458839 179.847157 66.603303 214.226516 73.109507 225.390772 148.929514 
232.000000 1.000000 3.000000 a 314.084384 49.979996 213.431488 99.126182 502.063741 277.737286 140.769315 185.827877 459.509521 249.729854 149.201206 374.723898 226.126071 146.485494 427.454091 156.850247 307.467071 416.491296 302.200265 162.188162 159.423963 336.072909 186.461792 334.167623 155.241747 309.278192 148.431803 271.661554 109.635761 186.131674 
141.000000 6.000000 5.000000 a 195.971937 369.431996 379.558955 320.362295 110.353976 198.040400 397.846704 241.350368 65.490457 163.856645 261.451716 257.619875 369.140895 379.710416 21.000000 267.917898 163.957312 51.039201 326.571585 249.128481 392.226975 75.690158 235.478237 213.114992 274.127707 131.244047 339.308120 227.741081 312.553995 255.720551 
223.000000 8.000000 2.000000 a 39.458839 302.274709 223.134489 254.342289 216.684102 77.781746 272.946881 173.366663 264.697941 159.201131 234.770100 59.548300 207.761883 397.152364 220.438200 275.219912 281.232999 161.012422 427.117080 216.667949 259.113875 186.034943 254.283307 345.589352 284.253408 244.018442 360.049997 322.273176 297.724705 288.376490 
221.000000 4.000000 1.000000 a 362.106338 100.019998 262.611881 146.328398 541.577326 325.121516 188.047866 231.244459 490.800367 288.979238 186.453748 424.984706 275.914842 131.848398 461.524647 181.945047 328.770437 455.781746 296.892236 201.635810 207.369236 370.384935 213.901847 346.620830 178.016853 336.019345 147.763324 284.763059 134.617978 205.730406 
294.000000 2.000000 1.000000 a 314.758638 247.111311 375.261242 225.849507 372.786802 282.708330 340.085283 220.621848 278.705938 190.276115 168.074388 401.885556 376.601912 149.412182 268.486499 121.671689 99.368003 298.303537 78.721026 177.101666 348.393456 199.491854 114.865138 83.725743 117.175083 132.018938 119.641130 34.785054 156.108936 87.709749 
163.000000 1.000000 1.000000 a 384.876604 230.228148 391.920910 232.260629 477.192833 348.518292 337.912711 265.572965 387.362879 265.544723 200.638979 469.132178 398.020100 75.000000 375.012000 151.489274 207.077280 398.971177 96.104110 216.536371 351.489687 299.292499 168.181450 187.384631 142.677959 236.072023 79.931220 142.888068 153.404694 134.082064 
253.000000 2.000000 1.000000 a 174.797025 154.353490 229.577873 109.384642 313.912408 138.293167 211.766381 67.623960 267.301328 64.078077 43.908997 259.030886 228.254244 187.416648 234.610315 63.505905 138.755180 228.214811 230.417013 36.221541 214.394496 143.220110 42.720019 190.002632 72.339477 125.896783 148.569849 139.617334 98.270036 77.162167 
108.000000 6.000000 3.000000 a 196.814634 124.919974 50.477718 109.658561 422.640509 171.828403 46.097722 128.471787 421.283752 206.087360 161.474456 229.984782 60.083276 281.859894 379.863133 208.290662 326.724655 344.650548 397.001259 155.801155 33.541020 298.613463 216.944693 377.974867 214.245187 308.350450 261.963738 323.513524 188.862384 241.478778 
153.000000 4.000000 3.000000 a 127.800626 390.466388 317.050469 340.834271 145.910932 162.246726 367.720002 255.566038 231.294185 217.680959 310.336914 118.456743 301.212550 467.251538 193.041446 343.284139 308.923939 128.082005 468.590440 292.549141 354.031072 201.437335 317.165572 370.040538 351.980113 270.053698 427.964952 362.173991 373.483601 349.045842 
204.000000 3.000000 1.000000 a 303.713681 396.061864 457.359815 354.938023 219.538152 292.720003 455.215334 297.168302 99.609237 220.658107 287.123667 377.921950 450.799290 349.521101 120.307938 269.312087 119.854078 182.280004 243.285840 282.304800 455.039559 138.159328 240.052078 126.479247 271.692841 120.208153 313.765836 173.657709 316.987381 242.870336 
249.000000 9.000000 3.000000 a 103.942292 337.124606 302.324329 286.162541 129.356098 121.708669 337.000000 199.251098 167.868997 143.735869 243.823707 152.463110 289.167771 392.852390 124.338248 269.742470 223.215143 63.150614 383.564858 227.107904 327.061156 115.767007 241.107860 284.416947 277.994604 184.358347 352.676906 277.346354 305.144228 271.035053 
152.000000 7.000000 2.000000 a 326.069011 110.018180 163.232962 148.431803 541.761940 295.979729 89.899944 223.235302 520.504563 300.847137 215.928229 364.954792 180.080538 251.563113 483.244245 242.000000 389.165774 459.191681 405.123438 221.984234 108.268186 394.417292 265.996241 425.142329 243.166610 383.026109 251.781651 363.496905 200.104972 275.181758 
150.000000 2.000000 1.000000 a 186.171964 285.448769 330.430023 239.476512 205.565075 169.118302 332.067764 172.490579 137.010948 94.085068 174.865663 268.151077 323.706657 282.490708 109.343495 173.358011 79.075913 127.577427 241.598841 165.849329 330.437589 29.154759 140.858085 140.630722 178.899413 40.447497 242.142520 137.131324 219.592805 158.808060 
214.000000 2.000000 4.000000 a 69.123079 332.338683 247.842692 284.416947 203.088651 107.280007 300.820545 203.049255 264.503308 183.983695 263.711964 57.070132 231.870654 425.569031 221.382023 303.000000 299.447825 158.398232 449.679886 245.601303 286.379119 199.278699 280.943055 363.435001 312.001603 261.369470 388.032215 343.984011 326.840940 314.734809 
255.000000 6.000000 5.000000 a 108.811764 371.909935 298.429221 322.442243 156.719495 143.655839 348.638782 237.539470 233.529441 202.484567 293.288254 103.484298 282.704793 451.305883 193.349425 327.391203 299.487896 128.062485 457.403542 275.408787 335.005970 193.023315 301.955295 361.553592 336.162163 260.599309 412.292372 350.891721 356.545930 334.293284 
134.000000 9.000000 2.000000 a 351.592093 386.253803 477.850395 352.817233 301.346976 332.824278 462.179619 313.129366 182.463695 246.862310 285.476794 432.786321 474.169801 306.809387 198.365824 254.283307 112.791844 255.485812 174.140748 285.889839 465.585653 187.416648 231.261756 74.632433 253.870045 137.829605 276.568256 136.565003 298.827710 222.092323 
151.000000 2.000000 3.000000 a 203.651663 432.056709 403.209623 381.183683 28.160256 223.188261 438.224828 295.392959 125.195847 229.106962 331.716747 232.363939 389.625461 467.047107 101.202767 348.678935 261.841555 63.953108 425.205833 316.512243 428.533546 162.542302 317.321603 312.078516 355.984550 227.107904 426.329685 324.692162 389.416230 342.301037 
192.000000 9.000000 1.000000 a 32.202484 290.241279 232.019396 240.615876 199.904977 62.128898 273.470291 155.801155 235.747747 129.711218 213.178329 93.380940 218.048160 373.550532 191.125613 250.287834 247.729691 135.133268 395.667790 195.143537 261.583639 152.161099 227.266364 312.028845 259.233485 210.297408 335.431066 290.244724 276.524863 260.846698 
211.000000 3.000000 5.000000 a 361.049858 124.064499 298.236483 154.324334 516.730104 322.818835 229.839074 227.107904 453.414821 268.776859 169.248338 433.183564 309.025889 66.121101 428.514877 147.200543 282.081548 431.588925 232.053873 186.893018 247.358040 339.365585 179.449157 291.358885 140.719579 295.392959 89.319651 231.261756 106.929884 162.188162 
223.000000 3.000000 2.000000 a 303.949009 118.903322 130.633074 147.003401 525.147598 276.220926 62.289646 211.896201 511.348218 291.295383 215.083705 336.989614 147.827602 272.723303 472.496561 247.487373 390.046151 444.235298 419.863073 218.323155 78.230429 385.622873 268.268522 430.464865 249.903982 380.437906 268.328157 369.962160 209.618701 281.618536 
123.000000 6.000000 5.000000 a 289.006920 123.975804 278.648524 119.004202 424.650444 251.017928 227.622494 160.124951 358.620970 182.562318 94.641429 368.860407 284.613773 69.065187 334.187073 56.302753 189.029098 340.242561 177.395039 112.361025 239.941660 245.863783 86.833173 206.320140 48.332184 200.661406 34.928498 144.069428 40.000000 67.475922 
274.000000 8.000000 5.000000 a 342.708331 188.063819 346.659776 187.018716 449.330613 305.790778 294.390897 220.730605 367.462923 226.108381 155.438091 425.967135 352.495390 51.264022 350.538158 107.200746 187.579317 368.435883 119.519873 171.711968 307.353217 269.453150 127.035428 182.477396 98.234414 211.123187 36.359318 127.475488 107.935166 94.260278 
252.000000 1.000000 2.000000 a 198.640379 189.010582 273.645756 148.569849 301.676980 165.484138 255.015686 110.276924 239.804087 74.953319 80.399005 285.413735 271.919106 185.539753 212.174457 70.007142 95.336247 217.793480 196.010204 78.638413 258.288598 122.800651 37.483330 145.907505 75.927597 87.920419 144.848196 98.310732 116.400172 61.400326 
120.000000 2.000000 4.000000 a 232.131428 306.218876 368.897005 263.973484 225.938045 214.032708 364.049447 206.784912 133.600150 132.698907 196.461192 314.035030 363.324923 277.794888 120.503112 183.002732 48.703183 157.622968 210.686972 191.062817 364.269131 70.491134 152.118375 100.439036 186.590461 29.410882 239.039746 113.296072 230.824609 160.601993 
229.000000 8.000000 1.000000 a 170.038231 227.758644 283.550701 182.148291 251.077677 142.947543 278.258872 120.598507 194.311605 51.039201 117.170815 256.908544 278.727465 235.868607 163.600122 119.473847 87.200917 167.287178 226.753170 108.466585 278.115084 72.917762 87.200917 149.933319 126.015872 59.908263 195.151223 121.078487 164.073154 111.233988 
221.000000 2.000000 3.000000 a 344.200523 99.161484 198.338095 146.632193 550.847529 311.404881 121.823643 229.732453 520.109604 303.265560 209.847564 390.938614 214.401493 218.387271 485.099990 227.369743 377.572510 466.615473 377.465230 219.134662 141.566239 394.588393 254.662522 407.962008 226.991189 375.683377 223.778909 345.579224 181.892826 258.631011 
217.000000 7.000000 1.000000 a 102.004902 322.815737 296.710296 271.827151 138.231690 113.885908 327.536258 185.267374 161.817799 126.210142 227.246562 160.654910 284.297380 374.606460 117.341382 251.781651 204.978048 62.393910 364.802686 210.838801 318.496468 98.086696 222.800359 266.660833 259.946148 166.087326 334.341143 258.518858 288.006944 252.414342 
244.000000 2.000000 3.000000 a 221.162836 179.888855 281.007117 144.499135 325.382851 186.815417 255.440795 121.827747 258.698666 98.858485 77.878110 307.415029 280.793518 161.058995 233.420222 51.884487 100.448992 242.076434 176.672012 81.859636 260.633843 145.646833 23.021729 141.400141 55.803226 102.396289 120.341182 86.452299 99.729635 36.400549 
287.000000 9.000000 2.000000 a 210.297408 183.967388 277.281445 146.000000 313.933114 176.476627 255.001961 115.801554 249.425340 87.298339 78.160092 296.816442 276.349417 172.812037 223.062771 60.000000 97.128780 230.358416 185.733680 79.404030 259.279772 134.525091 28.178006 142.947543 65.069194 94.810337 132.098448 91.400219 107.377838 48.383882 
132.000000 7.000000 5.000000 a 259.048258 383.646973 425.339864 338.687171 169.307413 252.517326 431.194852 271.398231 55.659680 191.942700 272.976189 329.133711 417.228954 360.118036 66.708320 264.682829 127.440182 128.600156 275.855034 265.005660 428.869444 100.179838 233.077240 157.432525 268.754535 110.679718 321.740579 190.286626 312.302738 243.478952 
166.000000 5.000000 3.000000 a 407.200196 369.628192 494.659479 348.569936 399.721153 380.716430 462.753714 334.677457 284.344861 287.367361 288.461436 493.259567 494.701930 251.047804 293.537050 244.190499 154.547727 343.447230 89.319651 295.340481 470.511424 258.414396 233.205918 90.426766 240.077071 192.509740 232.053873 127.581347 278.677233 209.847564 
177.000000 3.000000 4.000000 a 161.375339 231.613903 70.837843 205.234013 390.149971 158.319298 146.154028 179.134028 420.145213 234.797785 236.135554 151.013244 53.851648 380.453677 375.704671 286.895451 371.732431 325.554911 474.118129 223.731983 126.495059 311.910243 284.964910 431.296882 294.613306 343.991279 355.005634 385.923568 280.608268 315.825901 
142.000000 8.000000 5.000000 a 37.363083 237.547890 198.494332 187.555325 236.603043 15.132746 229.296751 102.318131 248.072570 87.658428 160.654910 124.084649 186.959889 322.349190 204.009804 200.122463 219.965906 160.162418 356.552941 142.555252 219.583697 141.315250 179.524372 283.938374 209.153054 185.698681 285.007017 253.663162 223.912930 213.775583 
117.000000 9.000000 4.000000 a 50.328918 281.726818 183.403926 236.934590 261.082362 78.294317 239.265543 164.304595 305.353893 171.327172 229.366519 45.011110 167.287178 392.390112 260.754674 274.565111 303.288641 203.541151 439.619153 211.728600 223.892832 216.621790 258.069758 367.483333 283.584203 268.001866 357.513636 337.520370 290.248170 292.549141 
194.000000 2.000000 3.000000 a 322.405025 218.837840 359.912489 204.474937 402.874670 287.836759 317.804972 214.671843 314.396247 199.471803 154.987096 408.570679 363.049583 108.673824 300.847137 104.661359 133.775932 325.073838 85.211502 167.430583 327.963413 225.390772 109.178753 124.531121 97.836598 161.755989 80.894994 70.936591 128.949603 75.716577 
273.000000 6.000000 3.000000 a 407.946075 148.973152 312.358768 192.865238 578.433229 370.449727 237.227739 275.392447 520.034614 327.273586 225.037775 473.228275 325.849659 130.049990 493.578768 211.426110 350.595208 492.800162 294.241397 241.499482 256.743062 403.407982 243.952864 359.923603 205.866462 362.640318 157.990506 300.101649 166.964068 229.617073 
175.000000 5.000000 5.000000 a 72.346389 300.787300 190.939781 257.256681 267.606054 102.044108 251.835264 186.967912 320.053121 194.858923 252.301407 24.351591 174.091930 415.130100 275.757140 297.954695 325.854262 216.171228 463.314148 234.776489 235.416652 236.812162 281.767635 390.144845 306.960910 290.134452 380.600841 361.005540 312.705932 316.243577 
153.000000 2.000000 2.000000 a 393.732142 272.018382 425.000000 266.507036 459.025054 359.435669 376.876638 285.376944 360.462203 270.223981 223.805719 480.093741 429.382114 126.150704 353.718815 173.002890 184.835062 385.519131 44.011362 237.413142 388.890730 286.769943 180.676506 150.943698 165.239221 219.063918 120.747671 121.342490 187.723200 146.768525 
122.000000 3.000000 4.000000 a 181.024860 153.769308 233.927339 110.022725 317.416131 144.585615 214.347848 73.000000 268.570289 68.949257 43.081318 265.339405 232.937760 181.837840 236.630514 57.870545 135.944842 231.814581 224.401426 38.052595 217.497126 145.244621 36.400549 185.884373 66.610810 124.779806 142.790056 134.525091 94.302704 70.837843 
131.000000 7.000000 3.000000 a 219.494875 102.883429 72.124892 97.637083 441.688804 191.950514 24.351591 135.944842 433.896301 215.541179 157.492857 256.906598 84.852814 263.600076 393.570832 200.800896 328.525494 361.875669 387.195041 154.932243 25.942244 309.483441 213.459598 376.522244 205.827598 313.193231 246.781280 319.788993 175.695760 234.882950 
102.000000 4.000000 3.000000 a 31.144823 235.696839 170.792271 188.162164 260.547500 24.758837 211.009478 110.113578 281.783605 118.228592 174.287119 100.284595 157.695910 337.480370 237.356272 218.689277 253.970471 189.235303 384.837628 156.460858 198.909527 177.538728 202.071769 317.498031 227.721321 220.676233 302.034766 284.036969 236.019067 236.545979 
286.000000 8.000000 1.000000 a 56.718604 210.618138 176.377436 160.996894 262.834549 18.439089 202.805325 77.369245 267.366789 82.734515 139.057542 137.317151 166.147525 302.026489 224.082574 181.868084 220.367874 184.458667 347.432008 121.016528 193.829822 153.587109 164.468842 283.128946 190.918831 188.904738 265.830773 247.406548 201.717624 198.949742 
177.000000 6.000000 4.000000 a 120.033329 260.017307 119.816526 225.062214 341.825979 127.941393 189.612763 177.507746 381.407918 216.148097 241.068455 96.834911 102.342562 396.445457 336.689768 291.185508 354.244266 282.347304 472.230876 225.942471 171.093542 281.783605 283.176623 416.515306 299.641452 322.837420 366.809215 377.180328 293.777126 316.303652 
127.000000 9.000000 2.000000 a 187.723200 291.796162 124.016128 265.926682 402.905696 195.920902 201.039797 234.616709 448.713717 281.822639 294.350132 146.536685 109.224539 441.072556 404.000000 345.144897 420.020238 348.080450 530.729686 281.016014 181.044193 350.077134 341.123145 481.428084 353.101968 389.666524 415.120464 439.318791 340.800528 372.945036 
260.000000 5.000000 4.000000 a 252.414342 41.036569 136.312142 62.513998 459.053374 218.961184 68.249542 138.397977 434.001152 214.674172 130.648383 304.322198 148.489057 203.823453 397.146069 162.431524 305.276923 375.373148 339.436297 135.591298 84.723078 307.923692 183.068293 345.210081 165.196852 297.235597 191.817622 284.903492 126.846364 196.705363 
151.000000 8.000000 2.000000 a 88.090862 186.603858 180.277564 135.915415 275.856847 50.009999 193.940713 49.244289 266.007519 59.933296 107.377838 169.649639 172.817823 270.001852 224.588513 149.482440 197.496835 193.494186 317.279057 89.274856 187.970742 145.003448 132.517923 258.644544 158.533908 169.162644 233.548710 219.209945 170.425937 166.973052 
271.000000 2.000000 3.000000 a 360.934897 285.574859 421.058191 268.828942 402.955333 329.564865 382.817189 268.069021 300.482945 236.579796 214.009346 448.135024 422.927890 165.326949 296.529931 165.894545 130.096118 333.073565 34.234486 223.892832 392.108403 236.541751 161.966046 89.067390 160.377679 167.146642 145.055162 72.532751 195.225511 133.003759 
158.000000 9.000000 1.000000 a 388.973007 387.284133 496.910455 360.001389 356.523492 366.318168 472.822377 333.174129 238.302329 275.601161 295.489425 472.911197 495.089891 285.847862 252.293480 256.797586 137.437258 306.887602 134.617978 299.282475 478.498694 230.482103 239.560013 77.388630 254.418946 171.125685 261.237440 134.346567 296.892236 222.611770 
263.000000 6.000000 2.000000 a 379.325718 244.436086 400.344851 241.149331 459.200392 343.960754 350.218503 265.648264 365.830562 257.449024 202.370947 464.840833 405.356633 97.514102 355.584027 151.818971 186.625293 382.831556 69.584481 217.002304 362.729927 283.270189 163.490061 162.188162 143.544418 217.862342 92.784697 122.004098 162.003086 129.027129 
175.000000 9.000000 3.000000 a 154.466825 122.690668 90.376988 86.585218 373.369790 124.470880 92.612094 75.504967 367.526870 152.013157 119.004202 203.973037 90.210864 260.716321 326.465925 169.000000 275.566689 293.482538 358.075411 109.553640 86.122006 244.495399 171.968020 329.188396 176.184562 255.476026 234.565556 277.346354 160.178026 200.010000 
199.000000 6.000000 4.000000 a 404.555311 156.160174 327.061156 193.582024 563.038187 366.477830 254.448423 270.680624 498.514794 314.892045 214.692804 474.436508 339.324329 97.498718 474.321621 193.437328 325.219926 477.913172 259.239272 232.122812 273.247141 385.467249 225.601418 330.048481 186.815417 340.207290 129.799846 271.661554 152.957510 207.183494 
217.000000 7.000000 3.000000 a 177.101666 317.294816 343.000000 269.228527 162.855764 168.807583 353.488331 194.365635 105.342299 114.791115 208.021633 252.071418 334.336657 324.493451 70.434367 212.433519 117.038455 86.145226 281.007117 196.725697 349.676994 21.095023 179.961107 173.902271 218.563492 80.504658 284.003521 178.241409 257.421833 200.262328 
192.000000 4.000000 3.000000 a 353.073647 90.000000 232.484408 140.868733 545.902922 317.616120 155.929471 227.863995 504.135894 293.899643 193.806605 409.199218 247.072864 170.880075 472.085797 200.179919 350.408333 460.448694 333.618045 206.526027 175.823775 380.711177 230.412673 374.339418 197.974746 353.362420 181.333946 311.887800 152.505738 228.160032 
130.000000 2.000000 1.000000 a 239.409691 335.871999 162.520768 314.429642 446.040357 250.059993 237.394187 288.624323 498.895781 336.786282 347.051869 187.002674 150.880748 489.703992 454.278549 397.836650 474.994737 396.410141 584.476689 334.306745 217.706224 403.624826 394.993671 536.425204 405.600789 444.460347 465.450320 494.016194 391.019181 426.381285 
116.000000 4.000000 5.000000 a 85.866175 336.214217 285.616876 285.671140 147.220922 111.803399 326.217719 198.962308 197.891384 154.379403 249.777901 122.702893 271.486648 404.400791 154.767568 280.492424 248.020160 92.027170 405.789354 232.312290 314.798348 142.214627 253.712436 310.409407 289.084763 209.153054 364.836950 299.282475 312.464398 285.280564 
284.000000 7.000000 4.000000 a 307.118869 186.935818 331.291413 174.255559 406.395128 271.154937 286.923335 191.887988 325.407437 187.323250 129.274901 391.970662 335.171598 87.206651 307.730401 78.492038 146.413797 325.714599 115.602768 143.387587 297.598723 226.592145 90.470990 149.120756 70.604532 168.433963 52.924474 89.693924 97.493590 56.089215 
129.000000 9.000000 3.000000 a 130.510536 284.200633 296.204321 234.388566 176.816289 120.540450 310.721740 153.935051 148.124947 77.801028 178.910592 209.346603 287.027873 313.639921 107.205410 193.871091 137.419067 91.263355 296.082759 165.012121 305.659942 36.400549 162.788206 200.359677 201.295802 98.615415 272.976189 189.789357 234.827596 189.433366 
296.000000 7.000000 5.000000 a 198.600101 246.975707 313.639921 204.159252 253.031619 173.254149 305.026228 149.642908 181.686543 82.377181 136.821051 284.838551 309.276575 234.471747 157.003185 127.800626 56.080300 172.956642 204.362423 131.240238 305.942805 73.375745 95.692215 119.603512 132.653684 31.016125 194.146852 97.862148 175.011428 111.040533 
279.000000 4.000000 3.000000 a 393.080144 333.713949 465.948495 315.786320 409.312839 363.984890 429.954649 309.594897 298.918049 270.185122 258.785626 480.046873 467.086716 210.154705 302.165518 212.058954 147.122398 346.317773 48.764741 267.406058 438.749359 254.907826 205.000000 89.089842 207.067622 186.010752 192.585046 104.484449 243.189227 178.370401 
160.000000 4.000000 4.000000 a 176.232801 427.603789 373.751254 376.808970 82.637764 204.413796 418.096879 289.822359 185.067555 236.088966 336.362899 183.709009 358.719946 484.174555 154.304893 361.658679 298.605090 97.293371 462.350516 319.555942 406.060340 192.010416 332.362754 354.611055 369.768847 261.093853 443.775844 358.034914 397.694606 361.178626 
149.000000 3.000000 1.000000 a 321.602239 307.650776 416.864486 279.093174 332.182179 295.311700 391.781827 254.025589 225.858363 202.237484 214.462118 407.746245 415.588739 220.927590 225.077764 176.377436 69.778220 267.469624 105.650367 218.563492 397.508490 176.527618 158.521292 13.601471 174.484956 108.461975 190.706581 54.083269 218.002294 142.506140 
233.000000 6.000000 3.000000 a 356.527699 111.825757 285.355918 146.085591 518.841980 318.472919 215.594527 222.685877 459.077336 268.923781 167.720005 426.597000 296.664794 81.884064 432.832531 150.695056 290.353233 433.377434 247.341869 184.894565 233.497323 342.896486 183.207533 302.649963 144.972411 301.728355 101.138519 241.778825 107.335921 168.807583 
126.000000 7.000000 2.000000 a 131.061054 242.528349 97.637083 210.038092 357.717766 132.815662 168.243871 169.805771 391.710352 216.067119 231.354706 118.067777 80.156098 383.301448 347.086445 281.964537 354.189215 295.027117 465.868007 217.165835 149.485785 287.459562 276.278845 415.405826 290.175809 324.353203 355.069007 373.419335 281.328989 308.643808 
270.000000 2.000000 1.000000 a 216.517898 211.217897 300.166620 173.046237 297.900990 185.399569 281.007117 136.473441 226.433213 92.130342 105.004762 303.705449 298.291803 188.820020 202.800394 85.000000 70.007142 216.333077 177.002825 104.737768 284.613773 117.686023 54.708317 119.436175 88.752465 69.339743 148.408221 74.813100 132.834483 65.299311 
288.000000 8.000000 2.000000 a 59.665736 294.253292 191.551560 249.729854 259.408944 90.249654 249.609695 177.282261 308.804145 182.603395 242.293211 32.015621 175.071414 405.345532 264.393646 287.313418 313.178863 205.543183 451.249377 224.628582 233.805475 224.200803 270.490296 377.482450 296.339333 277.416654 370.390335 348.678935 303.237531 304.972130 
261.000000 6.000000 5.000000 a 220.429127 367.241065 394.153523 319.953122 140.356688 216.946998 405.659956 246.454864 54.120237 166.760307 257.124483 288.142326 385.020779 361.809342 33.241540 256.534598 136.704060 87.982953 296.082759 246.862310 401.795968 72.422372 224.089268 180.277564 261.816730 109.000000 322.055896 201.315673 302.978547 240.085401 
192.000000 8.000000 2.000000 a 378.297502 172.046505 344.326880 189.842040 508.552849 340.147027 281.016014 247.341869 432.926091 271.884167 183.010929 456.631142 353.305817 22.360680 413.251739 145.560984 254.593794 425.484430 177.022597 201.039797 297.136332 328.415895 173.925271 251.765764 137.032843 275.000000 63.071388 196.310978 121.498971 147.135992 
234.000000 7.000000 1.000000 a 242.243679 194.208651 303.265560 162.606888 333.294164 208.655218 275.138147 145.096520 258.862898 118.600169 98.081599 328.896640 303.433683 153.938299 237.170825 62.393910 89.693924 251.781651 153.701008 103.942292 281.177880 153.114336 42.154478 122.331517 63.063460 100.409163 113.811247 64.474801 108.669223 33.615473 
262.000000 4.000000 1.000000 a 178.630904 116.619038 196.369550 69.570109 343.840079 140.356688 172.539850 48.764741 305.000000 91.219515 17.117243 257.122539 197.040605 180.277564 270.512477 66.241981 177.814510 258.141434 252.461878 4.123106 176.323566 179.602339 65.192024 225.800797 74.686009 166.207701 145.526630 171.283391 79.762146 94.069124 
252.000000 4.000000 1.000000 a 307.375991 291.336575 399.844970 262.207933 327.964937 280.280217 374.770596 237.185581 225.441788 186.868938 197.408207 393.859112 398.650223 209.754619 221.287144 159.803004 58.694122 260.276776 108.046286 201.479527 380.437906 166.715326 141.481448 24.515301 158.154987 97.529483 177.924141 38.118237 202.061872 126.142776 
246.000000 9.000000 2.000000 a 82.006097 260.276776 250.569352 209.322717 197.873697 71.021124 272.077195 123.328829 193.165732 65.734314 164.648110 164.924225 240.351825 315.854397 149.856598 192.093727 174.453432 114.738834 323.569158 148.003378 265.001887 85.422479 164.906034 238.817922 200.584147 137.437258 276.134025 217.609742 226.119437 196.573142 
245.000000 9.000000 4.000000 a 142.144293 139.606590 84.646323 103.160070 365.058899 114.586212 100.955436 80.622577 364.484568 152.738338 130.908365 187.877620 81.394103 276.568256 322.615871 181.466250 280.912798 286.714143 369.822931 119.854078 91.389277 243.205674 182.098874 336.315328 188.986772 258.814605 249.559612 286.244651 175.328264 211.454487 
230.000000 4.000000 5.000000 a 226.920691 203.061567 37.161808 193.747258 458.628390 214.462118 97.406365 201.801883 476.463010 272.809457 243.821656 227.863995 43.000000 363.859863 432.972285 291.811583 402.273539 388.542147 480.891880 236.315467 78.790862 359.940273 298.435923 456.705594 298.026844 380.064468 345.635646 404.474968 272.946881 324.519645 
246.000000 6.000000 1.000000 a 172.800463 100.603181 100.000000 66.128662 386.648419 140.716026 83.743656 76.321688 374.513017 155.858911 107.377838 225.568172 103.276328 241.248834 334.574356 155.708060 272.038600 305.188466 345.059415 100.846418 82.054860 249.851956 162.360710 322.950461 162.274459 254.786185 216.667949 268.799182 142.284925 188.095720 
241.000000 8.000000 3.000000 a 385.129848 132.060592 239.200753 182.098874 588.232947 351.710108 163.248277 267.421016 552.580311 338.421335 241.373155 433.035795 255.548430 222.396043 519.007707 252.356890 402.971463 503.441158 386.627728 252.414342 182.784026 427.926396 281.726818 428.273277 250.683067 404.308051 235.104232 365.789557 205.080472 281.341430 
182.000000 5.000000 3.000000 a 164.754363 163.710110 229.895628 117.324337 302.200265 128.844868 216.113396 65.764732 257.650927 52.000000 54.203321 249.721845 227.653245 199.100477 224.142812 75.133215 136.062486 216.462468 236.579796 43.657760 217.680959 132.853303 51.971146 190.065778 83.862983 120.066648 160.015624 142.523682 110.276924 86.348133 
165.000000 6.000000 4.000000 a 245.692898 371.079506 411.311318 325.729949 167.146642 238.662942 417.480538 257.670332 60.539243 178.126360 260.386252 316.764897 403.193502 351.454122 61.392182 253.503452 120.108284 119.887447 273.095221 252.057533 415.030119 86.145226 221.652882 155.364089 257.841036 100.124922 312.656361 183.961953 300.961792 233.308808 
297.000000 1.000000 4.000000 a 35.383612 231.769282 166.973052 184.393601 264.433356 25.238859 206.787330 107.018690 284.569851 117.796435 171.493440 102.825094 154.019479 334.659528 240.208243 216.316897 254.135790 192.675894 383.658702 153.733536 194.733151 179.203795 200.192407 317.498031 225.337525 221.205787 299.421108 283.296664 233.000000 234.648674 
110.000000 4.000000 2.000000 a 278.600072 129.247824 97.169954 145.784087 503.834298 253.308113 38.897301 198.295234 496.976861 278.097105 211.858443 306.400065 114.542569 289.836161 456.790981 249.721845 386.016839 424.728148 429.325052 212.235718 48.918299 372.263348 266.992509 430.498548 253.308113 373.108563 280.964411 371.570989 216.584856 284.200633 
216.000000 1.000000 1.000000 a 231.821052 375.659420 405.079005 328.791727 143.003496 228.254244 415.781192 256.363024 46.400431 176.570099 265.294176 299.172191 396.061864 366.087421 36.674242 263.005703 138.224455 96.607453 295.162667 255.485812 412.157737 82.225300 230.672929 178.241409 268.018656 113.070774 326.622106 202.765875 309.803163 245.391524 
121.000000 6.000000 5.000000 a 161.817799 279.946423 312.705932 232.124966 195.058965 146.321564 318.954542 159.248234 141.947173 79.429214 170.578428 243.347488 305.131119 291.152881 107.800742 176.323566 101.843016 112.893755 262.085864 159.389460 316.056957 16.401219 144.013888 164.584325 182.800438 62.968246 250.479540 156.320184 220.635446 166.412139 
168.000000 5.000000 2.000000 a 327.844475 64.070274 215.541179 114.808536 519.747054 292.104433 140.431478 201.814271 478.834000 267.824569 168.107109 385.622873 229.259678 160.639348 446.401165 176.773867 327.391203 434.310949 319.324287 180.543624 159.878079 355.060558 206.312869 353.747085 175.148508 329.074460 165.737745 291.233583 129.541499 205.975727 
215.000000 4.000000 4.000000 a 262.545234 391.465196 431.140348 346.273014 164.234588 257.108926 438.001142 278.188785 48.270074 198.579959 280.777492 331.187258 422.800189 368.598698 64.140471 272.963368 135.871263 127.663621 283.365488 272.594938 435.436563 106.000000 241.298570 164.842349 277.086629 119.037809 330.225680 198.587512 320.551088 251.908714 
111.000000 8.000000 3.000000 a 328.469177 105.437185 278.237309 126.905477 482.374336 290.167193 214.441134 194.743421 420.556774 234.341631 135.358783 402.279753 287.683854 59.640590 394.872131 113.070774 251.588950 397.175024 217.830209 153.160047 230.531993 305.368630 145.454460 265.414770 106.887792 263.005703 66.068147 204.022058 72.615425 130.000000 
253.000000 1.000000 4.000000 a 273.300201 12.649111 173.623155 62.289646 468.651256 237.697286 105.118980 148.734663 433.849052 218.433056 123.308556 331.879496 185.324041 168.344884 399.430845 144.124946 292.796858 383.641760 310.858489 132.969921 122.188379 308.598445 169.499263 327.038224 145.031031 289.456387 159.881206 265.318676 102.107786 177.045192 
269.000000 3.000000 5.000000 a 149.164339 404.708537 345.441746 354.176510 107.280007 179.134028 391.281229 267.441582 198.035350 218.874393 316.992113 154.935470 330.248391 468.624583 162.609963 345.202839 293.783934 99.849887 456.324446 299.766576 378.815258 185.827877 317.000000 352.404597 353.566118 255.409475 428.561548 350.754900 379.189926 347.139741 
226.000000 7.000000 2.000000 a 174.040225 339.477540 352.195968 290.353233 133.015037 172.351385 368.571567 211.539594 91.268834 133.843192 231.767125 242.002066 342.286430 353.645303 49.335586 239.726928 146.085591 57.078893 310.058059 219.244156 363.324923 47.707442 207.424685 200.731163 246.205199 110.317723 313.063891 208.031248 283.748128 229.124420 
262.000000 8.000000 1.000000 a 180.013888 334.113753 353.362420 285.559101 144.312162 175.647374 366.979563 208.734281 91.219515 129.865315 225.417391 250.726943 344.001453 343.354045 53.000000 231.041122 133.184083 70.178344 297.107725 213.600094 362.427924 38.897301 198.600101 187.579317 237.255137 97.862148 302.869609 195.473783 275.771645 219.127817 
106.000000 6.000000 5.000000 a 146.249786 171.656634 55.108983 141.739197 376.961536 128.319913 104.307238 120.415946 388.804578 186.034943 173.415686 171.189953 45.177428 316.711225 345.579224 223.986607 318.822835 303.415557 412.243860 162.052461 88.090862 271.891522 224.089268 375.898923 231.490821 294.416372 290.998282 327.365239 216.601016 253.852319 
142.000000 5.000000 5.000000 a 187.042776 86.209048 105.361283 55.569776 398.579979 154.311374 77.058419 83.677954 383.130526 163.477827 105.190304 240.416306 110.801625 230.763949 343.879339 151.433154 274.390233 316.431667 340.219047 101.138519 78.854296 257.815826 161.003106 323.273878 157.410292 259.069489 207.850908 267.615396 133.843192 184.707877 
169.000000 2.000000 3.000000 a 105.361283 344.209239 304.776968 293.298483 126.530629 125.936492 341.458636 206.305599 172.722321 152.764525 252.232036 148.000000 291.247318 402.218846 129.865315 278.948024 233.122286 66.730802 393.600051 235.357175 331.049845 125.542821 250.539418 294.159821 287.252502 194.280725 362.107719 287.391719 313.843910 280.672407 
176.000000 1.000000 1.000000 a 279.084217 243.205674 355.308317 214.441134 333.923644 248.573933 327.482824 195.000000 243.589819 155.048380 150.632002 366.285408 355.012676 172.594901 230.633909 111.646764 62.968246 258.518858 115.801554 156.083311 333.713949 159.530561 94.704805 72.006944 110.040901 92.649879 137.058382 12.206556 154.262763 78.025637 
210.000000 1.000000 5.000000 a 105.080921 343.431216 304.424046 292.514957 126.873953 125.399362 340.917879 205.526154 172.307864 151.822265 251.340407 148.327341 290.929545 401.254283 129.375423 277.994604 232.157274 66.407831 392.611768 234.478144 330.552568 124.595345 249.569630 293.218349 286.295302 193.313217 361.138478 286.400070 312.929705 279.689113 
208.000000 7.000000 4.000000 a 117.106789 170.414201 192.981864 119.519873 286.923335 79.630396 194.743421 35.846897 263.882550 45.099889 80.049984 199.902476 187.925517 241.207380 224.877745 119.603512 175.308300 202.252318 287.923601 62.096699 191.846293 138.852440 102.181212 234.360833 128.658463 150.685102 204.120063 191.658551 143.391074 136.623570 
181.000000 1.000000 3.000000 a 67.208630 295.177912 187.544661 251.447808 267.080512 96.176920 247.418674 180.897761 317.327906 189.169236 246.221445 29.832868 170.836179 409.059898 272.926730 291.880112 320.624391 213.964950 457.507377 228.694119 231.205536 232.406971 275.753513 384.879202 300.885360 285.070167 374.518357 355.347717 306.652898 310.227336 
112.000000 5.000000 5.000000 a 15.132746 249.996000 192.595431 201.161627 238.805360 23.194827 231.205536 118.878089 261.398164 111.825757 180.335798 100.089960 179.535512 343.013119 216.834038 221.815238 243.507700 167.585799 380.663894 162.249807 219.672483 161.012422 202.405534 307.616645 230.867928 208.693555 306.320094 277.848880 243.187171 236.780489 
269.000000 8.000000 4.000000 a 263.412224 369.676886 421.001188 326.216186 192.585046 253.300217 422.536389 263.273622 80.361682 185.067555 259.383885 337.468517 413.806718 338.704886 87.555697 247.412611 105.380264 145.499141 251.149358 252.744931 421.303928 98.671171 216.474017 132.698907 250.928277 93.520051 300.887022 167.047897 295.237193 224.396970 
Type de surveillance de chaque endroit(target):tab[nombre de target]
a a a a a a a a a a a a a a a a a a a a a a a a a a a a a a 