Nombre des capteurs:
100
Nombre des targets:
70
Nombre de type de surveillance:
1

Caracteristiques:
103.000000 3.000000 1.000000 a 394.555446 359.901375 448.475194 130.862523 147.054412 408.636758 129.691943 301.582493 434.497411 110.040901 320.918993 330.296836 353.786659 369.606548 320.057807 425.553757 469.720129 356.949576 222.049544 218.357505 153.473125 262.718481 421.930089 202.950733 531.836441 392.390112 364.078288 421.627798 362.667892 58.591808 392.173431 309.725685 431.613253 262.606169 365.892061 457.739009 69.000000 92.633687 312.040062 364.485939 403.863838 387.923962 449.369558 418.150691 503.933527 401.277959 241.859463 438.958996 230.176020 282.681800 3.000000 381.525884 306.202547 461.566897 123.911259 355.101394 149.893295 197.448728 463.793057 205.204776 349.721318 460.405256 511.947263 353.553391 295.001695 394.851871 369.238405 435.807297 509.439889 150.283066 
167.000000 1.000000 5.000000 a 270.001852 253.617823 426.057508 133.154046 20.248457 424.001179 179.412932 308.014610 373.048254 191.342625 193.313217 379.969736 244.008197 307.883095 204.978048 322.913301 355.384299 339.390630 195.634864 266.046988 176.241312 138.057959 385.253164 177.369670 484.153901 379.110802 265.529659 371.732431 408.677134 71.344236 408.030636 271.773803 396.157797 151.700363 270.440382 420.761215 160.430670 114.236597 365.568051 361.448475 397.860528 296.006757 376.502324 310.543073 475.432435 277.007220 186.625293 348.803670 295.160973 204.352636 130.506705 316.810669 293.470612 452.832199 19.000000 272.976189 23.600847 225.559305 359.640098 282.095728 361.001385 437.049196 462.195846 347.195910 175.524927 334.510090 356.544527 393.101768 424.972940 25.455844 
216.000000 3.000000 5.000000 a 171.187032 69.354164 273.248971 297.835525 304.607945 365.629594 347.207431 293.470612 138.827231 388.870158 231.486501 418.660961 85.906926 121.655251 128.280942 33.301652 111.758669 246.758992 231.147139 361.951654 312.001603 207.200386 214.373506 240.074988 247.517676 272.501376 47.010637 171.735261 427.603789 370.753287 357.677229 188.279048 222.910296 163.783394 42.544095 232.155121 390.786387 326.805753 418.779178 290.036205 299.547993 24.738634 107.228727 54.561891 289.032870 168.668314 185.000000 42.047592 405.058021 130.751673 411.144743 112.698713 247.969756 324.044750 302.398743 68.963759 304.803215 319.776484 65.000000 420.373643 323.422325 277.308492 226.072997 276.588141 162.249807 128.705089 264.643156 201.725060 119.540788 308.025973 
271.000000 8.000000 1.000000 a 421.921794 305.000000 41.400483 282.639346 400.281151 102.956301 286.111866 116.516093 149.251466 323.426962 441.131500 202.800394 319.043884 151.476071 338.072477 303.960524 382.126942 54.083269 198.600101 226.450878 256.550190 380.669148 65.306967 217.892175 156.952222 18.601075 274.781732 108.452755 194.504499 409.293293 101.390335 127.003937 63.324561 322.158346 263.326793 79.025312 352.841324 320.295176 214.049060 55.946403 32.893768 251.914668 193.051807 324.607455 98.858485 422.203742 212.602916 255.431008 254.064952 229.340358 411.175145 158.600126 103.768974 62.128898 374.723898 217.882996 402.854813 219.494875 325.281417 285.553848 94.366308 53.263496 147.573710 59.665736 355.879193 143.010489 40.607881 87.315520 261.658174 406.970515 
247.000000 6.000000 4.000000 a 195.726850 161.771444 363.918947 140.206990 84.958814 386.581169 199.421664 273.080574 291.302249 228.122774 143.087386 369.925668 153.075145 228.254244 116.841773 230.766115 267.166615 285.043856 154.638288 266.189782 178.966477 71.610055 316.303652 142.351677 406.444338 325.006154 173.349358 295.880043 394.031725 155.955122 371.845398 209.468375 327.470609 60.440053 178.600112 350.297017 210.850658 146.894520 359.449579 315.298271 347.466545 204.606940 289.803382 219.228192 408.049017 201.853908 124.036285 257.379098 304.085514 121.671689 206.349219 235.255181 246.497464 398.101746 84.433406 184.910789 85.562842 218.826415 267.748016 301.280600 324.755292 373.919777 383.928379 299.821614 92.655275 254.521119 304.236750 320.407553 334.260378 89.106678 
108.000000 1.000000 1.000000 a 197.676503 82.200973 238.201595 217.910532 247.315588 307.834371 265.544723 221.400090 132.853303 307.566253 224.109348 345.314350 94.894678 79.227520 116.107709 110.353976 182.463695 188.045207 149.090576 281.186771 230.078248 176.082367 181.176709 158.003165 250.838594 220.952484 56.400355 148.054044 357.494056 302.034766 297.513025 117.456375 191.770696 119.616052 48.301139 209.153054 311.436992 248.887525 343.576775 230.000000 247.887071 58.008620 126.605687 118.962179 269.185809 198.338095 103.121288 105.304321 324.445681 51.623638 336.922840 80.399005 177.341479 283.975351 238.193199 21.931712 248.278070 238.100819 146.512798 338.722600 258.141434 245.350769 228.035085 215.058132 140.228385 101.400197 207.771509 177.070607 176.173210 251.978174 
153.000000 9.000000 2.000000 a 324.163539 219.829479 184.894565 137.611773 251.310565 193.132079 157.784663 84.876381 179.777640 200.412075 317.592506 203.656574 227.905682 124.036285 229.584407 252.578701 326.019938 96.046864 48.846699 142.506140 122.319254 249.649755 153.808322 68.447060 264.699830 135.712932 199.210943 157.841693 219.244156 261.237440 178.986033 46.238512 163.517583 195.432853 191.856717 189.623311 220.229426 176.025566 200.561711 121.334249 155.389832 197.010152 207.694487 262.514761 237.901240 326.759851 72.801099 230.956706 184.837767 115.260574 270.083320 138.050715 52.345009 209.475536 224.859956 152.738338 254.023621 106.705201 286.586811 204.002451 132.774244 196.400102 245.703073 106.075445 236.326046 143.136299 113.282832 168.439900 279.723077 258.118190 
288.000000 3.000000 2.000000 a 296.546792 190.412710 188.223272 146.754898 243.756026 214.107450 176.232801 111.865991 160.654910 219.492597 294.884723 233.002146 198.979898 100.284595 202.852163 222.733024 296.055738 106.042444 56.035703 170.839106 139.713994 229.000000 148.717854 74.411021 255.123500 146.000000 169.307413 144.360659 247.552015 264.054919 200.942778 34.000000 159.298462 172.754161 161.891939 184.707877 235.127625 184.664561 230.341051 138.751577 168.760185 167.334993 184.480351 232.551070 237.539470 298.881247 55.009090 202.714084 213.590730 87.618491 279.458405 114.017543 72.897188 219.276082 220.272558 123.081274 246.174735 132.136293 257.001946 231.311478 156.284996 199.040197 234.827596 122.971541 211.981131 122.155638 125.399362 159.806133 254.827393 250.297823 
186.000000 5.000000 1.000000 a 373.301487 268.895891 162.806634 400.216192 467.453741 290.688837 427.429526 289.171230 96.208108 470.005319 432.255711 394.081210 286.148563 162.003086 324.445681 224.008928 284.964910 213.964950 309.919344 395.297356 391.706523 396.273895 134.212518 328.001524 59.548300 207.002415 238.665037 112.258630 386.745394 509.863707 292.225940 223.986607 131.186890 342.184161 227.607118 113.635382 488.697248 437.599132 403.837839 243.347488 223.986607 201.556444 99.624294 251.001992 135.679770 370.086476 289.944822 164.076202 430.758633 264.697941 532.132502 151.980262 253.621766 208.806130 453.689321 202.595656 468.777133 371.927412 221.639347 458.332848 284.212948 157.280005 50.537115 239.641399 355.440572 135.764502 218.112356 111.803399 112.004464 472.640455 
164.000000 7.000000 5.000000 a 133.686200 68.154237 326.459798 204.247399 176.173210 379.697248 261.965647 277.838082 225.321992 298.303537 133.660016 393.174262 60.671245 171.187032 37.802116 137.353558 177.282261 264.168507 173.366663 306.493067 232.490860 83.815273 271.361383 171.420536 343.447230 301.144484 82.734515 240.674053 411.409771 248.887525 367.241065 186.461792 282.255204 34.409301 90.271812 301.059795 289.691215 223.573254 387.072345 302.575610 326.980122 117.613775 213.440858 125.872952 361.022160 137.411790 124.458829 169.177422 348.661727 80.529498 296.082759 173.401269 239.770724 369.120577 177.910090 111.126055 176.119278 258.642611 174.132134 354.227328 323.278518 334.534004 320.655578 286.848392 48.373546 194.365635 284.416947 269.150516 247.315588 179.178682 
218.000000 1.000000 5.000000 a 292.263580 207.183494 250.427634 405.937187 438.320659 372.155881 445.600718 340.992669 125.602548 488.881376 365.919390 459.377840 223.134489 171.303824 266.257394 145.230851 189.000000 272.442655 323.484157 435.178124 408.922976 345.411349 204.120063 338.048813 166.234774 279.546061 183.861361 164.201096 458.401571 497.012072 370.108092 250.459578 206.421898 299.976666 176.184562 199.110522 499.196354 439.873846 465.421315 310.692774 302.129111 149.201206 88.141931 170.792271 237.008439 287.673426 288.617394 97.185390 475.340930 245.758011 530.532751 157.334040 298.107363 301.264004 432.224479 173.415686 438.853051 401.967660 129.259429 498.037147 351.005698 248.268000 152.898659 302.423544 300.416378 154.116839 283.282544 182.000000 19.104973 442.295150 
284.000000 8.000000 3.000000 a 206.700266 89.319651 226.108381 237.507895 270.647372 304.356699 283.049466 225.177708 112.378824 325.557983 241.167991 350.155680 104.403065 65.787537 132.000000 101.079177 177.228666 184.287818 164.003049 292.801981 247.072864 196.743488 167.868997 174.734084 230.488611 214.394496 58.668561 131.548470 360.312364 324.829186 295.054232 119.887447 178.025279 141.439033 47.434165 193.494186 331.182729 269.551479 349.731325 227.167339 241.571935 44.944410 103.469802 114.634201 253.337719 206.545395 121.016528 85.510233 335.809470 73.430239 358.675341 63.505905 180.013888 273.775455 261.428767 2.000000 271.597128 251.453773 134.480482 351.889187 258.042632 232.422030 207.713745 212.849712 158.823802 84.291162 203.342076 161.372240 153.681489 275.288939 
133.000000 9.000000 2.000000 a 330.340733 281.822639 374.471628 55.027266 111.211510 350.583799 87.846457 237.227739 351.461235 100.568385 269.295377 292.801981 277.405840 286.276091 247.584329 345.376606 394.324739 283.534830 142.635900 177.564073 92.005435 202.607996 343.421024 123.004065 451.452102 321.056070 283.323137 340.207290 322.894720 72.801099 334.181089 229.584407 353.509547 189.517809 284.344861 379.444331 76.550637 22.803509 277.218326 296.939388 335.596484 305.486497 365.562580 339.860265 428.404015 336.465451 158.218204 355.980337 203.789107 199.323857 86.452299 298.001678 233.634330 392.796385 77.233412 271.621060 114.808536 142.031687 383.803335 189.747200 288.721319 386.194252 431.051041 284.416947 226.920691 311.770749 297.808663 355.950839 425.751101 117.413798 
216.000000 8.000000 4.000000 a 440.447500 327.299557 93.605555 394.655546 488.889558 216.333077 409.003667 247.644907 134.059688 448.937635 485.807575 331.903600 344.175827 186.560982 376.479747 296.863605 366.105176 175.000000 304.200592 358.094959 376.183466 438.808614 103.406963 323.803953 36.359318 151.637726 295.169443 117.175083 318.521585 515.593832 221.774660 217.720004 93.605555 380.864805 283.113052 67.475922 474.481823 433.073897 344.947822 189.362087 158.927656 261.015325 163.954262 322.902462 45.705580 438.406204 299.666481 237.084373 387.289298 292.042805 527.147987 183.002732 224.089268 126.253713 469.163085 246.732649 490.831947 345.615393 302.694566 418.359893 226.761990 83.432608 48.020829 191.541118 403.298897 162.098735 170.308544 93.037627 202.200396 494.898980 
212.000000 7.000000 3.000000 a 415.405826 333.054050 292.960748 96.834911 243.304336 233.238076 50.159745 135.882302 322.024844 73.925638 377.127299 157.276826 335.679907 266.992509 321.137042 380.757140 447.044740 205.000000 121.926207 42.047592 55.154329 305.196658 281.774733 115.520561 394.849338 233.362379 321.068529 296.233016 188.382589 201.804361 216.923950 188.939144 289.306066 269.358497 316.810669 314.796760 110.367568 113.600176 141.014184 199.904977 238.801173 328.562018 350.851821 384.959738 350.395491 419.990476 170.293864 369.000000 70.604532 227.035240 177.890416 280.959072 157.098695 295.601083 208.906678 285.567855 246.876487 36.687873 417.506886 70.263789 177.507746 304.947536 378.430971 192.333044 313.129366 286.195737 211.690812 300.719138 422.427509 250.049995 
221.000000 8.000000 4.000000 a 421.882685 305.954245 65.734314 263.400835 385.797875 89.403579 264.017045 92.698436 163.294213 300.562805 435.724684 180.136060 319.164534 155.878158 335.180548 310.459337 388.931871 40.199502 182.222392 202.200396 235.467620 373.065678 82.764727 201.062179 180.944743 7.000000 276.795954 122.772147 173.807365 390.717289 84.528102 118.258192 83.216585 315.203109 265.759290 101.833197 330.847397 300.612708 190.646269 31.384710 23.769729 256.737220 206.620425 329.734742 123.004065 422.607383 201.089532 265.047166 229.473310 223.486017 390.356248 164.757397 85.070559 75.186435 359.089125 219.968180 388.495817 196.796850 334.073345 261.021072 70.710678 77.420927 170.695636 36.124784 350.851821 151.489274 21.213203 105.721332 277.431073 392.593938 
125.000000 2.000000 4.000000 a 323.024767 232.594067 230.184708 414.120755 456.810683 355.140817 450.258814 334.073345 118.713942 493.568638 393.695314 448.683630 249.098374 174.040225 291.386341 174.324410 222.081066 262.488095 328.495053 432.907611 413.624226 369.218093 189.066126 344.305097 136.693087 264.984905 206.929940 153.209008 445.426762 511.202504 354.419243 250.297823 189.707670 321.099673 198.090888 178.846303 506.501728 449.323937 456.054821 298.263306 285.847862 170.651692 90.376988 200.591625 211.021326 318.698917 297.699513 121.235308 471.764772 259.433999 541.599483 160.626897 293.068251 279.544272 448.536509 188.430358 457.564203 402.612717 161.446586 496.169326 339.134192 226.737734 125.733846 291.446393 325.000000 153.052279 271.267396 166.171598 46.690470 461.139892 
175.000000 7.000000 2.000000 a 283.978872 166.760307 148.929514 256.563832 325.000000 239.820766 289.153938 183.199345 49.578221 332.398857 318.039306 306.114358 182.386951 17.000000 209.468375 160.206117 238.530920 123.664870 168.154691 273.660373 252.634123 268.627996 90.138782 185.064853 161.245155 145.670862 135.029626 54.037024 310.190264 364.215595 233.002146 89.106678 100.000000 210.646624 123.032516 115.433964 347.247750 293.293368 309.724071 166.433170 172.557237 108.558740 73.437048 180.886705 175.410946 283.397248 144.312162 115.433964 314.039806 123.567795 387.413216 15.231546 138.600144 198.176689 309.231305 80.230917 326.585364 241.238471 183.504768 336.524888 203.039405 154.638288 138.708327 154.434452 234.213578 9.899495 139.846344 83.294658 147.000000 330.552568 
140.000000 3.000000 5.000000 a 434.191202 326.252969 157.155973 202.200396 342.147629 94.530418 187.243157 26.076810 231.698079 218.680132 427.603789 103.730420 335.876465 200.002500 340.219047 349.181901 426.010563 86.005814 143.589693 113.137085 165.656271 358.436884 164.757397 157.496032 271.326372 97.989795 302.352443 195.125601 111.606451 328.525494 78.230429 129.034879 168.671278 305.761345 293.402454 190.800943 253.126451 235.535560 108.189648 60.415230 96.426138 292.774657 271.228686 363.166628 213.908859 436.495132 182.603395 315.539221 137.829605 225.222113 317.554720 212.664054 68.818602 151.644321 311.194473 249.897979 345.305662 119.037809 379.304627 169.743925 33.241540 168.585290 259.279772 59.665736 347.151264 207.161773 81.492331 187.296556 345.428719 349.206243 
124.000000 5.000000 1.000000 a 346.343760 250.888421 221.056554 100.463924 233.308808 202.089089 110.435502 86.023253 228.464439 152.463110 326.442951 182.098874 256.400078 172.002907 250.449596 291.547595 361.780320 129.541499 39.623226 100.000000 76.380626 255.368361 197.567710 49.040799 310.009677 165.921668 234.437625 205.528587 203.744939 228.037278 186.268623 94.921020 206.518764 207.292064 228.659135 232.664995 174.771279 137.742513 174.656806 141.908421 180.249827 237.497368 255.978515 298.600067 276.602603 349.834246 88.814413 275.356133 143.293405 143.125819 229.139695 185.951607 78.892332 237.360485 203.061567 193.662077 236.414890 59.076222 327.145228 158.710428 139.057542 232.974248 291.811583 129.027129 250.714978 191.760267 142.663941 214.009346 327.391203 240.351825 
117.000000 9.000000 3.000000 a 87.361319 70.007142 364.965752 330.219624 292.514957 450.894666 386.349583 367.839639 231.486501 424.406645 169.920570 491.294209 68.593003 208.904284 100.662803 65.375837 50.009999 330.854953 284.154887 419.659386 354.587084 174.862803 305.949342 287.459562 337.431475 360.000000 90.138782 264.007576 503.978174 372.828379 441.617482 263.787794 314.839642 157.276826 99.704564 324.784544 417.479341 351.364483 488.787275 373.737876 387.200207 108.558740 197.881278 38.832976 381.702764 82.764727 233.790505 125.781557 462.857429 177.687929 422.848673 202.039600 323.805497 415.145758 300.885360 145.096520 291.605898 373.630834 77.472576 472.784306 403.897264 369.444177 316.638595 359.346629 131.103013 219.713450 349.807090 294.146222 189.264365 293.899643 
257.000000 7.000000 5.000000 a 300.403063 270.416346 409.470390 101.079177 60.307545 396.988665 141.548578 281.822639 369.567315 151.211772 229.314195 345.392530 262.908729 303.784463 227.264163 338.017751 377.636068 320.351370 175.914752 230.495119 142.555252 168.715737 372.876655 156.540730 476.388497 359.302101 278.001799 363.859863 374.977333 46.957428 380.757140 258.182106 383.481421 170.628251 281.298774 408.823923 120.253898 76.321688 330.219624 338.529172 376.172833 305.275286 377.699616 328.441776 461.147482 307.102589 177.200451 357.604530 257.497573 205.681793 97.185390 314.035030 272.249885 432.411841 30.364453 277.252592 63.780875 192.629177 375.755239 243.016460 334.348620 420.847954 455.027472 325.010769 201.121854 330.193882 336.293027 382.873347 431.561120 65.764732 
241.000000 7.000000 3.000000 a 194.858923 128.658463 312.003205 138.003623 136.033084 343.493814 196.061215 233.555133 237.402612 232.019396 168.585290 340.476137 125.063984 174.048844 101.592323 193.132079 242.018594 236.433923 119.037809 246.130047 167.720005 99.161484 262.992395 112.432202 352.230038 275.960142 131.912850 241.698159 361.668356 193.662077 329.514795 159.154013 274.171479 49.578221 134.658828 296.622656 224.109348 158.028478 332.356736 269.536639 299.549662 158.647408 237.648901 186.681547 354.774576 199.529446 77.794601 211.151604 287.250762 67.535176 235.314683 181.245690 201.920777 348.206835 127.003937 133.645052 137.200583 197.873697 231.387122 290.511618 283.240181 321.697062 329.730193 253.810953 93.605555 200.359677 256.134730 266.480769 286.204472 141.014184 
280.000000 5.000000 5.000000 a 325.345970 222.173356 179.359973 373.026809 429.009324 302.978547 405.531750 282.453536 69.570109 448.688088 385.659176 396.025252 239.384628 131.228808 278.598277 176.011363 238.170107 210.116634 284.903492 383.212735 369.120577 352.149116 136.341483 301.783035 100.846418 212.268698 192.585046 101.004950 392.657612 476.681235 301.920519 203.081265 137.266165 299.549662 181.892826 127.941393 464.009698 409.376355 403.600050 245.507637 233.430932 155.283611 55.758407 203.002463 166.207701 322.099364 258.804946 116.107709 421.294434 227.228959 503.011928 119.037809 242.396370 229.817319 417.432629 160.863296 430.116263 354.888715 174.642492 446.556827 286.400070 176.819117 84.059503 238.838858 310.306300 107.331263 218.552053 113.507709 70.434367 433.881320 
185.000000 8.000000 1.000000 a 361.333641 352.029828 497.821253 179.936100 110.440029 474.236228 200.039996 361.889486 461.735855 189.644404 276.088754 406.492312 342.317104 395.960857 302.702825 421.279005 452.602475 407.461655 264.321774 292.006849 214.573997 231.613903 463.569844 244.632377 568.248185 445.486251 363.435001 455.800395 438.164353 52.201533 457.772869 348.852404 474.023206 250.107977 367.925264 499.596837 148.932871 144.585615 389.082254 421.855425 460.462811 393.005089 469.144967 408.893629 550.705911 368.635321 269.258240 445.714034 309.006472 296.723777 84.528102 406.125596 358.022346 517.571251 107.898100 367.490136 111.570605 263.336287 458.052399 286.246397 412.927354 509.404554 547.000914 409.257865 272.121296 422.383712 422.271240 474.269965 521.003839 109.658561 
200.000000 1.000000 3.000000 a 114.978259 67.029844 341.344401 329.492033 304.507800 431.483488 383.888005 353.069398 205.936884 423.288318 193.600103 477.529057 72.532751 187.970742 112.254176 38.078866 50.328918 311.834892 276.441676 411.205545 350.827593 190.821906 282.462387 281.604332 310.058059 339.299278 77.077883 239.766553 488.706456 381.451176 422.859315 248.072570 290.998282 165.130252 84.219950 299.841625 419.076365 353.203907 476.047267 354.992958 366.442356 87.114867 170.988304 14.142136 356.040728 110.643572 226.808289 98.310732 454.525027 170.061753 428.967365 180.000000 308.288826 392.094376 309.967740 127.440182 303.898009 366.284043 51.865210 466.344293 386.684626 345.353442 289.468478 341.013196 145.437272 196.657062 330.310460 269.670169 161.409417 306.471858 
189.000000 9.000000 5.000000 a 336.823396 222.407284 122.482652 205.380135 309.517366 167.630546 223.660457 96.104110 122.800651 265.452444 348.810837 219.572312 234.642281 84.172442 248.565887 236.008474 313.912408 48.301139 115.108644 191.801981 189.129585 286.944245 85.912746 134.792433 197.083739 85.146932 194.917931 93.776330 225.539354 327.391203 157.492857 33.136083 95.801879 228.705050 184.664561 121.823643 287.445647 243.797047 222.685877 89.810912 110.679718 180.069431 158.382449 252.210230 172.235304 337.928987 119.682914 199.722307 230.254207 136.561342 338.001479 96.798760 52.038447 156.204994 285.954542 139.301831 311.910243 166.018071 264.461717 255.148976 120.602653 133.240384 178.600112 75.073298 263.882550 92.779308 68.447060 100.895986 232.776717 316.033226 
229.000000 7.000000 1.000000 a 275.675534 210.038092 312.865786 54.405882 124.016128 311.642423 113.318136 195.655309 275.174490 148.276768 233.383804 281.753438 208.062491 209.537586 184.764715 270.275785 324.616697 225.077764 81.049368 175.695760 88.865066 161.375339 275.263510 63.071388 379.400843 264.660159 207.894204 267.067407 307.390631 139.053946 295.974661 160.589539 285.882843 129.077496 207.884583 311.207326 142.351677 77.278716 270.292434 247.072864 283.282544 227.881548 287.388239 267.119823 363.815888 280.864736 81.320354 277.751688 213.546248 120.904921 165.124196 220.737401 178.899413 338.320854 95.900991 193.023315 127.000000 128.705089 308.734514 212.037732 248.652368 324.089494 358.280616 232.690782 171.735261 235.518577 242.012396 285.406727 347.038903 131.003817 
275.000000 4.000000 3.000000 a 422.852220 319.607572 188.095720 170.073514 313.249102 127.882759 152.085502 32.280025 247.018218 183.382115 409.058675 103.855669 327.665988 206.951685 327.562208 349.322201 424.354804 107.856386 121.803120 79.812280 131.848398 338.498154 188.215302 132.774244 298.328678 128.140548 298.283422 213.354166 121.400165 295.149115 111.400180 129.691943 193.597521 288.534227 290.373897 217.313138 217.809550 202.091563 101.533246 92.195445 130.138388 293.061427 283.853836 360.943209 245.415973 425.715868 166.330995 321.161953 109.731490 214.590307 282.540263 220.435932 73.552702 186.316934 281.396517 249.112424 316.509084 84.118963 381.620230 139.531358 68.447060 199.832430 284.675254 87.464278 331.203865 218.215490 108.706026 209.804671 358.258287 320.320152 
297.000000 2.000000 4.000000 a 321.819825 239.175668 268.477187 52.201533 182.989071 253.001976 84.011904 137.091211 256.908544 126.905477 290.036205 220.676233 241.298570 194.589311 226.991189 289.913780 353.707506 177.564073 40.496913 119.004202 48.041649 217.919710 239.175668 24.515301 349.313613 215.406592 228.973798 240.208243 245.817005 177.924141 237.018987 127.561750 248.941760 176.816289 225.718852 275.036361 138.798415 90.603532 209.954757 193.080294 231.041122 240.052078 278.001799 292.308057 322.665461 326.193194 79.006329 284.416947 159.840546 134.836939 184.783657 207.740222 127.945301 287.767267 152.013157 198.909527 186.188077 70.767224 327.441598 164.793811 190.023683 280.215988 329.757487 179.805450 220.843836 217.958712 192.200416 253.160028 345.202839 190.055255 
184.000000 4.000000 3.000000 a 397.292084 298.412466 208.693555 135.181360 278.341517 161.941347 121.313643 52.697249 247.929425 156.204994 378.600053 129.957685 305.103261 200.249844 301.496269 333.803835 406.696447 121.202310 91.678787 66.490601 97.984693 307.402017 199.459269 100.239713 312.078516 149.214611 279.517441 218.130695 151.818971 260.909946 145.523194 120.337027 206.400097 259.416653 272.620616 231.525377 187.962762 167.886867 123.239604 116.828935 156.156972 278.280434 281.300551 343.209848 266.112758 400.565850 139.445330 311.081983 106.000000 191.384430 250.798724 214.189169 75.610846 213.600094 246.375729 234.008547 281.618536 53.000000 367.832842 129.838361 100.687636 220.689828 296.508010 108.300508 302.729252 215.334623 127.404866 219.419689 355.035210 285.411983 
130.000000 3.000000 1.000000 a 49.406477 150.479234 462.524594 322.453097 226.000000 524.203205 381.938477 422.427509 343.704815 410.991484 54.589376 535.280300 133.843192 302.512810 110.571244 194.517351 168.404275 407.357337 313.746713 441.480464 358.860697 112.401068 404.902457 308.301800 458.027292 443.072229 182.701943 368.435883 554.917111 315.670715 511.973632 330.492057 415.216811 146.372812 194.833262 430.564745 391.448592 329.247627 527.873091 446.767277 469.464589 217.020736 318.308027 168.133875 490.169358 56.080300 267.239593 252.035712 481.823619 225.144398 374.585104 300.707499 384.677787 508.260760 248.356598 235.342304 223.635865 393.223855 212.322867 482.203277 468.192268 469.359138 436.001147 431.115994 102.649890 321.236673 427.562861 398.503450 322.248351 224.182961 
121.000000 6.000000 3.000000 a 140.801278 117.200683 368.110038 190.588562 128.156155 408.314830 250.121970 299.641452 276.088754 281.328989 102.215459 406.400049 105.309069 218.508581 64.513564 187.042776 214.895323 298.100654 185.270073 309.187645 226.108381 35.128336 315.458397 177.589414 393.960658 336.857537 136.029409 288.196114 427.954437 208.470621 394.665681 219.856772 326.553212 24.186773 144.013888 346.978385 265.819488 201.156655 397.816541 333.240154 361.448475 171.400117 266.540804 171.828403 406.509532 146.741269 143.265488 222.679141 349.161854 117.038455 261.047888 222.407284 266.647708 407.603974 136.473441 162.855764 127.534309 261.000000 222.092323 349.496781 348.769265 377.001326 371.161690 317.441333 37.215588 243.074063 318.135191 315.545559 300.892007 130.146072 
250.000000 3.000000 3.000000 a 389.651126 291.384626 210.722566 128.471787 270.822820 168.315181 117.345643 56.797887 245.165250 153.574086 370.563085 137.905765 297.874134 196.022958 293.824778 327.661411 400.151221 122.004098 83.737686 69.354164 92.347171 299.347624 199.210943 92.179173 312.128179 151.644321 272.882759 216.314586 159.881206 254.756747 151.953940 116.017240 206.494552 251.467692 266.159726 231.872810 184.165686 161.830158 130.908365 120.415946 159.849930 272.325173 277.721083 336.689768 268.016791 392.970737 131.795296 305.949342 110.222502 184.165686 246.058936 210.009524 74.686009 217.462640 239.014644 228.063588 274.083929 49.678969 361.964087 132.517923 106.512910 222.748737 296.121597 111.040533 294.821980 211.853723 129.417928 218.709853 351.205068 277.893865 
270.000000 3.000000 3.000000 a 357.337376 240.052078 75.643903 282.455306 376.033243 179.888855 301.602387 156.894869 71.693793 343.110769 388.161049 267.267656 255.493640 85.702975 280.722283 230.217289 307.605267 82.298238 191.441897 263.150147 267.226496 334.539983 16.763055 210.876741 119.004202 85.615419 208.405854 30.886890 264.439029 401.926610 176.476627 104.201727 27.166155 275.655582 196.420467 48.383882 365.547535 320.806795 275.116339 116.901668 109.772492 181.121506 115.433964 252.448014 106.794195 356.785650 186.075254 178.966477 298.323650 183.709009 415.337212 88.600226 121.852370 125.936492 355.541840 153.052279 378.084647 242.243679 249.158584 326.038341 157.686398 81.320354 100.687636 110.163515 303.371060 69.771054 89.805345 22.803509 185.324041 382.174044 
124.000000 1.000000 3.000000 a 204.240055 102.415819 253.239018 171.828403 204.022058 303.222690 222.036033 204.137209 169.198109 263.190045 209.066975 323.443967 108.466585 106.625513 110.981981 150.119952 214.841802 187.544661 112.008928 247.386338 187.600640 150.003333 200.561711 117.085439 284.692817 224.877745 88.955045 175.413796 339.423040 254.701786 290.998282 109.772492 211.683726 91.005494 86.005814 232.647802 264.954713 201.645729 319.200564 225.942471 250.491517 103.368274 170.449406 152.610616 291.871547 206.649462 62.096699 152.856142 290.621747 5.385165 289.083033 113.145923 164.195006 293.945573 192.338244 69.115845 205.299781 201.757280 188.000000 301.643830 247.679228 262.017175 262.087772 210.237960 124.040316 132.619757 207.790760 201.613492 223.805719 209.153054 
121.000000 4.000000 4.000000 a 173.666347 64.288413 264.756492 282.143580 292.514957 353.578846 331.255189 278.958778 133.753505 372.978552 227.774011 404.071776 81.492331 109.877204 121.741529 47.010637 124.470880 234.181554 215.127869 346.135811 296.006757 198.879360 205.730406 224.055797 246.000000 261.197243 36.619667 164.158460 413.562571 356.910353 345.210081 173.666347 214.709106 152.735065 29.206164 225.488359 375.213273 311.436992 403.882409 277.416654 288.340077 9.433981 106.381389 64.031242 283.381368 171.819673 169.002959 50.249378 389.272398 114.982607 396.425277 102.078401 233.585102 314.925388 289.171230 53.488316 292.837839 303.815734 80.808415 404.421810 310.040320 269.386340 224.080343 263.685419 154.828938 119.473847 252.438111 194.427364 128.425075 296.150300 
147.000000 7.000000 1.000000 a 131.183078 97.416631 355.810343 198.539669 147.166572 401.478517 257.800310 295.203320 259.347258 290.929545 107.563934 405.493526 85.883642 203.420746 46.690470 167.287178 197.306868 288.904829 183.861361 311.905434 231.708869 49.477268 302.006622 178.213355 377.413566 327.024464 116.387285 273.124514 425.836823 225.534920 388.279538 210.582525 313.025558 16.278821 124.619421 332.728117 277.722883 212.268698 397.819054 325.442775 352.171833 152.052622 248.294180 152.502459 392.509872 136.488095 138.755180 203.066492 352.800227 105.546198 276.586334 206.526027 260.132658 396.717784 153.587109 145.464772 146.686741 263.638009 202.556165 355.012676 343.048102 364.351479 354.611055 309.633655 27.802878 227.369743 309.076042 301.039864 281.300551 149.412182 
169.000000 5.000000 5.000000 a 228.527898 134.134261 253.047426 138.462991 186.954540 288.404230 188.023935 182.781290 187.256509 229.264040 220.617316 297.699513 138.195514 121.827747 132.943597 184.133104 247.879003 178.213355 80.529498 216.011574 153.639188 155.003226 204.943895 83.677954 298.484505 217.441946 122.800651 186.507373 315.748317 228.429420 275.087259 100.404183 216.104142 98.432718 120.016666 239.169396 231.905153 169.516961 292.099298 212.924869 241.505694 136.623570 194.905105 186.131674 296.664794 231.700237 30.016662 184.764715 259.048258 29.017236 259.001930 131.244047 146.931957 289.338902 170.601876 99.368003 188.724667 169.543505 222.002252 268.812202 229.869528 262.834549 276.349417 197.121790 138.423264 148.448644 198.116128 209.745083 253.124475 192.753729 
230.000000 2.000000 1.000000 a 280.515597 171.685759 180.313616 322.948912 373.893033 292.473930 359.005571 251.676380 41.048752 402.325739 334.574356 371.845398 188.939144 82.861330 226.296266 135.340312 206.630104 185.440017 237.143417 345.220220 322.349190 298.077171 125.801431 252.922913 138.177422 197.709383 140.811931 81.835200 372.833743 423.036641 288.452769 160.801119 131.137333 244.705946 129.522199 132.612217 415.152984 358.468967 377.001326 225.656819 222.434260 104.086502 2.828427 161.409417 184.699756 278.037767 207.019323 75.960516 385.292097 172.539850 451.293696 69.289249 208.290662 232.639206 362.779547 105.688221 374.973332 312.808248 144.253250 408.166633 265.005660 181.466250 116.726175 216.011574 257.093368 64.070274 198.156504 106.831643 76.655072 378.726814 
133.000000 3.000000 4.000000 a 205.827598 112.641023 266.046988 154.466825 184.173831 308.176897 206.700266 204.482273 188.480768 247.018218 201.136769 320.357613 115.870618 124.811858 110.390217 166.147525 227.129919 195.489130 103.077641 238.379949 173.277235 138.050715 215.244048 105.004762 302.986798 233.985042 104.000000 192.595431 338.096140 234.136712 295.237193 117.153745 226.417755 79.831072 102.703457 248.294180 246.941289 182.887944 314.874578 231.872810 258.814605 122.122889 190.924069 166.207701 306.936476 208.942576 52.697249 172.539850 281.314770 18.601075 269.180237 132.230859 167.263266 304.685083 171.828403 89.587946 185.550532 191.595929 204.413796 290.330846 250.599282 275.307101 280.494207 216.067119 117.630778 151.158857 215.615398 217.800367 244.229400 189.446562 
169.000000 5.000000 5.000000 a 399.592292 282.809123 43.566042 321.622449 421.118748 168.807583 335.529432 177.132719 99.297533 375.660751 433.664617 272.734303 298.718931 130.464555 325.676220 266.593323 342.171010 102.727796 231.607426 287.179386 302.645007 380.821480 31.953091 251.286689 89.319651 85.988371 250.784768 64.513564 264.272587 443.717252 169.705627 146.294224 21.023796 321.972048 238.665037 9.000000 400.945133 360.034721 283.557754 123.555655 101.400197 221.108571 141.113430 290.341179 60.406953 398.647714 230.633909 211.340957 318.472919 230.097805 453.895362 131.400152 150.864177 95.268043 399.742417 196.786687 423.249335 272.605943 281.325434 348.518292 163.624570 43.185646 77.781746 122.702893 349.116027 111.085553 100.900942 34.176015 201.943061 427.351144 
110.000000 7.000000 5.000000 a 390.322943 287.716875 186.676190 148.475587 286.923335 149.083869 141.173652 34.205263 226.614210 177.654158 377.127299 136.124943 295.487732 181.220860 295.006780 319.339944 393.605132 98.473347 90.376988 88.600226 114.769334 306.882714 176.649370 102.883429 289.254213 127.561750 267.052429 195.969385 153.837577 275.769832 133.003759 101.980390 183.575598 256.281096 259.470615 208.722304 208.021633 183.240279 132.608446 96.747093 136.191042 263.319198 261.007663 330.121190 244.002049 393.214954 133.843192 293.743085 126.479247 182.222392 269.222956 195.028203 53.160135 193.871091 256.070303 219.155196 290.079300 73.756356 352.423041 151.832144 86.284413 198.698264 273.707873 87.005747 298.804284 195.002564 105.361283 196.697738 335.053727 293.981292 
298.000000 7.000000 3.000000 a 385.406279 332.254421 386.214966 77.388630 160.776242 343.493814 64.560050 237.023206 382.256458 53.225934 324.229857 268.067156 329.024315 318.893399 301.159426 393.451395 446.010090 294.803324 166.234774 154.466825 90.210864 257.963176 362.751981 148.408221 474.175073 329.220291 331.072500 365.920756 300.006667 94.578010 327.029051 253.160028 372.034945 243.248844 330.945615 398.207232 21.189620 46.097722 250.449596 300.323159 339.755795 350.258476 401.154584 389.802514 442.304194 391.453701 194.617574 399.040098 170.484603 242.538657 66.128662 331.605187 244.008197 397.451884 128.600156 313.427823 164.268074 132.400906 431.912028 149.602807 284.677010 398.207232 455.027472 289.834435 281.684220 343.021865 306.197649 377.915334 465.352555 166.243797 
229.000000 5.000000 2.000000 a 57.706152 137.364479 444.830305 296.905709 202.714084 502.696728 356.387430 399.439607 330.000000 385.498379 38.275318 511.124251 120.203993 285.567855 90.956033 188.679623 173.254149 386.803568 289.499568 416.394044 333.421655 87.091905 387.831149 283.593018 445.818349 423.180812 169.106475 352.740698 531.202410 292.104433 490.175479 309.376793 398.339052 121.827747 181.044193 414.672160 366.230802 303.817379 503.433213 425.556107 449.321711 204.882893 307.117241 163.370744 474.536616 65.299311 243.655494 243.756026 456.579675 203.531324 350.526746 284.692817 362.491379 489.575326 223.986607 219.209945 200.489401 368.154859 210.618138 456.737342 445.920396 452.063049 423.520956 409.838993 78.600254 305.476677 407.044224 382.538887 316.715961 201.248602 
289.000000 9.000000 2.000000 a 222.200360 114.402797 230.262893 176.646540 223.033630 282.936389 222.811580 187.395304 149.495819 265.062257 231.464900 309.006472 123.069086 85.428333 131.034347 152.777616 222.467975 166.012048 106.212052 239.401337 187.171045 173.002890 177.634456 115.004348 263.592489 202.773272 95.078915 153.378617 323.426962 268.633579 271.154937 89.067390 188.767052 114.004386 89.286057 209.938086 270.325729 209.093281 305.918290 205.302216 228.650388 101.004950 154.673850 159.176003 269.031597 224.109348 60.406953 146.321564 282.718942 21.587033 299.362656 93.193347 145.715476 271.280298 209.124365 60.415230 224.510579 195.563289 189.401690 296.141858 228.805594 239.018828 241.107860 189.707670 146.249786 111.825757 186.252517 179.078195 212.903734 228.442553 
267.000000 8.000000 3.000000 a 346.301891 248.455227 210.535033 110.571244 241.051862 194.435079 120.801490 78.517514 219.164322 162.603813 329.341768 180.546393 254.636997 163.768129 250.511477 286.965155 358.231769 119.037809 42.059482 104.923782 86.977008 258.750845 187.018716 54.918121 299.541316 155.682369 230.846269 195.532606 200.810856 237.945372 178.809955 85.726309 195.931110 209.200860 224.610774 222.072060 185.348321 148.060798 174.229733 132.442440 170.496334 232.361787 247.503535 294.884723 266.007519 349.584039 88.459030 268.901469 147.959454 140.982268 239.708156 177.766701 68.476273 227.431308 211.340957 188.297637 244.100389 66.910388 322.094707 165.148418 131.461021 222.441003 281.440935 119.251834 252.239965 182.879742 132.423563 203.600098 319.390044 248.072570 
188.000000 6.000000 4.000000 a 298.511306 291.780740 463.953661 160.112460 48.332184 455.742252 197.699267 340.324845 414.010869 201.062179 214.755675 403.421616 281.314770 348.749194 240.852652 361.437408 390.225576 376.095732 231.639807 288.196114 201.318156 168.671278 424.577437 212.720474 524.626534 415.486462 305.103261 412.112849 433.364742 58.137767 439.550907 310.543073 435.404410 189.897341 310.412629 460.245587 164.839316 133.416641 387.827281 396.056814 433.240118 336.264777 417.597893 347.955457 514.231465 305.785873 226.311732 389.062977 313.129366 245.458754 118.431415 357.800224 328.975683 488.959098 56.824291 313.958596 49.040799 251.453773 397.654373 296.141858 392.998728 475.110513 502.757397 382.231605 209.659247 375.373148 392.665252 433.004619 465.549138 46.840154 
188.000000 5.000000 3.000000 a 429.773196 323.558341 169.283785 189.594304 330.856464 107.354553 173.461811 23.259407 237.539470 204.792578 420.373643 101.965681 332.583824 202.385770 335.201432 349.177605 425.377479 93.904207 134.629120 99.764723 152.397507 350.616600 173.769963 147.526269 281.952124 109.658561 300.629340 202.061872 113.899078 315.483756 90.934042 128.502918 178.305917 298.933103 292.071909 201.136769 239.269722 222.445499 103.846040 72.670489 109.658561 292.745623 276.061587 362.249914 226.318360 432.297351 175.866427 317.653900 126.142776 220.780434 303.842064 215.418198 68.942005 165.302753 299.541316 249.359179 334.055385 105.342299 380.190742 157.435701 47.010637 180.853532 269.245241 70.007142 340.865076 211.217897 91.760558 195.971937 350.442577 337.923068 
282.000000 8.000000 1.000000 a 454.696602 350.647972 192.782261 195.576072 341.247711 110.494344 170.073514 53.450912 267.904834 196.173393 440.855986 72.945185 359.026461 232.774569 359.488526 378.419080 454.138745 123.199026 153.495928 85.586214 155.012903 370.129707 202.237484 163.719272 308.358558 134.480482 328.660919 232.002155 89.403579 317.833290 94.366308 157.876534 206.118898 320.494930 320.440322 228.035085 233.379519 225.179928 73.375745 96.566040 129.849913 322.024844 306.623548 390.851634 248.845333 457.503005 198.345658 347.908034 103.227903 246.219414 300.306510 245.880052 99.020200 182.123584 308.753947 278.373849 344.576552 105.171289 409.913405 136.359818 61.400326 203.931361 296.622656 97.082439 363.209306 241.811910 118.878089 224.750973 380.990814 348.310207 
241.000000 5.000000 1.000000 a 149.576068 119.037809 361.005540 181.135309 124.779806 399.405809 240.651200 290.291233 271.692841 272.249885 111.830228 396.601815 108.258949 213.025820 69.426220 188.904738 220.077259 289.886185 175.570499 299.294170 216.363121 43.174066 308.933650 167.737891 389.313498 328.823661 135.771867 282.603963 418.259489 202.785601 385.659176 211.747491 320.057807 19.723083 143.087386 340.851874 257.390754 192.442199 387.963916 324.599754 353.220894 170.293864 263.609560 174.897113 400.209945 155.360870 134.078335 222.144097 339.299278 110.072703 254.283307 217.441946 257.730479 399.906239 130.816666 159.248234 124.422667 251.103564 224.661968 339.767568 339.638043 370.048645 366.531036 308.812241 45.354162 237.951676 309.864487 309.588436 300.216588 127.263506 
205.000000 9.000000 2.000000 a 109.041277 106.099010 380.276215 368.289288 331.144983 473.763654 423.820717 396.610640 242.470617 462.403503 200.212387 521.095001 107.074740 229.863003 139.832042 75.604233 11.180340 354.419243 318.788331 453.894261 391.471583 212.322867 321.740579 323.210458 340.308683 380.938315 120.303782 278.255278 532.184179 412.040047 465.450320 291.564744 329.802971 196.596033 127.769323 336.952519 456.246644 390.155097 519.581562 397.645571 408.002451 129.495174 204.462711 57.428216 391.541824 102.625533 268.812202 131.183078 497.193121 212.190952 462.165555 221.165097 351.778339 431.592400 340.073521 170.801054 330.151480 408.570679 66.483081 508.327650 429.829036 383.646973 320.777181 383.838508 169.499263 236.812162 372.651312 307.668653 181.044193 332.356736 
136.000000 5.000000 5.000000 a 167.170572 51.156622 266.101484 259.855729 269.267525 347.522661 310.006452 266.810794 142.126704 351.364483 212.426458 391.371946 68.007353 106.943911 104.120123 63.150614 135.694510 227.466481 195.800919 328.566584 275.147233 178.619708 207.280004 203.629566 257.856549 257.157539 19.000000 168.077363 402.457451 333.204142 338.236604 161.820889 216.946998 130.299655 7.280110 230.184708 352.637207 288.522096 390.185853 270.351623 284.355411 20.615528 120.784933 72.401657 289.276684 166.337007 148.337453 73.000000 371.840019 93.085982 372.930288 101.950969 222.036033 314.884106 265.529659 41.725292 269.651627 285.170125 100.179838 385.762881 300.960130 271.692841 235.478237 256.007812 135.771867 121.457812 246.473122 198.403629 150.655236 273.007326 
221.000000 1.000000 5.000000 a 48.836462 163.682620 477.980125 374.769262 287.179386 552.211010 434.245322 457.192520 349.252058 465.620017 116.619038 574.930431 150.233152 318.311169 144.422990 185.690603 136.014705 432.906456 355.444792 487.447433 408.711390 170.017646 419.144367 352.604594 457.564203 465.928106 194.339908 379.158278 592.203512 376.579341 541.192202 359.089125 428.724853 192.937814 206.155281 440.910422 448.414986 384.832431 569.148487 474.275237 492.931030 222.697104 317.647603 158.911925 499.049096 46.872167 306.471858 246.077224 528.985822 257.856549 434.835601 313.829572 416.524909 526.457026 308.131465 250.954179 284.929816 439.300580 192.262841 531.988722 499.607846 483.497673 436.569582 459.017429 149.482440 333.114095 452.762631 409.518009 307.102589 285.632631 
171.000000 6.000000 4.000000 a 284.028168 179.724790 193.080294 343.460332 390.493278 309.040450 380.139448 272.150694 58.189346 423.463103 343.209848 391.471583 196.939077 104.120123 236.247751 135.624482 202.141040 204.707108 258.193726 366.488745 343.470523 310.382023 141.155942 273.775455 136.894120 214.848784 150.216510 98.488578 391.655461 441.815572 305.722096 182.164761 145.340978 258.642611 139.645981 143.544418 435.900218 378.704370 397.030226 244.131112 238.838858 112.893755 19.924859 162.443836 191.668985 281.016014 227.107904 75.239617 406.444338 190.507218 471.169821 90.443352 229.106962 245.246814 380.489159 121.379570 391.451146 334.185577 138.715536 429.470604 283.924286 193.103599 117.046999 235.053185 268.156671 85.287748 216.621790 120.673112 56.753854 395.141747 
237.000000 8.000000 2.000000 a 343.861891 263.153947 278.195974 45.541190 189.931567 251.246891 61.131007 137.102152 276.421779 104.403065 308.379636 207.337888 265.005660 215.406592 249.559612 314.078016 377.785654 186.681547 61.032778 100.005000 24.515301 236.211769 253.148178 48.041649 364.736891 222.766694 253.160028 257.489806 234.326695 172.956642 234.940418 144.779142 262.451900 198.032826 249.883973 288.624323 120.208153 81.154174 195.058965 197.101497 236.019067 264.007576 299.282475 316.469588 333.640525 348.414982 103.077641 307.883095 139.053946 159.022011 172.046505 228.816520 136.003676 293.470612 157.165518 222.575830 193.310631 53.000000 351.569339 141.767415 188.939144 290.110324 345.827992 185.010810 241.919408 237.968485 199.529446 268.486499 367.491497 196.977156 
197.000000 3.000000 2.000000 a 136.124943 180.767807 457.316083 251.031870 131.897688 495.390755 308.622747 384.400832 360.111094 331.657956 44.011362 484.664833 164.477962 305.576504 122.102416 244.826469 245.863783 387.020671 267.151642 380.468133 291.907520 54.230987 404.100235 256.353272 478.223797 425.988263 207.858125 375.246586 508.381746 221.461058 481.319021 308.910990 415.145758 113.110565 218.194867 434.967815 306.863162 249.401283 474.275237 421.286126 450.344313 245.155053 345.648666 222.912539 494.737304 143.735869 229.686743 292.118127 417.397892 206.293480 281.810220 308.301800 353.841773 496.942653 158.776573 245.782424 129.120099 333.421655 273.386174 412.292372 434.839051 466.086902 455.449229 405.526818 89.810912 329.229403 406.970515 403.271621 369.265487 129.031004 
171.000000 1.000000 1.000000 a 335.005970 218.357505 106.004717 233.555133 330.163596 176.082367 254.064952 122.200655 94.005319 296.057427 355.449012 242.332416 232.124966 67.896981 251.240920 222.829531 301.310471 58.309519 142.523682 221.939181 219.200821 297.284376 59.481089 161.969133 167.621598 84.314886 188.679623 62.968246 245.155053 353.344025 168.371613 55.470713 70.263789 238.354778 177.504930 95.383437 317.345238 271.897039 247.131544 101.257099 111.503363 168.505193 132.196823 241.497412 149.913308 335.417650 139.517024 180.759509 259.649764 145.168867 366.456000 78.006410 80.752709 147.461859 308.462315 131.764942 332.356736 196.888293 248.211603 285.271800 137.753403 115.351636 148.529458 89.067390 270.120344 68.709534 75.166482 71.421285 206.494552 336.466937 
131.000000 9.000000 2.000000 a 42.426407 159.100597 474.341649 353.645303 260.969347 542.971454 413.185189 444.668416 349.676994 443.365538 89.202018 560.244589 143.961800 314.027069 130.418557 191.316492 151.608047 424.590391 339.458392 469.614736 388.870158 145.784087 415.914655 335.375908 460.977223 458.911756 190.937162 377.385744 578.662250 350.583799 531.377455 349.181901 425.849739 174.011494 203.039405 439.482650 424.872922 362.012431 553.675898 465.145139 485.687142 222.272355 320.688322 164.304595 498.402448 45.011110 291.496141 251.031870 510.600627 245.635909 409.307953 310.721740 405.277683 521.668477 282.878066 246.351375 258.631011 421.359704 203.002463 512.289957 488.713618 480.463318 439.476962 449.677662 130.000000 330.650873 444.649300 407.708229 316.469588 259.208410 
297.000000 4.000000 1.000000 a 344.261528 230.367098 112.800709 325.731485 402.617685 233.053642 351.229270 215.244048 37.121422 393.686423 389.082254 325.960120 247.202346 94.810337 279.715927 203.769478 276.848334 141.226768 234.887207 319.640423 315.683386 343.960754 65.734314 253.387056 83.570330 141.661569 198.204440 35.777088 322.083840 438.854190 231.521057 148.121572 67.230945 286.810042 186.131674 62.936476 413.058107 363.495530 334.073345 175.145654 163.193137 164.477962 73.246160 228.962879 114.634201 342.476277 218.819560 145.797805 355.990168 201.357890 458.245567 88.543774 177.881983 164.784708 386.077712 150.336290 404.249923 295.465734 214.723077 382.838086 216.122650 112.485555 60.926185 169.073948 307.167707 68.541958 148.408221 43.011626 132.924791 408.231552 
286.000000 7.000000 1.000000 a 329.874218 213.377600 107.335921 289.278413 369.867544 214.953483 314.707801 183.273020 36.674242 357.239416 367.001362 298.564901 229.512527 65.115282 258.193726 197.739728 274.361076 111.758669 198.345658 285.224473 279.100340 317.647603 49.517674 216.933169 115.762688 120.303782 181.245690 5.385165 297.410491 403.447642 211.142132 111.503363 56.859476 259.478323 169.097605 67.468511 376.438574 327.123830 305.286750 149.723078 144.917218 151.221692 80.262071 220.927590 127.011810 328.841907 183.806964 144.692778 322.552321 170.762994 421.900462 63.031738 143.753261 159.012578 352.132077 128.390031 371.635574 259.617026 214.981395 348.542680 189.931567 110.941426 94.047860 141.410749 283.346078 42.107007 122.262014 35.735137 151.162165 375.659420 
173.000000 6.000000 4.000000 a 63.324561 95.126232 399.712397 267.082384 193.889144 458.872531 326.496554 357.351368 286.174772 358.620970 68.622154 471.410649 77.878110 240.559764 45.880279 153.323188 154.547727 342.317104 250.315801 380.468133 300.815558 72.006944 342.772519 246.107700 402.703365 378.399260 126.019840 308.016233 490.407993 280.144606 446.609449 265.228204 353.307232 85.146932 137.713471 369.855377 343.209848 278.648524 464.573998 381.494430 404.645524 162.606888 265.022641 130.207527 429.773196 69.426220 202.829978 204.707108 421.645586 159.777971 335.483234 239.920820 319.330550 444.504218 209.021530 174.484956 192.353841 332.231847 180.277564 424.128518 402.851089 406.970515 380.265697 365.825095 41.593269 260.768096 362.542411 337.715857 280.016071 194.002577 
161.000000 9.000000 4.000000 a 585.642382 476.598363 235.594991 327.246085 475.194697 107.707938 290.759351 177.428859 356.287805 304.657184 576.938472 84.053554 486.785374 340.640573 491.678757 494.417839 572.386233 215.522621 289.946547 198.567369 284.564580 506.628069 274.590604 300.612708 353.362420 199.461776 451.453209 315.792653 52.239832 442.386709 108.632408 277.937043 272.926730 455.808074 441.889126 285.271800 345.418587 352.423041 102.703457 172.699160 176.773867 438.543042 399.452125 510.483105 276.028984 587.881791 332.825780 454.528327 185.827877 376.706783 414.482810 351.688783 218.552053 195.041021 441.901573 397.200201 478.611534 234.829726 521.725023 216.171228 137.905765 242.123935 350.035712 185.000000 497.848370 341.480600 199.699775 296.946123 470.389201 482.215719 
175.000000 9.000000 2.000000 a 352.404597 236.038133 94.047860 235.053185 338.600059 157.699081 251.286689 109.165013 107.670795 292.479059 370.666966 226.585525 249.559612 86.278618 267.529438 241.207380 319.690475 40.718546 145.055162 212.849712 217.414351 311.088412 56.568542 164.754363 169.011834 66.370174 206.634944 72.560320 228.238910 357.404533 150.083310 61.684682 66.068147 252.343021 195.555619 92.195445 315.825901 273.470291 232.215417 83.216585 93.493315 186.868938 147.709174 259.855729 142.351677 352.943338 148.192442 198.645413 249.070271 159.260792 367.483333 96.213305 71.168813 132.018938 315.545559 149.773162 340.929612 191.261601 266.400075 275.960142 120.540450 104.345580 151.476071 71.589105 285.378696 85.866175 56.850682 73.573093 221.616786 345.050721 
250.000000 9.000000 5.000000 a 367.310495 256.195238 120.552893 360.111094 436.646310 247.145706 384.480169 242.785914 66.098411 426.691926 417.252921 348.001437 273.309349 128.631256 308.016233 222.245360 291.204396 167.487313 269.133796 349.463875 349.194788 374.862642 87.692645 287.767267 52.469038 161.111762 224.437074 69.202601 341.410310 473.565201 247.759964 182.002747 85.000000 318.441517 212.602916 69.641941 446.864633 397.959797 357.505245 197.091349 179.201004 189.002645 89.442719 248.485412 104.890419 364.983561 253.513313 162.265215 384.502276 234.797785 492.733194 121.247680 207.992788 169.531708 420.519916 180.205438 438.224828 327.360657 227.853023 412.368767 238.033611 116.730459 30.016662 193.145023 336.732832 102.083299 171.656634 65.306967 131.590273 442.187743 
136.000000 1.000000 1.000000 a 492.403290 398.963657 275.675534 188.042548 335.529432 180.380154 140.801278 128.875909 344.117712 149.003356 462.934121 72.780492 404.477441 301.532751 396.648459 436.771107 508.944005 203.577995 186.142419 54.817880 144.917218 390.755678 283.637092 187.877620 391.173874 217.469538 381.580922 310.452895 105.759160 291.053260 166.207701 222.272355 288.140591 349.383743 375.105319 310.628395 190.010526 205.572372 53.460266 179.568928 212.058954 381.389565 380.336693 445.538999 331.400060 496.271095 236.501586 413.823634 29.832868 291.235300 259.001930 315.298271 170.026469 261.910290 301.166067 337.120157 339.094382 102.552426 470.978768 62.609903 143.178211 286.722863 378.984169 179.401784 393.411998 314.459854 201.241149 305.746627 454.633919 342.301037 
209.000000 3.000000 2.000000 a 508.780896 392.903296 106.404887 322.628269 457.109396 35.608988 309.011327 140.071410 240.000000 338.545418 520.216301 158.808060 406.099741 241.811910 421.375130 395.479456 473.777374 124.615408 253.049402 228.779370 287.503043 455.724698 155.206314 270.046292 220.911747 90.697299 363.633057 199.444228 137.419067 449.805514 49.678969 202.410474 150.632002 398.760580 352.512411 157.699081 374.364795 357.022408 176.139150 88.283634 63.513778 342.667477 283.804510 415.579114 143.013985 509.544895 280.492424 347.351407 241.671264 308.423410 439.491752 249.803923 157.035028 62.032250 427.852778 306.752343 460.069560 241.018671 417.214573 275.827845 88.887569 111.126055 219.020547 103.942292 435.827948 234.827596 104.388697 175.328264 350.047140 464.087276 
103.000000 2.000000 1.000000 a 128.875909 128.817701 393.325565 209.403916 127.475488 434.222293 268.821502 325.203014 298.115749 297.865742 77.420927 430.698270 114.629839 242.123935 70.936591 197.436066 215.967590 324.003086 210.097596 331.639865 246.756965 10.770330 340.147027 201.603571 416.203075 362.691329 151.716842 311.841306 452.739439 213.114992 420.529428 245.733596 351.205068 49.162994 160.878836 371.214224 279.546061 216.393161 421.691831 359.200501 387.351262 188.308258 286.248144 179.401784 430.910664 135.532284 169.000000 238.075618 370.912389 142.351677 268.745233 245.350769 292.549141 433.253967 142.088001 184.097800 126.146740 283.621226 230.410503 369.802650 374.553067 402.079594 393.401830 343.402097 36.619667 266.182268 344.052322 339.607126 316.218279 128.062485 
298.000000 2.000000 3.000000 a 216.981566 143.087386 295.717771 119.941652 142.779550 321.976707 176.570099 211.009478 230.288949 214.112120 191.755052 317.056777 141.718030 165.360213 122.539789 203.855341 257.856549 217.278623 95.692215 223.215143 146.700375 121.671689 248.909622 89.106678 342.649967 257.124483 141.598023 230.835439 338.368143 189.994737 307.761271 141.226768 260.048072 72.835431 142.442971 283.365488 209.289273 143.784561 308.933650 248.919666 280.030355 164.158460 234.797785 200.122463 340.523127 221.415898 56.718604 215.573653 264.620483 62.289646 226.592145 174.025860 180.712479 330.013636 128.144450 133.701159 144.474911 175.000000 242.324163 268.793601 261.216385 305.790778 320.432520 233.283090 116.777566 191.971352 236.685445 254.096438 288.225606 148.485690 
187.000000 5.000000 2.000000 a 460.722259 343.918595 41.677332 361.933696 472.245699 149.214611 367.490136 197.385410 158.319298 404.882699 493.623338 267.912299 359.780489 190.918831 386.121742 326.534837 401.143366 133.146536 275.181758 306.419647 337.468517 439.092245 89.140339 294.811804 102.357218 99.724621 311.910243 125.574679 252.414342 487.462819 155.977562 195.327929 78.313473 380.106564 299.793262 64.078077 434.165867 399.939995 282.194968 134.465609 98.615415 282.081548 198.040400 350.720687 23.021729 459.761895 281.831510 270.025925 331.484540 287.391719 491.741802 192.418814 183.883115 58.008620 448.759401 257.701378 474.587189 300.960130 339.418621 363.917573 167.451486 29.966648 104.656581 140.716026 408.765214 172.200465 122.024588 95.210294 251.793566 478.708680 
140.000000 4.000000 4.000000 a 28.844410 103.174609 416.000000 336.150264 271.140185 493.122703 394.798683 401.639142 286.932048 429.400745 122.413235 521.829474 91.438504 256.719691 97.308787 125.004000 90.271812 373.343006 305.640311 440.065904 366.349560 149.214611 357.095225 305.131119 396.025252 405.423236 132.834483 316.865902 537.492326 357.358364 482.603357 301.144484 366.589689 153.310143 144.461067 378.572318 416.750525 351.318943 517.247523 415.249323 432.522832 160.352736 255.884740 98.000000 436.688676 22.847319 255.519080 185.097272 482.498705 203.482186 412.146819 251.849161 359.680414 464.811790 286.027971 189.707670 269.551479 392.448723 136.682113 488.382023 442.118762 421.370383 374.833296 400.202449 114.629839 270.957561 393.005089 347.220391 249.729854 271.118055 
224.000000 7.000000 4.000000 a 241.671264 237.453153 436.903880 160.461833 14.422205 444.014639 210.535033 328.032011 373.016085 224.931101 160.822884 407.103181 226.119437 309.118100 184.743065 307.332068 333.376664 353.009915 212.021225 294.552203 203.924005 111.400180 392.756922 195.125601 487.016427 393.066152 253.013834 375.485020 434.885042 103.324731 428.351491 281.604332 403.832886 136.400147 259.268201 427.618989 194.905105 146.013698 393.489517 378.223479 413.319489 285.842614 372.413748 292.658504 483.993802 248.887525 195.000000 338.422812 325.591769 203.061567 163.810867 316.791730 309.413962 466.871503 47.801674 267.525700 11.180340 252.057533 342.848363 314.101894 381.030183 447.493017 464.668699 363.446007 152.856142 335.596484 371.055252 398.694118 415.865363 11.045361 
264.000000 1.000000 4.000000 a 59.640590 61.400326 375.474367 280.930596 226.808289 444.460347 339.324329 349.126052 254.568262 374.513017 108.673824 467.847197 45.122057 215.127869 41.761226 112.254176 116.077560 325.591769 250.281841 384.360508 310.543073 107.424392 317.320028 249.359179 369.135476 359.573358 93.648278 279.873186 484.430594 309.725685 433.221652 251.023903 327.433963 99.141313 105.801701 342.040933 363.188656 297.405447 462.731023 366.547405 386.394876 128.015624 229.786858 88.481637 401.462327 61.619802 200.412075 165.939748 426.708331 149.933319 362.270617 212.492353 308.293691 422.403835 237.775104 147.526269 225.683407 336.661551 138.408815 432.483526 391.400051 381.874325 347.023054 351.193679 65.306967 232.793900 345.583564 310.059672 239.770724 227.771816 
179.000000 4.000000 5.000000 a 100.079968 128.362767 414.342853 243.238566 153.117602 461.824642 302.645007 354.764711 310.885831 331.386481 47.169906 462.603502 112.004464 259.030886 70.007142 192.608411 198.829072 349.171877 241.346224 364.891765 280.492424 33.241540 359.450970 233.805475 428.788992 387.091720 156.016025 328.298645 483.985537 241.298570 448.546542 270.880047 370.345784 75.153177 166.652333 389.005141 312.270716 249.689808 454.031937 385.849712 412.393016 193.352011 294.531832 171.265875 449.000000 107.228727 198.176689 239.726928 404.431700 165.423698 298.558202 260.622332 320.390387 456.247740 171.685759 196.725697 151.267974 316.783838 222.049544 403.600050 403.133973 422.536389 406.078810 370.040538 40.049969 281.641616 369.362965 357.035012 316.791730 152.554908 
264.000000 8.000000 5.000000 a 383.835902 317.516929 341.552339 55.108983 183.349393 296.735573 18.110770 190.588562 346.236913 39.204592 332.861833 225.077764 316.659123 284.810463 294.090122 374.085552 432.560978 250.449596 130.268953 110.072703 47.010637 262.908729 320.806795 114.791115 433.148935 283.876734 312.001603 327.001529 256.382527 133.958949 280.264161 214.443466 329.705930 237.810849 310.272461 355.832826 51.623638 50.803543 208.319466 254.169235 293.615395 326.987767 368.419598 373.483601 398.076626 389.281389 166.721324 373.246567 131.912850 219.583697 112.946890 298.077171 199.809910 351.271974 149.030198 287.383020 186.954540 85.615419 412.237795 117.324337 237.876018 353.577431 414.673365 244.073759 279.474507 307.688154 261.007663 337.028189 435.542191 189.707670 
276.000000 9.000000 2.000000 a 318.713037 219.829479 199.022612 384.532183 434.424907 322.614321 418.936749 300.106648 85.158675 462.195846 382.989556 414.786692 236.864940 143.125819 277.461709 168.760185 226.559043 228.492888 297.607124 399.489674 382.384623 352.943338 155.708060 313.944263 115.974135 231.624696 191.595929 119.205705 411.844631 485.136063 321.446730 217.720004 156.850247 302.049665 181.573677 147.597425 476.282479 420.343907 422.067530 264.518430 253.001976 154.353490 61.846584 195.739623 184.588732 315.074594 269.057615 110.421918 438.097021 234.181554 513.385820 130.176803 259.306768 249.359179 424.285281 165.302753 435.380294 369.943239 163.487003 462.792610 305.334243 196.369550 101.044545 257.526698 310.035482 120.813906 237.446836 132.966161 53.712196 439.068332 
246.000000 1.000000 3.000000 a 370.297178 295.967904 308.025973 44.687806 191.094218 268.033580 23.537205 158.902486 313.499601 66.760767 327.024464 206.421898 296.622656 252.936751 277.800288 349.322201 411.004866 216.778689 98.671171 91.706052 13.416408 255.501468 286.839676 85.000000 399.224248 250.726943 287.841971 293.455278 236.241402 156.259400 251.543237 181.107703 295.736369 223.606798 285.175385 321.864878 85.562842 64.195015 191.376592 221.882852 261.296766 300.281535 336.875348 350.525320 364.396762 375.289222 139.176147 344.947822 122.886126 194.126248 144.003472 266.390691 166.066252 319.001567 156.780101 259.408944 194.653538 56.568542 387.104637 117.290238 207.781135 320.039060 380.825419 211.286535 266.720828 275.263510 227.747667 303.133634 405.113564 197.891384 
266.000000 6.000000 4.000000 a 69.634761 165.849329 473.152195 398.329010 321.038938 555.446667 457.389331 466.048281 339.536449 490.811573 154.563903 586.693276 155.589203 315.905049 161.058995 171.746907 109.114619 435.405558 370.563085 504.774207 429.847647 200.997512 414.120755 369.756677 442.665788 466.228485 193.437328 372.339898 602.050662 409.646189 545.366849 364.660116 423.104006 215.037206 204.416242 433.077360 476.111332 411.400049 582.219890 477.745748 493.413620 216.480946 304.529145 146.536685 489.718286 63.600314 320.494930 231.387122 547.083175 268.365423 466.686190 309.743442 423.656701 523.068829 339.807298 250.199920 319.006270 457.043762 170.496334 552.349527 505.665898 477.744702 422.522189 462.904958 173.657709 327.818547 454.814248 402.483540 285.142070 320.006250 
209.000000 9.000000 5.000000 a 440.101125 371.098370 358.810535 110.679718 233.773395 293.886032 53.338541 201.536597 382.744040 23.323808 388.579464 202.091563 371.052557 324.721419 349.817095 425.301070 486.211888 270.662151 172.455791 98.005102 88.141931 319.023510 346.698716 160.449369 459.853237 299.173862 363.727920 359.116973 234.931905 170.698565 277.893865 249.208748 354.492595 293.899643 361.167551 380.131556 62.817195 103.855669 183.095603 265.377090 304.041116 376.191441 408.922976 426.174847 416.249925 445.498597 215.083705 420.309410 100.179838 270.118493 130.552671 338.462701 222.182358 360.456655 200.172426 335.010448 237.345739 100.404183 463.107979 74.525164 241.101638 370.793743 442.995485 258.118190 335.769266 345.648666 277.546393 365.120528 478.658542 239.708156 
120.000000 2.000000 4.000000 a 504.287616 392.322571 151.003311 279.114672 421.099751 28.844410 257.099203 103.846040 266.030073 282.660574 503.778721 94.826157 403.555448 251.628695 412.243860 406.132983 484.405822 126.210142 222.427516 171.230838 240.303974 435.643203 185.054046 236.712906 271.149405 109.444050 365.771787 225.623580 76.941536 403.629781 20.000000 193.829822 184.092368 381.567818 355.709151 198.456544 320.357613 310.652539 111.772090 83.006024 88.283634 350.703579 309.129423 423.190265 198.295234 506.003953 258.936286 364.725924 179.401784 296.905709 387.397728 262.255601 137.200583 119.549153 389.802514 310.427125 424.287638 191.211924 432.453466 213.600094 53.712196 159.201131 265.318676 96.332757 421.826979 251.435877 109.603832 207.692080 380.311714 428.164688 
102.000000 3.000000 2.000000 a 60.415230 81.884064 389.771728 269.631230 203.767024 452.039821 328.791727 352.414529 274.007299 362.084244 82.637764 468.158093 64.629715 230.054341 38.275318 138.924440 141.777995 334.623669 247.891105 379.668276 301.943703 82.565126 332.416907 244.804003 390.079479 370.094583 113.282832 296.840024 486.362005 288.764610 440.095444 258.182106 342.838154 86.406018 125.143917 358.832830 348.173807 283.049466 461.897175 374.414209 396.547601 149.482440 251.882909 115.801554 418.646629 65.391131 199.409127 190.706581 421.303928 153.652205 343.052474 228.844926 313.413465 435.247056 217.186556 163.355441 202.405534 331.544869 165.951800 424.948232 396.919387 396.778276 367.720002 358.825863 45.541190 249.575640 354.802762 326.710881 265.753645 204.247399 
254.000000 7.000000 4.000000 a 387.253147 298.412466 255.431008 92.227978 239.970832 209.344214 72.201108 101.710373 279.308074 108.903627 357.191825 156.387340 302.423544 224.588513 291.780740 342.649967 411.108258 165.680415 84.433406 52.430907 51.039201 285.047364 240.740524 82.680106 353.899703 196.664689 284.200633 253.836562 183.806964 214.238185 192.854868 146.249786 248.654379 243.402958 279.159453 274.401166 138.974818 121.334249 144.138822 165.592874 205.009756 289.364822 308.314774 348.363316 312.569992 391.342561 134.629120 328.219439 94.826157 191.039263 201.692836 238.581223 116.400172 262.573799 206.651881 245.837345 243.402958 6.082763 378.794139 106.367288 149.271565 267.469624 337.000000 156.208194 287.445647 243.526179 174.229733 259.138959 380.171014 246.981781 
167.000000 9.000000 2.000000 a 336.180011 311.168764 440.990930 123.490890 85.615419 419.071593 149.214611 305.883965 408.030636 146.819617 259.788375 356.602019 303.295236 342.251370 266.728326 379.015831 417.336794 350.602339 207.588535 241.298570 159.803004 204.088216 407.259131 187.882942 512.828431 388.660520 319.126934 400.585821 387.583539 5.830952 402.647489 292.617498 417.642191 210.772389 322.443794 443.305764 109.077954 89.453899 340.000000 365.328619 403.822981 346.369745 417.528442 369.086711 494.016194 343.093282 214.590307 398.647714 262.434754 246.008130 64.621978 352.903670 301.199270 460.848131 66.610810 317.874189 88.323270 209.344214 416.673733 243.100802 357.337376 452.588113 491.793656 352.597504 239.309423 368.484735 365.453143 418.383795 472.340979 88.543774 
206.000000 5.000000 5.000000 a 275.535842 182.945347 232.034480 374.930660 409.552194 350.191376 414.692657 313.193231 99.929975 457.961789 344.280409 433.102759 199.461776 141.028366 241.754007 125.928551 180.346888 246.416314 292.588448 405.544079 378.021163 319.788993 182.024724 307.065140 161.058995 256.312309 157.546818 140.014285 433.416659 466.820094 347.174308 220.581051 185.569394 272.470182 149.013422 181.474516 468.180521 408.931535 438.462085 285.881094 279.978571 121.659361 59.304300 152.590956 225.088871 271.532687 257.623757 71.589105 446.054929 215.288179 499.768947 127.011810 269.670169 283.820366 402.616443 143.125819 410.182886 371.655755 117.515956 468.236052 325.682361 231.138487 144.402216 276.799566 275.426941 125.099960 258.373760 160.878836 15.132746 413.687080 
292.000000 4.000000 2.000000 a 235.170151 163.150238 297.121187 99.849887 136.124943 315.203109 156.732256 202.071769 240.842272 194.030925 204.611828 303.527593 161.789987 175.236982 141.548578 223.304725 277.953233 215.188290 84.172442 206.409787 127.534309 133.146536 253.061257 74.404301 350.714984 255.282197 160.953409 238.270854 326.019938 175.071414 300.507903 141.792101 264.092787 89.403579 161.300961 288.201319 189.446562 124.169239 294.543715 244.182309 277.028879 182.164761 248.278070 220.056811 344.093011 239.827021 55.108983 232.937760 247.200324 77.175126 208.777393 184.945938 175.262660 328.805414 117.324337 149.586096 138.235307 158.142341 261.772802 250.203917 253.475837 307.610143 328.811496 228.790297 133.405397 201.814271 234.008547 259.955765 304.266331 142.337627 
189.000000 2.000000 1.000000 a 267.329385 149.939988 165.387424 243.232399 306.662681 249.633732 278.626991 184.361059 66.219333 321.950307 299.135421 308.812241 165.130252 5.656854 190.850727 149.281613 227.758644 131.034347 156.732256 269.000000 241.960741 249.230817 107.200746 172.661519 180.313616 156.974520 118.701306 73.246160 314.892045 347.922405 241.770552 84.148678 117.477657 191.230228 106.929884 134.134261 334.977611 279.331344 311.178405 174.289988 184.133104 95.268043 81.596569 168.240899 194.164878 267.029961 128.844868 110.308658 310.315968 104.651804 372.923585 11.180340 138.884844 213.440858 291.624759 62.641839 308.183387 234.061958 175.570499 331.255189 208.925824 171.732350 157.699081 161.235852 215.083705 28.231188 148.660687 102.044108 152.190670 312.128179 
222.000000 6.000000 4.000000 a 430.351020 339.736663 261.017241 128.316016 276.920566 193.328736 90.088845 103.227903 304.821259 113.318136 400.041248 119.331471 344.361728 255.070578 334.773057 381.344988 451.443241 176.705970 125.674182 10.198039 84.864598 327.867351 255.978515 125.670203 368.089663 201.022387 324.168166 275.408787 149.345238 241.207380 177.132719 175.139944 262.514761 286.681007 318.498038 287.236836 150.960260 150.920509 104.752088 165.680415 203.651663 327.024464 337.249166 388.352932 318.460359 434.373112 176.204427 363.209306 53.450912 232.019396 218.680132 269.091063 132.815662 259.453271 242.903273 283.007067 280.435376 39.623226 416.739727 72.835431 139.617334 272.853441 353.058069 160.000000 330.723449 271.447969 180.568547 276.318657 410.537453 283.825651 
106.000000 7.000000 2.000000 a 208.887530 144.585615 313.690931 122.527548 126.779336 339.087009 180.953033 227.305961 245.747838 216.390850 177.282261 330.847397 141.056726 181.342218 116.691902 208.585714 258.017441 235.212670 110.535062 233.863208 153.473125 106.174385 266.557686 101.828287 359.112796 275.089076 147.054412 247.648945 352.981586 179.602339 324.721419 159.254513 277.708480 62.433965 149.308406 300.853785 208.117755 142.031687 322.038818 266.492026 297.889241 172.652831 248.316331 202.548760 358.230373 213.775583 74.431176 224.875521 274.432141 76.216796 219.920440 189.446562 198.080792 348.022988 114.690889 145.454460 128.280942 185.607112 246.908890 276.631524 277.994604 323.729826 336.787767 250.894400 106.254412 207.884583 254.568262 271.359540 299.107004 132.230859 
233.000000 3.000000 1.000000 a 310.551123 302.828334 468.984008 161.111762 59.808026 457.580594 195.489130 342.584296 422.042652 196.328806 226.638479 402.139279 292.576486 356.602019 252.366797 372.392266 401.931586 380.479960 235.936432 286.754250 201.300770 180.623919 430.670408 216.760236 531.813877 419.640322 315.634282 419.230247 432.467340 50.447993 441.311681 316.319459 441.427231 200.883051 320.731975 466.451498 159.000000 132.230859 386.167062 399.301891 436.836354 346.400058 426.517292 359.213029 519.862482 317.823851 232.937760 399.200451 310.266015 254.135790 109.201648 365.920756 332.776201 492.909728 64.202804 323.278518 60.728906 251.447808 408.768883 292.159203 395.030379 480.242647 510.068623 385.709735 221.382023 383.207516 396.702659 439.604368 475.420866 58.694122 
125.000000 4.000000 3.000000 a 359.388369 316.659123 404.741893 85.000000 124.036285 372.368097 97.005155 261.874016 387.156299 93.021503 292.473930 304.029604 311.546144 322.200248 280.001786 381.064299 428.197384 313.338475 175.727061 189.129585 113.225439 229.200785 376.224667 156.400128 485.423526 349.777072 319.188032 374.790608 335.431066 55.542776 355.879193 263.286916 386.082893 222.009009 320.488689 412.146819 57.314920 46.615448 287.020905 323.542887 362.684436 341.919581 401.966417 374.833296 459.570452 365.789557 194.427364 392.562097 208.597699 235.968218 49.929951 334.095795 262.834549 420.259444 93.914855 308.287204 127.412715 160.822884 419.440103 189.042323 311.809237 416.592127 465.329990 311.849323 257.316925 347.496763 326.534837 389.566426 462.420804 129.015503 
219.000000 8.000000 1.000000 a 424.499706 319.375954 175.840837 180.468834 322.131961 116.558998 164.395864 23.021729 239.102488 196.114762 413.537181 104.623133 328.032011 201.645729 329.631613 346.655449 422.403835 97.514102 127.121989 92.314679 143.178211 343.495269 177.789201 139.474012 287.088836 115.965512 297.067332 204.479828 118.869677 306.276019 100.129916 126.142776 182.789496 292.369629 288.764610 206.128601 230.315002 213.234613 104.752088 79.649231 117.388245 290.263673 276.855558 359.137857 233.077240 427.151027 169.499263 316.545415 120.702113 215.668727 294.721903 214.895323 67.720012 173.510807 290.688837 246.611030 325.345970 96.208108 378.219513 151.238223 56.080300 187.523332 273.853976 75.591005 334.574356 211.589225 97.082439 199.684752 351.284785 329.200547 
174.000000 3.000000 4.000000 a 354.663221 281.618536 307.626397 29.681644 177.710439 274.233477 36.221541 162.542302 306.150290 77.646635 311.295679 218.403297 281.902465 244.395172 262.413795 336.053567 396.717784 216.113396 89.899944 104.785495 15.033296 239.726928 283.550701 74.330344 395.213866 251.431899 274.308221 287.836759 247.523736 148.637142 257.782854 175.071414 292.796858 207.966343 272.001838 318.968650 89.872131 55.578773 204.022058 224.289991 263.518500 287.841971 327.940543 336.621449 363.401981 359.694315 127.011810 333.402160 137.800581 181.011049 142.579802 257.623757 165.323924 321.160396 143.617548 247.630774 181.240172 65.192024 374.000000 133.060137 212.953046 319.582540 376.300412 212.875550 251.001992 267.447191 228.265197 298.964881 395.106315 184.588732 
214.000000 9.000000 3.000000 a 202.704218 116.516093 273.117191 343.214219 354.818263 378.207615 390.160223 319.188032 132.909744 432.511272 273.788239 443.811897 131.825642 140.235516 175.413796 53.450912 113.296072 263.453981 271.066413 397.287050 354.272494 255.440795 216.393161 281.939710 225.328649 283.211935 97.200823 171.863318 449.471912 420.404567 372.216335 216.372364 223.062771 213.824695 92.282176 226.684803 436.682951 373.630834 445.926003 306.138857 309.381641 68.949257 91.586025 79.831072 278.772309 198.708329 227.853023 24.698178 439.829512 176.323566 459.636813 127.910125 273.578142 325.301399 352.432972 107.377838 355.000000 357.559785 50.089919 457.580594 342.706872 275.045451 205.876176 294.212508 209.897594 137.568165 279.331344 199.481829 74.672619 358.209436 
114.000000 3.000000 2.000000 a 164.596476 110.367568 332.006024 166.027106 137.277092 370.710129 224.877745 262.545234 246.077224 259.347258 139.086304 371.227693 103.406963 185.852092 73.545904 178.600112 219.738481 260.647271 149.626201 277.218326 197.767540 72.367120 280.401498 143.544418 363.108799 299.553000 120.652393 255.154855 392.002551 206.516343 357.113427 182.482876 291.547595 18.439089 126.035709 312.705932 248.581978 182.584227 363.324923 295.601083 323.987654 152.305614 240.759216 168.404275 371.856155 169.522860 105.990566 205.000000 318.209051 81.394103 253.339693 191.039263 229.054579 370.656175 136.058811 135.679770 137.644470 228.954144 215.967590 320.894064 311.327802 341.146596 340.376262 279.803502 62.481997 211.248669 280.643902 281.655818 282.242803 141.014184 
167.000000 3.000000 2.000000 a 434.329368 324.568945 141.823834 213.721782 351.364483 84.023806 201.295802 32.062439 221.287144 233.548710 431.180936 112.587744 334.856686 193.196791 341.211078 344.470608 421.868463 74.545288 150.233152 128.701204 178.443268 362.856721 151.647618 165.339046 256.815109 83.006024 299.628103 183.787921 116.361506 340.694878 68.264193 125.992063 155.029030 309.027507 290.263673 176.570099 267.478971 247.881020 119.151164 45.188494 80.808415 288.209993 261.696389 359.424540 198.436388 436.371401 186.214930 308.650288 153.182897 225.869431 331.308014 205.411782 66.603303 136.235091 321.001558 246.018292 354.457332 132.913506 373.593362 185.270073 21.000000 153.182897 245.246814 46.173586 349.665554 198.595065 67.742158 174.413302 335.596484 358.403404 
241.000000 6.000000 2.000000 a 364.544922 265.631323 192.574661 416.581325 475.394573 320.257709 446.780707 314.498013 110.981981 489.703992 428.924236 422.010663 282.718942 175.413796 322.939623 214.580987 269.673877 239.883305 327.391203 418.971359 410.649486 397.585211 161.152102 344.827493 87.321246 235.212670 236.947252 134.480482 415.476834 522.275789 321.454507 243.304336 159.050307 345.585011 226.636272 142.863571 506.616226 453.369606 431.260942 271.007380 253.031619 199.624648 102.078401 241.513975 165.342070 360.800499 303.606653 156.518370 455.449229 273.470291 547.402959 163.893258 277.245379 238.882816 463.608671 207.195560 476.509181 393.513659 207.347534 482.215719 312.000000 187.259179 80.529498 266.542680 355.185867 150.336290 245.246814 138.293167 93.380940 480.277003 
158.000000 6.000000 3.000000 a 436.757370 319.399436 17.117243 310.386855 426.051640 111.628849 314.078016 143.683680 150.695056 351.206492 460.651712 221.822001 334.152660 164.395864 355.800506 312.622776 390.000000 81.437092 225.550438 253.031619 284.564580 402.047261 66.708320 244.969386 137.524543 46.010868 288.360885 111.126055 210.192769 436.811172 114.039467 150.748134 60.207973 343.227330 276.586334 66.407831 380.825419 348.126414 234.542107 81.271151 48.507731 262.834549 194.164878 334.641599 72.401657 436.615391 237.168716 260.863949 279.216762 250.059993 439.165117 169.531708 131.609270 43.829214 401.094752 231.935336 428.556881 247.315588 331.144983 311.236245 116.619038 27.313001 131.381125 86.977008 375.325192 151.792622 68.600292 84.646323 258.642611 432.677709 
201.000000 9.000000 4.000000 a 417.268499 366.442356 411.126501 110.724884 184.715998 359.701265 84.811556 258.242134 413.832092 54.129474 352.953255 274.432141 363.001377 351.126758 334.439830 427.814212 480.004167 320.224921 197.395542 165.520391 116.846053 288.433701 390.755678 180.294204 502.956261 353.022662 365.436725 396.061864 307.117241 106.826963 343.384624 283.296664 399.696135 276.421779 365.299877 425.828604 18.439089 80.399005 255.706863 322.280933 361.669739 384.512679 433.889387 424.062495 467.822616 423.458380 228.116198 433.102759 173.072239 276.741757 58.051701 364.034339 269.675731 419.147945 154.767568 347.404663 188.045207 152.554908 466.275670 146.874096 303.222690 423.161908 484.298462 312.833822 314.033438 374.834630 330.311974 406.773893 498.838651 189.488786 
235.000000 3.000000 1.000000 a 420.744578 332.398857 268.242428 114.634201 263.136847 205.387439 76.236474 110.453610 305.659942 101.533246 388.387693 133.416641 336.435729 253.789283 325.424338 375.968084 444.932579 182.002747 118.330047 20.000000 71.175839 316.210373 260.309431 116.468880 372.979892 208.369863 317.907219 277.650860 163.487003 227.140925 189.081993 174.269906 267.301328 276.278845 312.673952 292.405540 138.191896 136.780847 118.595953 173.971262 212.513529 322.262316 336.756589 382.091612 325.731485 424.923523 168.617911 359.940273 60.901560 224.955551 205.448290 267.824569 136.058811 268.931218 229.054579 278.497756 266.660833 29.154759 411.844631 74.060786 150.096636 280.166022 357.326182 167.260276 320.315469 271.271082 187.256509 280.071419 409.498474 270.024073 
299.000000 7.000000 4.000000 a 115.277925 126.015872 401.049872 224.116041 139.168962 445.224662 283.550701 337.201720 301.862552 312.617978 64.498062 444.010135 110.751975 247.729691 67.007462 193.145023 206.736547 333.730430 222.991031 345.781723 261.283371 17.262677 347.012968 215.058132 419.977380 372.055103 151.182010 317.327906 465.679074 226.000000 431.741821 255.391856 358.001397 58.523500 161.058995 377.383094 294.108823 231.101709 435.258544 369.693116 397.045337 188.281704 287.923601 173.657709 437.257361 122.102416 180.701411 236.698120 385.250568 150.764717 282.294173 250.185931 303.626415 441.955880 155.463822 187.536663 137.611773 297.699513 224.742074 384.400832 386.046629 409.538765 397.201460 353.882749 32.756679 271.140185 353.861555 345.579224 314.515500 139.262342 
Type de surveillance de chaque endroit(target):tab[nombre de target]
a a a a a a a a a a a a a a a a a a a a a a a a a a a a a a a a a a a a a a a a a a a a a a a a a a a a a a a a a a a a a a a a a a a a a a 