Nombre des capteurs:
200
Nombre des targets:
30
Nombre de type de surveillance:
1

Caracteristiques:
107.000000 3.000000 2.000000 a 121.852370 366.607419 276.920566 268.128700 246.617112 424.407823 122.384640 491.400041 425.737008 263.433103 328.635056 193.126901 194.311605 201.801883 94.111636 113.877127 212.475881 227.563178 310.697602 147.461859 267.507009 249.945994 166.973052 84.433406 318.567104 197.253644 342.982507 316.204048 268.486499 127.062977 
271.000000 1.000000 4.000000 a 82.734515 379.001319 181.024860 166.138496 246.018292 418.560629 16.401219 460.340092 381.482634 190.646269 272.018382 261.589373 264.461717 122.036880 118.701306 147.135992 286.232423 207.634294 208.542562 72.801099 303.935848 267.686384 94.704805 149.036908 202.074244 131.095385 303.077548 339.911753 225.893780 146.778745 
280.000000 8.000000 4.000000 a 286.832704 334.368061 132.823191 146.184815 269.920359 310.942117 327.830749 272.303140 191.887988 151.743204 140.890028 396.122456 400.224937 206.516343 327.917673 329.200547 416.803311 238.729973 104.201727 261.847284 354.170863 307.375991 241.356583 362.353419 134.825814 213.190056 182.800438 342.093554 188.732615 313.636733 
129.000000 5.000000 3.000000 a 317.515354 92.048900 275.573947 294.613306 163.082801 39.824616 408.208280 90.917545 90.354856 227.712538 153.443801 271.576877 274.308221 281.204552 317.718429 295.743132 277.218326 188.321534 288.133650 320.426279 183.412104 169.070991 299.666481 327.940543 344.448835 265.731067 104.560987 136.297469 170.660482 282.816195 
257.000000 1.000000 5.000000 a 97.862148 342.242604 90.520716 74.202426 214.310522 367.196133 107.615055 391.950252 308.358558 113.322549 197.408207 277.238165 280.927037 57.489129 150.233152 168.585290 302.630137 168.866811 116.284135 64.621978 291.034362 245.967478 61.554854 188.679623 115.212847 77.162167 236.753036 314.197390 166.012048 159.260792 
117.000000 6.000000 1.000000 a 212.438226 271.398231 73.925638 93.471921 190.709203 263.036119 267.290105 252.126952 165.148418 71.840100 73.817342 314.331036 318.441517 134.528807 249.609695 248.744849 335.386344 157.089147 68.007353 191.376592 276.842916 228.868958 169.097605 282.660574 122.918672 136.970800 122.967475 270.601183 108.503456 232.957078 
147.000000 6.000000 1.000000 a 167.868997 149.602807 156.821555 171.327172 48.662100 175.823775 258.306020 224.414795 159.022011 102.415819 86.052310 181.333946 185.270073 136.937942 174.140748 157.136883 199.123078 40.607881 183.152942 170.836179 133.281657 85.702975 150.850920 192.314846 234.437625 119.067208 77.388630 132.548104 37.483330 142.130222 
157.000000 4.000000 3.000000 a 168.433963 172.177234 131.228808 147.231111 77.884530 188.265770 253.747906 222.800359 149.164339 77.388630 59.841457 208.009615 212.021225 123.490890 183.447540 170.581359 226.883230 55.362442 155.322246 165.496224 163.248277 115.520561 143.589693 206.390407 208.021633 108.466585 66.850580 160.514797 13.000000 154.767568 
122.000000 1.000000 1.000000 a 414.386293 284.086255 297.127919 316.665439 308.868904 220.839308 485.025773 125.674182 116.481758 278.145645 201.675482 439.602093 443.054173 347.021613 436.688676 424.381903 451.240512 307.631273 285.413735 401.782279 362.066292 332.356736 378.359617 460.135850 331.452862 341.919581 192.418814 322.795601 261.627598 408.633087 
272.000000 2.000000 5.000000 a 177.002825 338.881985 36.235342 28.160256 230.516811 344.244099 200.479425 344.052322 257.095313 90.603532 154.741720 329.168650 333.204142 100.806746 225.887140 236.139789 353.327044 186.357184 27.294688 146.577624 317.165572 268.151077 131.095385 263.827595 41.725292 116.691902 203.246156 325.313695 156.156972 222.892351 
285.000000 7.000000 5.000000 a 406.590703 355.489803 263.136847 279.458405 341.900570 304.607945 460.036955 224.200803 179.621825 264.486295 211.293635 476.186938 480.046873 329.508725 440.051133 434.699896 492.392120 325.983128 239.835360 386.358642 412.237795 373.343006 364.005494 470.047870 272.662795 330.927485 227.008810 383.114865 274.089401 418.551072 
197.000000 6.000000 5.000000 a 234.412030 270.174018 96.798760 115.974135 200.412075 255.391856 290.621747 236.222353 149.776500 92.703829 73.006849 327.873451 331.957829 157.292721 270.085172 267.807767 348.058903 170.575496 86.683332 214.149481 284.677010 237.806644 191.668985 302.238317 139.003597 158.776573 118.928550 274.116763 119.682914 251.857102 
145.000000 4.000000 4.000000 a 40.311289 306.444122 196.956848 190.515091 177.417587 356.450558 98.898938 415.004819 345.463457 179.799889 245.576872 169.531708 172.307864 120.619236 27.202941 56.753854 193.992268 150.233152 231.948270 71.344236 219.738481 190.163088 86.700634 58.258047 247.167959 114.017543 262.864984 261.430679 186.724396 61.008196 
256.000000 7.000000 1.000000 a 419.990476 221.461058 332.879858 353.271850 284.682279 148.788440 502.221067 43.931765 104.785495 299.628103 215.603803 403.368318 406.281922 365.321776 431.236594 413.298923 410.182886 297.692795 330.963744 414.705920 316.632279 298.202951 391.795865 447.666170 383.521838 355.090129 184.762009 269.453150 262.573799 398.784403 
207.000000 1.000000 5.000000 a 148.189068 193.238195 251.461727 256.267438 99.538937 258.213090 234.695547 340.708086 293.373482 206.903359 227.607118 45.188494 49.244289 188.605408 109.201648 79.699435 69.641941 115.017390 286.400070 175.855054 90.244113 82.734515 172.557237 94.260278 323.544433 169.283785 217.276322 140.388746 167.047897 80.131143 
246.000000 1.000000 3.000000 a 300.408056 70.455660 269.785100 288.138855 142.298981 42.107007 392.449997 115.485930 106.606754 219.672483 151.168780 247.258974 249.947995 269.029738 297.865742 274.985454 252.659850 171.026314 285.236744 305.290026 158.823802 145.691455 285.280564 306.493067 341.320963 252.507426 101.518471 111.973211 159.154013 262.545234 
257.000000 5.000000 4.000000 a 418.799475 342.040933 281.517317 298.964881 341.052782 286.295302 477.486125 199.421664 165.894545 276.904316 215.406592 475.218897 478.967640 343.902602 449.177025 441.693333 490.025510 329.548176 261.204900 400.641985 406.444338 370.256668 377.800212 477.378257 298.006711 343.423936 223.754330 373.708443 278.729259 425.556107 
156.000000 9.000000 2.000000 a 268.734069 211.804155 162.742127 183.120179 180.471604 183.662734 341.156855 158.316139 71.568149 134.301899 56.400355 314.814231 318.648709 202.765875 292.638002 282.449996 330.871576 168.240899 162.027775 256.602806 252.448014 212.021225 233.173755 318.290748 216.390850 196.542616 66.910388 228.659135 118.595953 266.430103 
260.000000 3.000000 2.000000 a 248.000000 50.447993 267.725606 282.171933 85.158675 114.586212 343.001458 207.118324 184.271539 213.328385 175.866427 157.384879 159.790488 240.973028 232.019396 205.231577 161.226549 129.402473 292.965868 261.841555 67.230945 66.760767 246.333108 232.122812 345.202839 221.081433 136.488095 26.248809 147.800541 195.920902 
133.000000 2.000000 4.000000 a 140.911320 157.050947 177.101666 187.395304 24.083189 201.121854 235.478237 264.412556 205.299781 125.399362 132.638607 135.092561 139.129436 135.070352 135.118467 114.017543 154.719100 26.400758 208.568933 152.738338 104.651804 56.222771 137.317151 147.868185 254.285273 114.494541 125.239770 123.032516 73.681748 100.404183 
194.000000 2.000000 2.000000 a 305.001639 416.491296 153.574086 155.206314 333.541602 399.969999 318.797742 364.993151 284.059853 196.654519 218.524598 447.785663 451.894899 227.793766 353.566118 362.328580 470.752589 294.877941 117.477657 274.308221 420.877654 372.108855 259.048258 391.230111 103.445638 241.696090 265.505179 417.043163 251.588950 348.369057 
297.000000 9.000000 5.000000 a 56.920998 352.279718 190.979056 179.424079 220.336107 397.031485 45.188494 446.768396 371.682660 189.021163 265.339405 223.163617 225.887140 121.210561 80.777472 110.054532 247.487373 186.303516 222.497191 64.536811 270.968633 238.002101 87.726849 109.018347 225.390772 123.842642 290.738714 310.079022 212.849712 111.986606 
190.000000 7.000000 2.000000 a 112.871608 300.148297 44.598206 38.327536 179.175891 318.713037 155.569920 338.529172 254.401258 59.841457 143.586211 265.559786 269.534784 34.525353 160.153052 169.858765 290.175809 133.135270 78.771822 85.070559 262.488095 214.618266 66.483081 197.820626 103.368274 51.429563 184.610401 278.088116 118.258192 156.732256 
294.000000 5.000000 2.000000 a 382.334932 289.276684 255.994141 274.963634 292.588448 234.542107 447.877215 152.898659 113.137085 242.563394 172.699160 426.185406 429.856953 311.139840 408.872841 399.204208 440.147702 284.613773 241.505694 367.070838 355.105618 320.295176 343.796451 435.041377 285.553848 308.099010 174.633903 321.305151 235.357175 383.172285 
120.000000 1.000000 3.000000 a 146.492321 430.512485 277.908258 263.956436 302.337560 481.325254 84.154620 536.732708 463.214853 280.729407 357.498252 272.106597 273.724314 212.301672 148.070929 175.647374 293.001706 273.366055 306.634962 156.284996 338.591199 313.600064 179.655225 156.156972 299.467861 216.002315 381.718483 383.678251 303.981907 184.176546 
218.000000 5.000000 2.000000 a 308.366665 398.558653 153.000000 158.268759 322.605022 378.401903 330.169653 339.458392 259.942301 190.160459 201.635810 441.511042 445.633257 229.176788 355.090129 361.610287 463.780120 286.225436 117.068356 279.028672 409.206549 360.972298 262.011450 392.011479 116.468880 241.132744 246.902815 402.185281 240.260276 347.051869 
278.000000 4.000000 4.000000 a 232.594067 132.276226 182.879742 201.427406 102.956301 128.319913 319.452657 157.943028 92.086915 133.734812 66.400301 235.053185 238.665037 188.403822 241.993802 224.899978 248.744849 108.466585 198.708329 231.199048 166.192659 128.891427 209.389589 259.855729 254.615396 174.140748 20.615528 142.088001 78.339007 210.021427 
100.000000 1.000000 3.000000 a 43.139309 266.608327 124.016128 122.000000 133.958949 303.975328 129.294238 349.292141 274.308221 101.133575 169.729196 187.608635 191.400104 49.244289 78.638413 86.122006 212.868504 93.263069 160.112460 43.011626 203.059105 160.654910 29.681644 115.004348 185.946229 36.496575 193.126901 231.624696 115.247560 73.389373 
196.000000 2.000000 1.000000 a 217.664880 85.094066 254.135790 266.745197 61.400326 149.036908 312.518799 237.453153 205.138977 200.142449 176.977400 124.851912 127.581347 218.709853 198.436388 171.049700 131.590273 107.540690 282.334908 233.976495 41.109610 33.060551 220.204450 197.101497 332.031625 198.214530 145.248064 39.812058 137.131324 162.496154 
258.000000 5.000000 2.000000 a 89.453899 208.021633 156.923548 162.114157 75.166482 251.920622 184.173831 309.535135 243.281730 114.127122 153.026142 139.713994 143.781084 97.580736 88.729927 74.094534 163.682620 44.821870 191.981770 103.368274 141.823834 99.040396 90.873539 109.931797 229.636670 77.155687 160.639348 170.425937 89.894382 58.249464 
213.000000 9.000000 5.000000 a 182.617086 118.127050 227.969296 239.069028 34.132096 176.173210 277.461709 256.462473 213.018779 175.071414 165.559657 110.385687 113.841996 186.796681 164.347193 137.640837 123.470644 77.897368 258.213090 199.379036 53.600373 4.472136 186.271308 165.529454 305.551960 166.090337 142.898565 74.672619 116.275535 128.265350 
131.000000 4.000000 2.000000 a 280.415763 483.735465 180.853532 166.817265 372.844472 485.844625 252.556924 473.059193 387.020671 235.193537 294.944062 457.673464 461.504063 225.222113 332.770191 351.518136 482.821913 327.466029 160.461833 247.309523 457.896276 409.499695 243.057606 370.936652 104.651804 245.348731 344.479317 469.435832 300.961792 341.646016 
208.000000 1.000000 5.000000 a 152.200526 365.453143 72.443081 52.153619 245.505601 379.953945 154.042202 389.760183 303.389189 118.456743 196.010204 324.913835 328.758270 92.698436 204.284116 220.565183 350.035712 199.424171 80.993827 119.104996 328.123452 280.631431 111.359777 242.870336 61.611687 113.137085 241.747802 344.444480 182.148291 209.823736 
214.000000 6.000000 1.000000 a 175.345373 124.149104 220.320221 231.250946 27.313001 180.099972 270.266535 257.945731 211.929233 167.609666 160.514797 112.089250 115.693561 178.734440 158.382449 132.189258 126.570139 70.035705 250.800718 191.658551 61.073726 12.041595 178.353581 161.012422 297.833846 158.028478 139.903538 82.200973 109.658561 122.249744 
191.000000 3.000000 5.000000 a 306.202547 161.297861 227.431308 247.655002 179.387848 116.387285 388.702971 90.255194 16.124515 188.692872 104.923782 307.717403 311.096448 252.578701 319.188032 302.853100 318.863607 185.970428 232.045254 300.986711 229.869528 200.382135 278.179798 337.912711 287.522173 241.588493 71.028163 193.000000 148.717854 287.835022 
194.000000 8.000000 1.000000 a 164.584325 262.908729 43.416587 63.031738 162.542302 268.033580 222.481460 275.234446 189.451841 26.019224 81.000000 276.799566 280.921697 87.200917 202.526541 203.194488 299.175534 122.576507 63.031738 144.031247 250.199920 201.079586 121.490740 236.408545 116.468880 89.157165 127.738013 252.556924 82.734515 187.683244 
249.000000 6.000000 2.000000 a 271.974263 321.386061 119.201510 133.600150 254.310833 300.413049 315.264968 266.480769 184.092368 135.944842 126.400158 380.147340 384.251220 191.838474 312.488400 313.435799 400.889012 222.766694 92.655275 247.541916 338.895264 291.892103 226.737734 346.717464 128.549601 197.952014 169.649639 327.739226 172.930622 297.833846 
138.000000 9.000000 2.000000 a 163.771182 359.346629 59.413803 40.521599 243.402958 370.195894 172.699160 375.644779 288.916943 110.136279 183.461168 330.189340 334.113753 96.896852 215.132517 229.401395 355.039434 197.716969 62.177166 131.240238 327.867351 279.635477 120.503112 253.692728 45.011110 116.249731 230.521149 341.162718 175.453698 217.706224 
277.000000 8.000000 3.000000 a 135.369864 246.130047 59.464275 73.430239 135.207248 260.363208 202.467281 280.615395 197.800404 8.000000 86.925255 243.870867 247.987903 64.070274 170.141118 169.567096 266.647708 92.357999 89.888820 118.802357 222.407284 173.233946 95.462034 203.179723 137.360839 60.000000 125.674182 229.804265 62.241465 153.941547 
131.000000 9.000000 5.000000 a 329.400971 271.116211 200.808366 219.863594 252.168594 228.431609 392.979643 168.715737 100.603181 188.520556 124.064499 386.513907 390.346000 256.758642 358.217811 350.332699 402.438815 238.449156 187.243157 313.001597 322.448445 283.298429 289.836161 386.038858 233.323809 254.566298 137.003650 294.961014 187.387299 334.200539 
225.000000 4.000000 3.000000 a 144.585615 266.540804 37.202150 53.141321 157.952525 277.115499 202.180612 290.511618 205.681793 17.204651 95.351980 265.324330 269.432737 66.610810 183.967388 186.217615 288.404230 115.108644 67.230945 123.458495 245.203997 196.025509 101.019800 218.673272 114.978259 69.570109 139.089899 251.908714 83.006024 171.026314 
287.000000 8.000000 3.000000 a 348.539811 162.077142 273.731620 293.981292 211.291268 99.327740 433.056578 43.931765 45.122057 234.829726 151.251446 332.412394 335.477272 297.892598 358.113111 339.835254 340.649380 224.617453 277.461709 345.028984 248.128999 226.214500 322.490310 374.140348 332.543230 286.162541 114.127122 204.247399 191.856717 325.399754 
273.000000 6.000000 1.000000 a 193.064756 104.235311 221.578429 234.266942 30.364453 156.588633 288.027776 234.068366 190.436341 167.597733 148.489057 132.966161 136.356151 187.771137 179.980555 154.693245 145.134420 76.059187 249.897979 206.642203 66.407831 25.632011 191.441897 184.447825 299.474540 167.502239 122.102416 69.778220 105.000000 143.892321 
213.000000 2.000000 1.000000 a 93.059121 301.504560 246.456893 242.051647 183.673624 360.180510 143.282937 430.332430 368.391097 221.984234 277.346354 133.753505 135.591298 170.105849 44.553339 52.345009 155.647037 169.531708 282.214457 125.717938 202.869416 185.010810 138.231690 19.313208 301.086366 159.665275 286.036711 251.103564 214.981395 67.623960 
173.000000 7.000000 3.000000 a 254.950976 461.706617 158.420327 143.391074 348.901132 466.135174 229.490741 457.421031 370.863856 212.492353 275.486842 432.233733 436.056189 200.010000 307.319052 325.969324 457.403542 303.323260 140.801278 221.822001 433.497405 385.275226 217.513218 345.527134 84.480767 220.238507 324.766070 446.072864 278.354091 316.096504 
179.000000 6.000000 5.000000 a 175.866427 243.515913 66.272166 86.023253 150.721598 245.880052 240.226976 252.438111 166.928128 34.058773 58.000000 271.641308 275.757140 102.591423 209.504177 206.951685 293.000000 114.725760 81.633327 158.549677 237.901240 189.235303 135.369864 241.366941 136.894120 100.439036 105.118980 236.326046 68.600292 191.023559 
192.000000 5.000000 3.000000 a 149.776500 149.405489 176.980225 188.281704 18.357560 191.376592 243.993852 253.789283 194.989743 124.201449 125.099960 142.031687 146.013698 139.316187 145.499141 124.631457 160.701587 27.784888 207.407811 160.199875 104.484449 55.317267 143.850617 158.492902 254.593794 119.037809 115.394974 118.186294 68.410526 110.941426 
252.000000 8.000000 3.000000 a 114.127122 410.954985 221.503950 206.009709 278.619813 454.049557 24.758837 499.364596 421.474792 231.603109 312.493200 277.800288 280.232047 162.864975 137.767921 167.370846 301.358590 242.853866 247.951608 111.400180 329.686214 297.015151 134.182711 160.580198 237.360485 170.950285 342.301037 369.109740 264.714941 170.557908 
184.000000 6.000000 1.000000 a 236.103791 63.890531 262.240348 276.003623 75.000000 128.144450 331.096663 219.045657 192.262841 207.870152 175.823775 144.308697 146.819617 232.122812 218.874393 191.846293 149.093930 120.332872 288.669361 250.894400 55.542776 53.366656 236.027541 218.403297 339.991176 211.966979 139.283883 26.907248 143.010489 182.822318 
100.000000 8.000000 4.000000 a 244.812173 73.661387 286.094390 298.760774 93.193347 146.208755 339.135666 242.917682 221.578429 232.038790 205.294910 127.015747 128.887548 250.017999 221.273586 192.751135 127.440182 139.283883 314.035030 262.944861 35.000000 60.728906 250.169942 215.415877 363.991758 229.421010 169.799882 18.439089 168.582324 186.010752 
137.000000 9.000000 4.000000 a 143.586211 356.395847 66.708320 46.324939 235.849528 371.872290 150.083310 383.532267 297.423940 110.317723 189.214164 315.158690 319.010972 82.807005 195.494245 211.293635 340.260195 189.747200 79.511006 110.634533 318.290748 270.857896 102.044108 234.093998 67.364679 103.237590 234.307490 334.902971 173.366663 200.369658 
172.000000 6.000000 5.000000 a 344.052322 441.480464 191.387042 194.023194 365.874295 419.344727 357.561184 375.289222 298.502931 231.890060 245.000000 483.414936 487.533589 266.368166 392.286885 400.424774 505.974308 328.896640 155.167651 313.517145 452.623464 404.293210 298.000000 429.787157 142.369238 279.723077 289.746441 445.714034 283.550701 386.249919 
261.000000 4.000000 4.000000 a 248.555829 313.268256 95.524866 110.258786 238.075618 297.754933 291.811583 272.209478 187.360615 114.109596 115.624392 361.267214 365.383360 168.309239 289.663598 291.348588 382.562413 204.247399 70.178344 223.886132 323.932092 276.153943 203.184645 324.279201 111.126055 174.874241 162.114157 315.919293 155.926265 275.878596 
296.000000 1.000000 5.000000 a 335.793091 514.062253 217.954124 208.038458 412.418477 507.666229 313.918779 482.137947 398.784403 271.529004 318.653417 507.134105 511.071424 273.892315 388.128845 404.950614 531.906947 368.480664 190.031576 302.552475 499.272471 450.219946 295.717771 426.616924 140.584494 292.984641 368.046193 505.515578 335.597974 393.997462 
220.000000 4.000000 1.000000 a 348.749194 289.387284 216.205920 234.710460 273.514168 243.589819 410.209702 176.465294 115.974135 207.251055 145.165423 407.862722 411.690418 274.972726 378.535335 371.109148 423.707446 259.678648 200.002500 331.489065 343.246267 304.474958 308.457452 406.768976 243.189227 273.600073 158.028478 314.841230 208.463426 354.966196 
160.000000 5.000000 5.000000 a 93.214806 206.770404 180.360750 184.699756 77.620873 256.820949 187.683244 321.267801 259.146677 138.311243 174.040225 116.726175 120.747671 117.613775 78.294317 57.314920 141.155942 61.057350 215.671046 113.718952 129.356098 92.086915 105.437185 92.195445 251.956345 97.908120 177.200451 164.304595 110.724884 43.266615 
146.000000 8.000000 3.000000 a 202.829978 451.890473 161.000000 141.056726 327.438544 469.035180 157.410292 477.880738 391.152144 207.482529 285.063151 388.919015 392.444901 169.941166 253.402841 276.383791 414.374227 281.469359 161.074517 171.840042 405.783193 360.256853 175.236982 289.856861 115.381974 190.538710 331.102703 427.299661 269.942586 269.430882 
108.000000 7.000000 3.000000 a 257.792552 146.492321 190.850727 210.466149 133.824512 125.670203 341.790872 134.480482 61.846584 146.669697 67.082039 265.520244 269.091063 207.280004 270.296134 254.285273 278.684409 137.207871 201.375272 253.743965 194.064422 158.902486 231.233648 289.499568 257.689736 194.997436 22.847319 165.196852 100.647901 239.152671 
163.000000 3.000000 3.000000 a 313.039934 503.695344 203.482186 191.637679 397.555028 501.198563 287.569122 481.368881 396.608119 257.738239 310.813449 487.581788 491.468209 254.373741 365.432620 383.283185 512.562191 352.846992 178.630904 279.830306 483.679646 434.875844 274.302752 403.773451 125.606528 274.016423 360.456655 492.447967 322.845164 372.876655 
137.000000 4.000000 5.000000 a 342.896486 218.689277 239.401337 259.678648 232.417727 165.469030 418.306108 98.386991 43.011626 211.851363 130.602450 363.675680 367.179792 279.946423 362.382395 349.012894 375.941485 231.924557 234.931905 332.831789 288.225606 256.602806 309.454359 384.667389 286.769943 272.618781 116.107709 252.001984 187.544661 333.402160 
114.000000 8.000000 1.000000 a 307.416655 194.797331 211.419015 231.814581 196.654519 151.489274 384.677787 109.895405 25.553865 179.426865 96.384646 328.841907 332.415403 246.611030 325.960120 312.405186 341.884483 195.304890 211.116082 298.429221 255.947260 222.171105 275.138147 348.051720 265.152786 238.247770 79.649231 222.899080 151.327460 296.809703 
257.000000 5.000000 1.000000 a 229.686743 418.369454 115.676272 102.591423 308.765283 421.295621 220.911747 412.662089 325.993865 170.073514 230.531993 399.301891 403.228223 166.012048 281.767635 297.543274 424.134413 263.797271 95.817535 196.562967 394.568118 345.862690 188.308258 320.357613 39.560081 185.270073 279.901768 404.609688 235.747747 286.295302 
248.000000 4.000000 1.000000 a 378.128285 127.318498 419.010740 432.982679 229.532133 177.485211 470.889584 278.792037 299.173862 364.606637 323.137742 222.299348 221.774660 386.839760 348.186732 318.648709 207.299301 275.659210 444.416471 398.446985 156.438486 197.230829 386.627728 334.149667 496.614539 366.281313 278.402586 130.384048 299.252402 315.017460 
157.000000 7.000000 2.000000 a 262.589033 128.631256 205.353354 224.628582 128.471787 108.337436 349.017192 127.941393 66.309879 159.003145 82.861330 257.163372 260.599309 216.723326 271.591605 253.875954 269.000000 138.057959 217.572976 260.768096 181.892826 149.893295 238.757199 288.555021 273.879536 203.160035 34.234486 149.933319 107.517440 239.207023 
263.000000 5.000000 1.000000 a 377.609587 238.411409 271.536370 291.677905 264.304748 177.609121 452.642243 91.285267 70.576200 245.934951 165.239221 393.960658 397.363813 314.249901 396.797177 383.020887 405.177739 265.800677 264.884881 367.404409 315.634282 286.639146 344.013081 418.600048 315.087289 307.200260 149.512541 276.322276 222.103579 367.491497 
129.000000 2.000000 2.000000 a 239.827021 152.551631 323.956787 332.415403 136.356151 227.264163 326.896008 325.829710 301.683609 273.386174 268.343064 66.189123 65.620119 270.822820 201.136769 171.816763 53.225934 174.269906 356.387430 265.996241 56.080300 98.762341 260.048072 181.333946 400.000000 250.351753 241.350368 99.729635 218.563492 172.191754 
151.000000 3.000000 5.000000 a 365.978141 71.867934 354.515162 372.248573 201.434853 52.630789 460.488871 146.239530 180.421728 302.881165 237.951676 269.462428 271.007380 346.317773 353.617024 327.200244 266.507036 240.002083 371.517160 376.065154 178.089865 188.809428 358.089374 354.052256 427.402620 328.196587 188.353391 125.031996 239.493215 317.479133 
138.000000 3.000000 1.000000 a 167.430583 391.287618 97.005155 77.058419 270.453323 405.804140 154.379403 414.088155 327.470609 144.367586 221.056554 345.475035 349.244900 115.624392 219.822656 238.270854 370.757333 224.321198 100.089960 134.238594 352.200227 305.103261 130.096118 258.154992 65.802736 136.359818 267.267656 369.675533 208.086520 228.560714 
201.000000 3.000000 5.000000 a 102.142058 278.298401 57.078893 57.775427 155.926265 299.541316 159.201131 324.599754 242.167298 48.020829 131.308796 243.772435 247.782162 22.472205 145.416643 152.069063 268.173451 109.836242 93.263069 79.322128 239.058570 191.206694 57.245087 182.000000 124.907966 31.400637 168.689063 255.068618 98.325988 138.101412 
179.000000 8.000000 5.000000 a 394.062178 159.411417 332.024096 352.090897 244.018442 84.504438 482.270671 29.681644 106.230881 290.241279 208.240246 351.262010 353.816337 350.258476 397.537420 376.384112 355.287208 266.101484 337.520370 394.027918 261.275716 250.315801 372.248573 409.011002 392.942744 336.808551 165.921668 210.983412 241.085047 363.089521 
226.000000 1.000000 1.000000 a 302.803567 456.027411 167.907713 161.966046 360.302651 446.793017 298.181153 419.776131 336.538259 219.200821 259.123523 463.327098 467.359605 232.813230 354.153921 367.535032 487.483333 317.944964 136.033084 270.120344 447.832558 398.628900 259.279772 392.689445 95.817535 250.153953 308.137956 450.454215 281.042701 355.135186 
246.000000 5.000000 4.000000 a 108.632408 398.983709 172.904598 155.563492 266.272417 433.756844 39.458839 468.364175 386.803568 192.353841 276.007246 292.911249 295.935804 126.826653 150.426062 177.867929 317.844302 225.019999 195.897933 89.453899 329.892407 291.042952 107.168092 182.521232 180.941980 140.427917 311.400064 362.869122 236.139789 175.755512 
221.000000 9.000000 1.000000 a 249.329100 405.938419 112.329871 106.103723 305.766251 401.807168 253.450192 384.365711 298.718931 164.541788 211.589225 407.427294 411.460812 177.417587 300.083322 312.501200 431.584291 262.800304 82.036577 217.117480 393.101768 343.918595 204.941455 338.496676 41.303753 194.427364 261.197243 397.597787 227.727908 299.826617 
288.000000 2.000000 5.000000 a 200.823305 419.543800 119.100798 100.881118 301.479684 430.265035 180.177690 432.004630 345.013043 170.531522 242.258127 379.241348 383.020887 148.519359 253.189652 272.018382 404.504635 255.454497 112.361025 167.705098 384.346198 336.810035 163.932913 291.405216 63.158531 169.118302 290.070681 400.106236 235.696839 262.390930 
295.000000 5.000000 4.000000 a 95.603347 254.686081 231.821052 231.250946 139.053946 313.933114 171.283391 386.587636 328.024389 198.567369 243.312556 97.046381 99.764723 158.619040 46.400431 23.409400 121.433109 130.862523 268.039176 127.863208 157.035028 138.293167 132.619757 27.513633 295.115232 143.544418 246.594809 204.462711 180.024998 37.054015 
151.000000 2.000000 4.000000 a 391.601839 308.501216 260.048072 278.425933 308.058436 254.232177 454.103512 171.703232 132.196823 250.569352 184.707877 442.052033 445.772363 318.578091 420.015476 411.436508 456.554487 298.041943 243.016460 374.973332 372.537246 336.732832 351.863610 447.219186 284.311449 316.722276 190.433716 339.713114 247.872951 395.339095 
195.000000 8.000000 3.000000 a 95.718337 225.000000 211.492317 213.506440 105.422958 281.780056 183.521116 352.777550 294.200612 173.184872 211.624668 93.380940 97.000000 142.695480 60.074953 31.144823 118.827606 97.943861 247.420694 123.987903 133.184083 107.856386 122.613213 59.640590 279.551426 125.000000 213.009389 176.920886 148.327341 27.730849 
242.000000 5.000000 3.000000 a 362.498276 519.224422 232.710120 225.942471 425.286962 506.893480 348.012931 473.080331 392.378644 284.200633 321.561814 527.326275 531.337934 295.575709 414.451445 429.316899 551.649345 382.920357 201.022387 329.423739 512.828431 463.624848 320.351370 453.051873 158.776573 313.550634 370.000000 514.967960 345.809196 417.444607 
261.000000 3.000000 1.000000 a 151.172087 256.019531 285.954542 286.457676 163.110392 323.167139 218.433056 406.532901 357.347170 249.162598 284.017605 63.505905 64.124878 214.170493 99.809819 79.705709 81.614950 169.292646 322.083840 183.847763 148.946299 148.553021 188.957667 65.299311 351.012820 198.176689 279.234668 201.692836 221.269067 91.760558 
253.000000 8.000000 3.000000 a 326.300475 38.948684 341.222801 356.910353 164.401946 93.134312 421.267136 197.914123 209.351379 287.236836 237.008439 209.251045 210.430511 319.530906 306.889231 278.883488 204.200881 208.338667 363.616556 340.982404 120.332872 142.088001 325.576412 302.451649 417.642191 299.868304 190.433716 70.859015 221.415898 271.154937 
155.000000 7.000000 2.000000 a 234.307490 412.137113 111.198022 100.264650 305.483224 412.826840 230.672929 401.529575 315.087289 165.423698 221.921157 400.012500 403.981435 167.260276 286.008741 300.566132 424.633960 261.084278 87.664132 201.427406 391.943874 343.005831 191.635070 324.599754 33.301652 185.809042 271.486648 400.136227 230.601388 288.771536 
236.000000 9.000000 1.000000 a 142.874070 166.379085 219.913619 227.178344 57.245087 225.177708 236.078377 302.074494 251.477633 171.773106 185.607112 82.298238 86.371292 164.769536 117.515956 89.627005 103.077641 75.312682 253.570503 164.693655 78.847955 49.396356 155.926265 116.361506 294.852506 144.256716 174.631040 118.608600 126.253713 82.024387 
163.000000 4.000000 1.000000 a 90.603532 375.033332 232.124966 220.422322 245.880052 424.694007 60.539243 480.138522 407.456746 228.809965 303.041251 226.241022 228.359366 161.718892 93.263069 122.004098 248.895560 216.517898 263.503321 104.861814 286.015734 258.518858 127.612695 108.240473 264.518430 162.855764 325.613268 329.369094 248.072570 128.996124 
289.000000 6.000000 1.000000 a 375.960104 331.108743 234.181554 251.047804 312.003205 284.042250 430.850322 210.950231 156.977705 233.805475 180.623919 446.174854 450.058885 299.282475 409.088010 403.685521 462.731023 295.243967 212.417043 356.141826 383.815060 344.036335 333.661505 439.031890 248.364651 300.308175 198.204440 356.355160 243.263232 387.537095 
166.000000 7.000000 5.000000 a 84.172442 270.913270 77.162167 77.162167 144.461067 297.006734 149.723078 328.568106 248.243832 59.548300 138.571281 225.248751 229.224781 14.035669 125.674182 131.973482 249.873968 98.488578 113.357840 65.053824 225.000000 178.089865 41.773197 162.012345 143.561833 11.401754 171.452617 244.311277 96.747093 118.067777 
101.000000 6.000000 3.000000 a 252.873486 219.020547 143.338760 163.713164 175.045708 196.644349 323.284704 177.101666 90.138782 116.249731 43.657760 308.857572 312.774679 185.000000 278.887074 270.135151 326.038341 158.240324 143.003496 239.507829 251.246891 208.614477 216.085631 305.895407 197.732142 179.694185 68.876701 231.387122 106.976633 254.023621 
255.000000 4.000000 3.000000 a 180.155488 154.547727 262.573799 270.275785 84.023806 222.319590 270.484750 309.919344 270.148108 213.337760 218.387271 53.310412 56.648036 207.894204 146.659470 117.098249 67.067131 114.947814 295.771872 204.658252 49.477268 54.083269 197.625909 134.836939 337.936385 187.448660 199.582063 100.623059 163.024538 114.284732 
165.000000 3.000000 1.000000 a 97.015463 295.203320 59.908263 54.230987 170.950285 317.455509 144.589073 342.242604 259.383885 64.474801 148.408221 251.765764 255.704908 18.973666 144.170038 154.259522 276.568256 124.823876 94.641429 70.007142 252.420284 205.243758 50.635956 181.892826 118.105885 37.802116 186.593140 270.564225 116.211015 141.382460 
139.000000 9.000000 2.000000 a 117.388245 412.941885 231.458420 216.363121 281.154762 457.683297 34.669872 505.175217 428.168191 239.726928 319.788993 274.521402 276.812211 170.856665 136.473441 166.048186 297.674319 246.716436 258.544000 117.834630 329.369094 298.135875 140.982268 156.732256 248.959836 177.867929 348.380539 370.012162 270.601183 170.355511 
200.000000 5.000000 4.000000 a 75.960516 329.164093 232.441390 225.008889 204.435809 383.416223 104.651804 446.645273 379.328354 216.474017 281.277443 172.255624 174.324410 156.467249 48.877398 73.498299 194.812731 182.002747 266.992509 104.388697 235.478237 211.992924 122.024588 54.341513 279.114672 150.615404 296.582198 281.128085 221.461058 84.172442 
113.000000 8.000000 4.000000 a 227.178344 73.082146 256.462473 269.824017 67.067131 136.235091 322.155242 225.361931 195.473783 202.180612 173.565550 137.200583 139.846344 224.539529 209.659247 182.630775 143.108351 112.805142 283.557754 242.324163 50.695167 44.147480 227.741081 209.286884 334.306745 204.266982 139.057542 33.120990 137.887635 173.611636 
256.000000 2.000000 1.000000 a 81.412530 230.488611 196.756194 198.275061 105.678759 284.200633 171.493440 351.240658 289.620441 160.003125 202.871881 109.041277 112.698713 127.121989 51.971146 27.202941 134.469327 91.263355 232.793900 108.706026 143.401534 113.600176 106.826963 61.717096 264.077640 109.731490 207.607803 184.458667 139.617334 16.031220 
209.000000 3.000000 5.000000 a 335.089540 351.573605 182.603395 196.367003 303.659349 317.838009 378.038358 262.954369 191.783732 196.977156 169.858765 433.904367 437.961185 255.156815 374.513017 374.049462 453.339828 277.088434 154.402073 311.014469 384.438552 339.673373 290.077576 407.953429 181.603965 260.583960 203.789107 366.390502 225.375243 358.231769 
157.000000 3.000000 5.000000 a 135.181360 327.940543 40.706265 21.931712 209.480309 342.607647 160.312195 355.257653 269.492115 81.049368 160.527256 296.006757 299.954997 63.071388 185.129684 197.408207 320.755358 163.600122 63.631753 104.120123 293.410975 245.350769 89.944427 223.430079 74.330344 81.835200 205.156038 307.845741 144.516435 185.054046 
178.000000 4.000000 4.000000 a 258.278919 39.000000 269.453150 284.684035 94.021274 99.085821 353.171347 191.859323 172.000000 215.232433 171.816763 173.002890 175.410946 246.981781 244.476993 218.220072 176.708800 136.312142 293.211528 270.667693 82.680106 80.230917 254.283307 245.936984 346.417378 227.501648 129.711218 37.054015 149.375366 208.338667 
146.000000 7.000000 5.000000 a 427.571047 312.518799 302.324329 321.210212 330.643312 250.457581 494.171023 155.682369 141.566239 288.513431 216.453228 462.822860 466.366808 357.207223 452.711829 441.955880 475.370382 326.180931 287.179386 412.952782 387.490645 355.912911 389.631878 477.797028 329.830259 353.734364 213.002347 349.757059 278.255278 426.025821 
219.000000 2.000000 4.000000 a 344.570747 111.085553 295.959457 315.429865 191.094218 41.773197 434.609020 66.730802 91.219515 250.008000 172.290452 298.001678 300.629340 305.897042 345.583564 323.736004 302.735858 215.615398 306.111091 346.620830 208.722304 196.575685 325.522657 355.957863 362.353419 291.053260 125.195847 159.731024 195.473783 310.757140 
255.000000 3.000000 5.000000 a 126.321020 319.355601 280.713377 276.000000 208.865986 381.718483 164.149322 456.483297 397.619165 256.124969 309.535135 136.180028 137.032843 204.296353 78.917679 82.855296 154.392357 199.484335 316.404804 158.398232 215.983796 205.119477 172.026161 47.010637 334.167623 194.030925 315.800570 266.852019 246.710356 98.883770 
115.000000 9.000000 4.000000 a 166.517266 165.604952 253.797163 260.716321 82.873397 231.624696 256.456624 316.622804 273.386174 205.769288 216.002315 51.478151 55.326305 196.824795 132.517923 102.956301 69.871310 108.669223 287.563906 191.564611 62.801274 58.523500 185.234986 121.198185 328.385444 176.581426 200.352190 112.538882 158.533908 100.284595 
256.000000 4.000000 3.000000 a 182.156526 402.616443 104.690019 85.510233 283.240181 415.216811 166.207701 420.343907 333.486132 154.402073 228.709423 360.034721 363.815888 129.495174 234.546371 253.031619 385.295990 237.153958 102.839681 148.976508 365.646004 318.286035 144.779142 272.855273 60.959003 150.146595 275.771645 382.154419 218.984018 243.281730 
270.000000 3.000000 1.000000 a 141.650980 300.536188 291.084180 288.267237 197.952014 365.624124 190.276115 444.838173 390.288355 261.629509 308.081158 110.476242 110.887330 215.594527 90.255194 84.172442 127.000000 194.987179 327.184963 174.722637 194.743421 189.282857 185.442714 52.153619 349.104569 203.002463 309.741828 246.868386 244.769279 100.019998 
120.000000 2.000000 5.000000 a 328.255998 134.033578 265.120727 285.028069 185.267374 76.537572 415.145758 63.007936 52.345009 222.299348 141.014184 304.016447 307.026058 282.311884 334.910436 315.493265 311.849323 201.943061 272.574760 326.896008 219.125535 198.305320 304.867184 349.292141 328.525494 269.163519 97.862148 175.171345 173.623155 301.444854 
253.000000 6.000000 4.000000 a 250.890414 460.253191 156.974520 141.509717 346.620830 465.488990 224.570702 457.930126 371.270791 210.867257 275.000000 428.802985 432.611835 196.900990 303.237531 322.121095 454.004405 300.946839 140.431478 217.800367 430.945472 382.832862 213.845739 341.392736 84.172442 217.221086 324.168166 444.059681 276.725496 312.385979 
164.000000 7.000000 5.000000 a 337.179477 46.141088 349.412364 365.383360 174.797025 90.199778 432.166635 194.164878 210.394867 295.609540 243.181003 220.290717 221.415898 329.256739 318.158765 290.203377 214.830165 218.341476 371.140135 351.518136 131.673839 153.209008 335.871999 313.848690 425.493831 309.724071 195.869855 82.200973 229.889104 282.391572 
212.000000 7.000000 1.000000 a 76.896034 276.586334 82.024387 80.049984 148.771637 304.080581 141.155942 336.815973 256.719691 67.941151 147.146186 224.510579 228.442553 9.219544 120.149906 128.082005 249.353163 103.121288 118.016948 56.586217 227.747667 181.466250 33.421550 157.079598 145.230851 11.661904 179.627392 248.696602 104.393486 114.725760 
283.000000 3.000000 4.000000 a 360.600887 143.178211 298.006711 318.006289 213.572002 73.109507 448.201963 35.846897 76.059187 255.765518 174.045971 326.442951 329.220291 315.792653 365.562580 345.202839 332.290536 233.310951 304.381340 359.947218 238.472221 222.912539 338.048813 378.409831 360.072215 302.483057 131.400152 190.709203 206.828431 331.544869 
149.000000 4.000000 4.000000 a 169.366467 157.003185 250.730931 258.306020 75.239617 222.551118 260.486084 307.416655 264.622372 201.777105 209.059800 59.439044 63.150614 195.869855 137.615406 108.226614 76.164296 103.730420 284.059853 193.297698 56.080300 49.396356 185.884373 128.265350 325.972391 175.413796 192.208220 104.403065 152.590956 104.345580 
172.000000 6.000000 4.000000 a 219.111844 177.485211 143.013985 162.520768 123.199026 170.188131 298.750732 179.977776 98.883770 99.141313 21.095023 257.316925 261.199158 162.117242 238.170107 226.101747 274.116763 110.494344 155.322246 211.482860 199.684752 156.540730 188.430358 261.925562 211.567956 151.647618 28.792360 182.945347 63.126856 210.240339 
168.000000 5.000000 2.000000 a 97.908120 259.254701 236.433923 235.535560 144.589073 319.023510 170.950285 392.168331 333.817315 203.796467 249.088338 97.693398 100.224747 162.806634 47.381431 27.459060 121.655251 136.693087 272.655460 130.510536 160.654910 143.125819 136.124943 23.345235 299.040131 148.097941 252.414342 208.655218 185.809042 42.011903 
116.000000 5.000000 2.000000 a 83.006024 372.087355 220.927590 208.923431 241.813978 420.104749 50.119856 473.425813 399.712397 219.000000 294.375610 228.980349 231.276890 151.400132 92.135769 121.498971 252.174543 210.772389 252.001984 94.641429 285.394464 256.126922 117.686023 111.233988 252.517326 153.443801 318.215336 327.495038 240.468293 127.062977 
161.000000 6.000000 1.000000 a 278.928306 118.903322 344.072667 354.967604 149.803204 193.496770 369.362965 296.447297 285.007017 291.029208 271.016605 116.400172 116.103402 299.401069 244.806046 215.195260 103.464970 193.752419 374.040105 302.337560 62.968246 111.803399 293.470612 228.560714 421.627798 278.600072 236.279496 76.105190 230.217289 213.213508 
290.000000 7.000000 2.000000 a 381.082668 199.110522 294.375610 314.771346 249.262913 131.643458 462.871472 38.183766 65.391131 260.324797 176.264007 371.712254 374.797279 325.926372 393.411998 376.191441 380.044734 259.932684 293.681801 375.421097 287.471738 265.324330 352.476950 410.878327 347.023054 315.748317 145.907505 243.041149 223.573254 361.448475 
128.000000 3.000000 1.000000 a 135.830777 188.809428 122.347865 135.000000 72.346389 214.233517 222.638721 254.911749 181.950543 68.883960 86.815897 190.073670 194.177754 97.416631 151.343979 140.064271 211.073447 32.756679 152.003289 134.480482 159.806133 110.602893 113.357840 175.900540 200.212387 80.056230 99.624294 167.800477 23.853721 124.036285 
183.000000 6.000000 2.000000 a 205.769288 126.245792 177.611937 194.427364 70.007142 141.000000 295.480964 186.657440 125.095963 124.651514 78.294317 203.049255 206.736547 170.002941 211.400095 193.103599 217.680959 78.230429 198.861761 207.624661 139.086304 98.183502 186.935818 227.727908 253.160028 153.551294 48.662100 123.174673 60.827625 178.549713 
163.000000 5.000000 2.000000 a 464.656863 289.711926 358.860697 378.846935 342.032162 217.807254 540.880763 112.871608 150.073315 334.252898 253.071136 466.038625 469.140704 402.504658 481.552697 466.135174 474.383811 348.982808 350.115695 455.342728 381.620230 359.473226 431.983796 501.327238 398.076626 395.126562 232.690782 336.168113 308.021103 450.960087 
243.000000 6.000000 4.000000 a 88.090862 357.414325 120.917327 104.637469 226.530351 387.156299 77.524190 417.164236 334.741691 139.846344 223.787846 274.535972 278.001799 76.655072 139.230025 161.616831 299.976666 182.649938 146.441114 57.489129 297.953016 255.282197 65.787537 176.502125 140.616500 93.021503 260.762344 325.565662 187.181730 154.896740 
249.000000 2.000000 5.000000 a 258.897663 117.647779 325.399754 335.936006 131.605471 192.774480 349.596911 293.656262 276.463379 272.684800 255.970701 100.687636 100.881118 279.614020 225.337525 195.724296 90.917545 174.828487 355.827205 282.214457 44.045431 93.236259 273.386174 210.116634 402.796475 258.822333 223.376364 68.447060 212.849712 193.403723 
241.000000 4.000000 2.000000 a 290.800619 456.425240 162.431524 154.350251 356.439336 450.347643 282.023049 427.617820 343.285595 215.257985 261.021072 455.474478 459.471435 223.376364 342.584296 357.123228 479.913534 313.129366 132.966161 257.841036 443.649637 394.494613 248.243832 381.179748 86.833173 241.495342 310.460948 448.528706 278.657496 345.210081 
111.000000 3.000000 2.000000 a 93.380940 329.825712 250.081987 243.287895 208.892317 386.846223 122.024588 453.812737 388.911301 231.769282 293.531940 163.248277 164.939383 173.769963 57.489129 76.157731 184.569770 190.370691 284.964910 123.065023 232.499462 212.906083 139.742621 48.507731 298.283422 166.652333 306.197649 280.130327 232.544619 89.403579 
178.000000 5.000000 2.000000 a 195.020512 105.223572 206.813926 220.771375 32.202484 147.122398 289.262856 217.092146 169.000000 152.433592 126.491106 154.638288 158.145503 180.080538 188.042548 164.842349 167.705098 69.584481 233.383804 205.021950 88.526832 47.853944 187.864313 196.697738 284.548766 160.561515 99.126182 82.328610 87.692645 152.505738 
236.000000 5.000000 4.000000 a 73.498299 266.204808 215.334623 213.412746 144.062486 322.024844 149.465715 389.810210 327.282752 185.776748 237.118114 119.079805 121.938509 140.577381 23.853721 11.401754 143.735869 128.425075 251.509443 106.174385 173.026010 149.040263 112.578861 25.632011 276.023550 127.062977 244.934685 217.993119 174.416169 26.627054 
100.000000 7.000000 2.000000 a 381.057738 146.239530 430.601904 443.813024 238.522536 200.412075 472.492328 302.478098 320.351370 376.300412 339.072264 217.000000 216.037034 394.680884 348.313078 318.698917 199.812412 284.569851 457.219860 402.959055 160.078106 204.166599 392.378644 331.746891 508.434853 373.965239 295.655205 141.675686 311.589474 316.284682 
118.000000 5.000000 1.000000 a 382.890324 171.230838 310.927644 331.185748 239.835360 99.322706 468.705665 7.810250 81.221918 271.830830 188.403822 354.746388 357.561184 334.306745 390.128184 370.600863 360.833757 257.110871 314.229216 380.539091 267.059918 250.667110 358.208040 404.249923 369.063680 322.099364 149.939988 219.312562 227.160736 356.620246 
266.000000 5.000000 5.000000 a 287.480434 335.773733 133.281657 146.492321 271.162313 312.347563 328.105166 273.578142 193.238195 152.643375 142.239235 397.256844 401.360187 207.135222 328.694387 330.080293 417.967702 239.870799 104.403065 262.392835 355.461672 308.638948 241.960741 363.188656 134.461891 213.925221 184.200977 343.455965 189.931567 314.531397 
252.000000 2.000000 2.000000 a 332.051201 70.007142 303.916107 322.374006 171.026314 8.246211 424.852916 108.258949 125.195847 254.017716 184.230833 264.764046 267.074896 303.001650 326.847059 302.803567 267.200299 202.980295 318.705193 338.143461 173.510807 168.928979 318.512166 333.054050 374.893318 286.211460 134.629120 122.036880 193.372697 291.109945 
157.000000 6.000000 1.000000 a 245.283509 257.497573 114.529472 134.182711 196.956848 238.834671 305.735180 216.448608 130.230565 103.174609 64.257295 327.343856 331.386481 170.293864 278.239106 273.941600 346.574667 171.105231 106.531685 226.920691 278.948024 233.334524 204.009804 308.954689 159.012578 169.743925 105.759160 264.886768 119.000000 257.846854 
231.000000 7.000000 3.000000 a 176.819117 143.108351 249.070271 257.689736 66.189123 208.338667 269.267525 293.600068 252.224107 198.725942 200.638979 71.168813 74.632433 197.739728 148.054044 119.016806 85.211502 99.729635 281.602557 199.123078 45.398238 36.249138 190.192008 140.918416 325.219926 177.053664 181.333946 91.093359 146.294224 113.745330 
222.000000 4.000000 2.000000 a 213.883146 89.022469 217.451144 232.441390 51.478151 127.812362 307.883095 199.649693 156.236999 163.134913 127.015747 167.547008 170.847886 195.780489 207.337888 183.961953 178.572114 87.022985 242.117740 223.035872 93.048375 60.373835 205.294910 215.501740 294.687971 176.739922 92.913939 75.000000 97.349884 171.758551 
240.000000 8.000000 5.000000 a 109.658561 266.923210 56.320511 61.611687 146.823023 286.769943 171.467198 311.269979 228.965063 35.608988 118.186294 240.750909 244.806046 33.301652 149.933319 154.081147 264.750826 101.044545 92.195445 89.498603 231.354706 182.980873 66.610810 185.456194 129.274901 34.928498 155.364089 245.246814 85.708809 139.434572 
144.000000 4.000000 1.000000 a 366.983651 100.895986 398.276286 412.989104 212.624081 148.070929 460.895867 249.513527 270.386760 343.930225 298.429221 222.407284 222.427516 370.158074 340.476137 311.231425 210.344955 258.414396 422.412121 385.406279 147.217526 183.133831 372.248573 329.548176 475.482912 349.857114 252.622248 112.720894 278.183393 306.192750 
276.000000 9.000000 5.000000 a 326.013803 395.747394 169.434353 177.053664 328.074687 370.741150 352.642879 325.203014 248.783038 201.206362 201.692836 450.906864 455.027472 245.961379 371.214224 376.001330 472.466930 294.200612 134.536240 297.741499 413.483978 366.019125 279.644417 407.443248 140.911320 256.382527 244.200737 403.031016 246.028454 361.034624 
179.000000 7.000000 4.000000 a 54.744863 243.018518 147.139390 148.006757 110.113578 285.707893 149.214611 339.053093 268.776859 114.586212 170.651692 157.050947 160.897483 76.922038 65.863495 63.126856 182.200439 75.392307 183.308483 69.570109 173.461811 132.981202 60.605280 96.540147 213.770905 59.481089 186.171964 204.841402 110.344914 48.041649 
299.000000 8.000000 4.000000 a 234.787138 403.586422 104.737768 95.718337 299.207286 402.781579 236.027541 389.965383 303.659349 158.448730 211.929233 396.823638 400.824151 165.084827 286.024474 299.481218 421.246958 255.327241 78.549348 202.237484 386.079007 337.010386 191.125613 324.548918 28.178006 182.937148 261.564524 392.861299 223.042597 287.235095 
157.000000 6.000000 2.000000 a 181.041432 439.150316 156.847059 136.473441 312.339559 459.836928 132.672529 473.972573 387.778287 199.160739 279.580042 368.024456 371.474091 154.983870 230.852767 254.621287 393.459019 266.737699 162.483845 150.986754 388.515122 343.949124 156.460858 266.812668 123.227432 175.114248 324.013889 412.248711 259.262415 248.364651 
192.000000 1.000000 1.000000 a 362.856721 402.057210 206.460650 216.411645 348.311642 368.897005 394.898721 311.481942 242.563394 231.261756 216.300717 475.925414 480.020833 282.349075 405.918711 408.417678 496.327513 318.521585 173.349358 336.005952 431.069600 385.206438 316.753848 441.075957 185.413052 290.822970 253.124475 415.292668 267.977611 392.998728 
253.000000 2.000000 4.000000 a 182.386951 132.423563 247.200324 256.632032 59.439044 197.091349 275.697298 282.405736 241.960741 195.887723 193.494186 81.541401 84.864598 198.829072 156.051274 127.393092 94.047860 96.798760 279.034048 203.337158 39.560081 25.961510 193.238195 150.685102 323.938266 178.044938 172.284648 81.252692 141.060271 121.103262 
175.000000 4.000000 5.000000 a 273.826587 344.005814 117.643529 128.809938 270.748961 325.153810 309.556134 292.042805 209.697401 144.222051 147.200543 393.223855 397.343680 193.310631 317.067816 320.351370 414.744500 236.478329 85.883642 247.293348 356.618844 308.846240 227.774011 352.547869 111.516815 201.950489 192.379833 348.083323 188.557683 305.132758 
197.000000 4.000000 4.000000 a 406.208075 254.196774 299.713196 319.781175 289.746441 188.533817 481.486241 91.285267 95.524866 274.758075 194.010309 417.694865 421.001188 343.093282 424.725794 410.425389 427.954437 293.138193 292.061637 396.214588 337.083076 310.409407 372.828379 445.899092 341.315104 336.005952 176.640879 295.435272 250.315801 395.001266 
125.000000 9.000000 1.000000 a 359.517733 211.532503 262.240348 282.591578 240.010416 152.108514 437.507714 74.625733 45.793013 232.124966 149.217961 368.419598 371.768745 299.447825 376.247259 361.321187 379.158278 244.049175 259.110015 351.140997 289.110705 261.090023 327.879551 396.691316 311.464284 290.987972 127.561750 249.359179 202.632673 346.005780 
220.000000 2.000000 3.000000 a 153.394915 397.604074 114.756263 94.366308 272.459171 417.008393 128.561269 431.393092 345.407006 156.156972 236.763595 336.879801 340.506975 114.934764 205.292474 226.225551 362.314780 226.523729 124.036285 121.016528 350.967235 305.275286 121.696343 242.942380 94.047860 135.532284 281.007117 372.339898 216.723326 218.048160 
142.000000 7.000000 2.000000 a 288.591407 155.080624 367.839639 377.351295 175.786803 229.314195 375.293219 332.687541 321.024921 315.977847 302.367326 110.476242 108.903627 317.775078 249.419326 220.238507 91.000000 217.200368 399.211723 314.610871 88.549421 137.200583 308.209344 228.008772 444.677411 297.149794 269.874045 112.017856 257.782854 220.925327 
188.000000 9.000000 3.000000 a 136.132289 163.441121 167.107750 177.485211 31.622777 204.533616 230.152124 264.200681 202.425295 115.433964 125.447200 143.422453 147.488983 126.142776 133.988806 114.629839 163.590953 16.401219 198.587512 146.167712 114.560028 65.946948 129.876865 149.281613 244.321509 105.702412 121.264174 131.472431 65.122961 100.264650 
217.000000 8.000000 2.000000 a 347.587399 385.019480 191.635070 202.474690 330.619116 353.005666 382.205442 298.236483 227.299362 214.597297 198.595065 458.433201 462.525675 267.067407 389.974358 391.945149 478.753590 301.041525 159.411417 321.288033 413.353360 367.491497 301.643830 424.841147 175.567651 274.961816 235.715931 397.756207 250.379712 376.449200 
122.000000 2.000000 5.000000 a 201.228726 441.617482 147.275253 127.663621 318.943569 456.789886 163.624570 463.431764 376.585980 195.350966 271.414812 385.607313 389.219732 162.077142 252.669745 274.432141 411.048659 272.836948 145.526630 169.292646 398.829538 352.601758 170.484603 289.834435 98.843310 182.849665 318.044022 418.592881 258.804946 266.608327 
223.000000 7.000000 5.000000 a 201.896013 408.354013 105.948101 89.000000 293.001706 416.778118 189.525724 416.043267 329.037992 158.823802 227.721321 376.191441 380.043419 143.533968 254.230211 271.459021 401.287927 247.242796 96.005208 168.656456 377.139232 329.072940 162.413054 292.720003 45.310043 163.685674 276.052531 390.800461 224.501670 260.984674 
262.000000 4.000000 3.000000 a 162.542302 283.176623 23.000000 43.185646 179.287479 288.904829 212.174457 294.431656 208.173005 38.275318 101.178061 288.405964 292.514957 82.462113 204.364870 208.009615 311.451441 137.379038 45.000000 138.654246 266.810794 217.607445 117.388245 239.835360 96.254870 89.269256 148.475587 271.398231 101.533246 193.041446 
170.000000 1.000000 4.000000 a 172.534055 415.842518 127.565669 107.298649 291.595610 433.601199 141.031911 444.893246 358.468967 172.165618 251.071703 356.609030 360.223542 134.238594 224.189652 245.601303 382.049735 245.578908 132.034087 140.417235 370.599514 324.722959 141.534448 261.589373 94.111636 154.922561 296.379824 391.414103 234.079046 237.648901 
190.000000 6.000000 4.000000 a 221.199005 77.781746 231.607426 246.272207 56.718604 124.326184 315.767319 203.039405 165.423698 177.228666 141.823834 160.589539 163.682620 207.424685 211.286535 186.625293 169.849934 97.015463 256.737220 232.137890 81.221918 55.317267 215.232433 216.813284 309.014563 187.984042 106.301458 60.000000 111.606451 175.328264 
260.000000 1.000000 1.000000 a 121.004132 176.343415 178.530110 186.400107 44.922155 224.017856 216.000000 288.617394 228.600087 130.172962 150.442680 122.376468 126.495059 127.003937 111.359777 89.810912 144.249783 36.124784 211.983490 136.341483 110.136279 66.098411 123.490890 123.761868 254.017716 106.212052 147.665162 137.480908 88.459030 76.321688 
287.000000 2.000000 5.000000 a 412.941885 194.879450 337.499630 357.840747 269.742470 120.602653 498.314158 22.472205 106.569226 300.016666 216.171228 382.827637 385.548959 363.352446 420.354612 400.745555 388.104367 287.339520 339.036871 410.209702 294.124123 279.635477 387.769261 434.308646 393.153914 351.525248 179.387848 245.079579 256.889081 386.807446 
193.000000 3.000000 3.000000 a 83.024093 380.131556 188.806780 174.264167 247.291326 421.099751 12.041595 464.698827 386.529430 196.814634 277.510360 258.118190 260.894615 128.003906 115.394974 144.308697 282.554420 209.938086 216.813284 76.694198 303.000000 267.824569 99.282425 144.201248 211.026065 136.000000 307.548370 340.073521 230.082594 144.920668 
268.000000 7.000000 1.000000 a 273.221522 33.241540 294.552203 309.219986 111.830228 107.070071 368.195600 206.929940 195.576072 240.185345 199.200904 167.475371 169.331037 268.197688 254.701786 227.107904 167.260276 156.540730 319.225626 288.078114 75.432089 89.358827 273.016483 252.105137 371.877668 248.243832 157.063681 22.022716 174.496418 218.798995 
252.000000 4.000000 3.000000 a 206.932356 452.249931 159.154013 139.434572 328.701993 468.236052 163.783394 475.509201 388.681103 206.712361 283.298429 392.460189 396.020202 171.432202 257.841036 280.401498 417.915063 282.651729 157.689568 175.567651 407.795292 361.933696 178.103902 294.550505 110.571244 192.130164 329.757487 428.476370 269.785100 273.122683 
177.000000 2.000000 3.000000 a 355.022534 456.344168 203.690942 205.411782 380.138133 434.051840 365.509234 389.082254 312.865786 245.393561 259.803772 496.867185 500.983034 278.037767 403.774690 412.549391 519.570015 342.794399 167.529102 324.098750 467.004283 418.592881 309.161770 441.470271 151.082759 291.893816 304.611228 460.434577 297.845598 398.542344 
235.000000 7.000000 5.000000 a 226.373585 110.887330 195.724296 213.138453 82.661962 120.037494 316.539097 167.800477 112.307613 143.680200 87.863531 211.558503 215.058132 191.041880 230.217289 210.753410 224.198573 97.948966 215.081380 228.757514 140.032139 104.546640 208.136974 244.806046 270.140704 174.734084 46.840154 116.077560 81.301906 196.636721 
249.000000 1.000000 4.000000 a 279.474507 123.016259 346.382736 357.106427 152.269498 197.585425 369.529430 300.566132 289.001730 293.470612 274.308221 114.856432 114.424648 301.014950 244.730464 215.132517 101.192885 195.931110 376.538179 303.211148 65.069194 114.109596 294.635368 227.879354 423.869084 280.223125 239.885389 80.056230 232.974248 213.459598 
121.000000 8.000000 1.000000 a 414.097815 294.550505 292.581613 311.826875 313.829572 232.879797 482.598177 139.588681 123.794184 276.210065 202.089089 445.624281 449.143630 345.057966 438.041094 426.662630 457.935585 310.460948 279.234668 400.382317 369.758029 338.600059 377.000000 462.482432 323.827114 340.828403 196.473917 331.798131 263.229938 410.796787 
279.000000 3.000000 5.000000 a 352.695336 193.258894 262.992395 283.388426 227.178344 133.461605 433.058887 62.032250 35.805028 229.532133 145.619367 353.751325 357.022408 295.665351 367.103528 351.069794 363.785651 234.079046 262.429038 345.943637 272.943218 246.546142 322.865297 386.167062 316.001582 286.043703 118.342723 232.079728 195.205020 336.001488 
133.000000 1.000000 2.000000 a 231.482181 113.951744 295.900321 306.276019 102.625533 187.408644 323.348110 283.989436 258.804946 243.402958 229.976086 88.509886 89.872131 250.000000 200.442012 170.950285 86.452299 145.248064 326.602205 253.836562 15.231546 64.070274 244.376758 188.448932 373.209057 229.200785 200.212387 59.203040 184.447825 167.287178 
123.000000 6.000000 1.000000 a 144.346805 153.013071 184.285105 194.486503 20.396078 199.323857 239.169396 265.198039 208.019230 132.608446 138.293167 129.003876 133.015037 141.421356 135.988970 113.718952 148.222805 33.600595 215.779981 157.407115 97.590983 49.406477 142.618372 146.863883 261.428767 120.768373 128.860390 117.341382 80.230917 100.722391 
160.000000 1.000000 5.000000 a 409.664497 338.954274 271.562148 288.918674 334.426375 284.859615 467.680446 200.601595 162.594588 267.660232 207.523493 468.705665 472.482804 334.426375 440.556466 433.457034 483.860517 321.925457 251.017928 391.203272 401.124669 364.203240 368.419598 469.092741 287.711661 334.212507 217.559187 369.388684 270.835744 417.310436 
283.000000 4.000000 4.000000 a 272.882759 275.274409 135.602360 154.207652 223.635865 249.569630 330.225680 214.646221 131.700418 130.736376 89.442719 355.090129 359.112796 196.603662 306.776792 302.768889 373.905068 199.424171 121.078487 253.428491 303.916107 259.295199 230.783448 337.736584 168.689063 197.230829 124.907966 286.848392 147.166572 286.681007 
199.000000 3.000000 1.000000 a 269.764712 451.293696 151.426550 140.463518 345.781723 449.725472 256.329866 433.364742 347.748472 205.548048 259.048258 439.209517 443.152344 206.021844 321.922351 337.853519 463.962283 301.390113 126.245792 236.592477 432.251084 383.317101 228.615398 360.499653 73.552702 225.037775 308.706981 440.190868 270.495841 326.588426 
222.000000 7.000000 5.000000 a 405.783193 344.646195 265.241399 282.179021 335.451934 292.318320 461.815981 210.375854 168.404275 263.622837 206.603485 469.802086 473.621157 329.678631 437.854999 431.559961 485.479145 321.286477 243.526179 386.524255 404.004950 366.072397 363.917573 467.077081 278.713114 330.189340 219.447032 373.600054 269.764712 415.404622 
223.000000 8.000000 2.000000 a 102.591423 376.494356 133.686200 116.000000 245.473013 406.099741 71.840100 434.935627 351.973010 156.869372 240.973028 290.036205 293.410975 95.336247 152.118375 176.071008 315.425110 201.717624 156.204994 74.094534 316.077522 273.864930 84.480767 188.345427 143.568799 112.071406 278.887074 344.363180 205.878605 170.417135 
266.000000 5.000000 1.000000 a 38.275318 285.012280 119.079805 114.070154 152.594233 320.894064 113.529732 363.088144 286.232423 104.861814 179.287479 203.590275 207.292064 42.579338 84.380092 97.308787 228.973798 111.004504 154.466825 25.495098 221.894119 179.627392 12.206556 122.482652 175.111393 38.418745 206.169833 250.539418 128.444541 86.452299 
217.000000 3.000000 5.000000 a 176.025566 336.648184 34.058773 26.683328 228.396585 342.042395 200.571683 342.071630 255.125459 88.408144 152.590956 327.397312 331.436268 99.463561 224.722051 234.753062 351.523826 184.287818 26.076810 145.773797 315.082529 266.056385 130.034611 262.606169 43.863424 115.134704 201.062179 323.125363 153.941547 221.436221 
145.000000 8.000000 1.000000 a 111.543713 408.001225 200.122463 183.632786 275.016363 447.200179 18.867962 487.360236 407.541409 214.888343 297.430664 287.116701 289.836161 147.139390 144.585615 173.626035 311.416120 236.433923 224.804359 101.000000 332.243886 296.521500 122.122889 172.235304 211.539594 157.889202 330.056056 368.761441 253.308113 174.324410 
251.000000 5.000000 2.000000 a 215.244048 86.122006 221.325552 236.171548 51.865210 127.389168 309.457590 201.315673 159.480406 166.976046 131.487642 164.693655 167.943443 198.640379 207.617437 183.831445 175.282629 89.202018 246.221445 225.000000 89.005618 57.801384 207.542767 214.981395 298.645275 179.446371 97.164808 70.604532 101.257099 171.898226 
181.000000 5.000000 5.000000 a 99.538937 344.419802 91.285267 74.652528 216.536371 369.228926 107.377838 393.662292 309.967740 114.982607 199.040197 279.302703 282.985865 59.665736 151.924323 170.469939 304.699852 171.081852 116.503219 66.309879 293.264386 248.203546 63.655322 190.339171 114.354711 79.378838 238.581223 316.425347 168.026784 161.235852 
231.000000 1.000000 2.000000 a 142.688472 157.165518 202.467281 211.151604 35.608988 210.641876 237.474209 282.874530 229.477668 152.502459 162.373027 105.042848 109.073370 152.800524 125.686117 100.319490 124.779806 54.083269 235.170151 160.440020 84.380092 42.296572 148.647233 130.923642 278.641347 132.003788 151.713546 114.529472 103.696673 89.560036 
274.000000 6.000000 3.000000 a 346.770818 226.920691 240.077071 260.271013 239.002092 173.528096 421.017814 103.942292 51.088159 214.226516 134.063418 370.696641 374.225868 282.619886 367.212473 354.324710 383.207516 237.413142 234.360833 336.013393 295.854694 263.736611 312.605182 390.037178 285.476794 275.835096 122.118795 260.001923 192.200416 338.639927 
113.000000 7.000000 3.000000 a 325.247598 71.309186 295.169443 313.682961 165.196852 16.124515 417.731971 106.320271 117.720007 245.448569 175.308300 262.488095 264.909418 295.015254 321.056070 297.405447 265.759290 196.002551 309.808005 330.800544 171.819673 164.805946 310.975883 328.092975 366.006831 278.404382 125.717938 121.313643 185.172892 285.448769 
161.000000 3.000000 5.000000 a 339.979411 310.601030 198.698264 215.928229 281.044480 270.000000 395.135420 208.614477 142.274383 197.850954 147.868185 414.695069 418.632297 263.229938 373.567932 368.730254 432.041665 261.895017 178.216161 320.089050 355.856713 314.358076 297.607124 403.941827 217.082933 264.319882 170.484603 331.615741 209.659247 352.597504 
139.000000 5.000000 4.000000 a 307.883095 102.591423 260.094214 279.329554 157.746632 57.008771 397.404076 90.785461 75.392307 213.150182 137.277092 272.341697 275.261694 268.425036 310.594591 289.689489 279.517441 179.368336 271.840026 309.342852 186.461792 167.609666 288.138855 322.671660 328.160022 253.584306 88.955045 142.200563 157.990506 276.240837 
160.000000 1.000000 5.000000 a 356.102513 84.403791 326.496554 345.172421 194.537914 16.031220 449.004454 103.019416 136.883162 277.200289 205.572372 283.557754 285.674640 327.006116 350.228497 325.829710 284.508348 227.107904 340.270481 362.328580 191.658551 190.709203 342.690823 355.598088 396.550123 310.315968 156.236999 138.946033 217.186556 314.391476 
281.000000 5.000000 5.000000 a 164.453641 435.403261 166.337007 146.109548 305.929730 460.574641 106.569226 480.871085 395.591961 202.987684 285.727143 352.018465 355.316760 150.920509 212.132034 237.438413 377.339370 261.216385 177.369670 136.857590 378.482496 335.574135 146.154028 246.758992 144.277510 169.858765 327.954265 405.405969 259.326050 232.606965 
291.000000 7.000000 2.000000 a 357.435309 176.139150 277.093847 297.437388 223.329353 112.294256 440.647251 41.303753 46.173586 240.243626 156.208194 345.731109 348.833771 304.558697 368.490163 350.827593 354.268260 234.948931 279.007168 352.852660 261.946559 239.267633 330.103014 385.373844 333.486132 293.552380 122.298814 218.341476 200.192407 336.203807 
114.000000 3.000000 1.000000 a 107.670795 404.000000 196.621464 180.277564 271.007380 443.094798 16.278821 483.264938 403.495973 210.950231 293.421199 284.015845 286.764712 143.125819 141.364776 170.308544 308.384500 232.348876 221.603249 96.881371 328.543757 292.646544 118.004237 169.499263 209.093281 153.792067 325.960120 364.880802 249.194703 170.792271 
259.000000 9.000000 1.000000 a 302.654919 385.996114 146.413797 153.169840 311.724237 365.406623 328.064018 326.671088 246.941289 181.033146 189.401690 431.956016 436.079121 222.899080 348.518292 354.141215 453.980176 276.088754 111.018017 273.979926 398.045224 349.995714 256.265487 385.083108 116.606175 234.019230 234.292552 390.231982 229.392676 339.377371 
178.000000 2.000000 5.000000 a 260.664535 236.103791 141.509717 161.644672 191.023559 211.603403 327.340801 185.310550 99.247166 120.966938 57.558666 324.394821 328.342809 189.763010 289.152209 281.783605 342.005848 172.026161 136.824705 245.367072 268.287160 225.177708 222.049544 317.397227 190.002632 186.271308 86.330759 248.847343 120.070812 265.633206 
264.000000 5.000000 5.000000 a 496.842027 331.265754 383.005222 402.548134 380.115772 259.372319 569.864896 154.434452 186.461792 362.829161 284.100334 505.831988 509.000000 431.601668 516.217977 501.952189 514.721284 384.662189 370.940696 485.704643 422.303209 398.934832 462.276973 537.398362 415.842518 425.606626 268.151077 377.387069 341.621135 486.543934 
187.000000 3.000000 4.000000 a 313.847097 475.277813 184.252544 176.875663 377.708883 466.804027 303.476523 439.965908 356.785650 236.484672 278.741816 478.181974 482.187723 246.333108 365.656943 380.194687 502.555470 334.802927 153.639188 280.864736 465.089239 415.900228 271.330057 404.253633 109.567331 264.327448 327.879551 468.825127 299.147121 368.245842 
277.000000 4.000000 5.000000 a 63.198101 360.401165 183.698122 170.906407 227.793766 402.854813 32.557641 449.230453 372.507718 186.077941 264.697941 237.191905 240.010416 117.379726 94.366308 123.166554 261.725047 191.658551 213.936907 62.425956 282.024822 247.396443 85.802098 124.197423 213.721782 122.641755 292.480769 319.626344 214.674172 123.761868 
257.000000 1.000000 3.000000 a 121.202310 211.322029 232.432786 235.696839 102.615788 272.426137 207.460840 349.336514 296.057427 191.062817 221.199005 68.117545 71.840100 166.090337 82.225300 52.630789 93.509358 106.512910 268.001866 149.576068 113.357840 95.880134 147.627911 71.309186 302.372287 147.597425 216.898594 160.589539 158.672619 53.000000 
191.000000 4.000000 4.000000 a 205.679362 103.464970 201.188966 216.529444 49.517674 134.617978 298.720605 198.116128 147.851277 146.986394 110.494344 175.823775 179.323730 182.482876 203.118192 181.394597 188.663722 76.791927 225.364150 212.680512 106.920531 68.883960 194.010309 214.273190 278.217541 163.990853 79.025312 92.005435 81.123363 168.240899 
264.000000 1.000000 4.000000 a 112.578861 287.758579 261.068956 258.311827 176.867182 349.588329 169.008876 424.499706 366.619694 232.131428 280.978647 110.652610 112.147225 185.607112 60.638272 55.081757 131.468627 169.283785 297.168302 145.784087 185.585560 173.046237 155.724115 22.203603 319.476134 173.011560 285.175385 235.722294 217.809550 71.168813 
231.000000 2.000000 5.000000 a 402.314554 237.760384 302.314406 322.567822 279.873186 170.660482 480.026041 72.090221 87.114867 274.186068 191.755052 405.789354 409.003667 341.843531 418.609603 403.193502 415.216811 286.020978 296.920865 393.837530 323.501159 298.744038 370.552291 438.419890 347.669383 333.661505 169.729196 280.492424 245.348731 388.000000 
276.000000 7.000000 5.000000 a 208.254652 163.343197 298.584996 305.929730 118.228592 235.847408 294.944062 329.684698 297.149794 249.577643 252.556924 39.395431 40.311289 242.243679 169.189243 139.864220 38.470768 151.158857 331.941260 234.957443 55.803226 84.053554 229.839074 150.083310 373.605407 222.029277 230.627405 108.208133 198.657998 140.431478 
169.000000 4.000000 5.000000 a 353.951974 490.209139 213.936907 210.297408 402.435088 474.341649 349.857114 436.774541 357.370956 262.589033 292.138666 510.529137 514.595958 282.280003 404.980246 417.480538 534.303285 361.708446 179.824915 321.454507 490.079585 440.990930 309.893530 443.437707 146.112970 298.839422 339.607126 488.979550 321.435841 404.683827 
230.000000 5.000000 2.000000 a 224.287762 82.292162 263.286916 275.811530 70.178344 149.241415 318.981191 240.276924 210.924157 209.322717 185.698681 122.918672 125.419297 227.184947 203.420746 175.581890 127.941393 116.284135 291.547595 241.350368 35.171011 39.319207 228.010965 200.504364 341.180304 206.630104 153.055545 33.015148 146.348898 167.672299 
298.000000 6.000000 1.000000 a 335.089540 351.573605 182.603395 196.367003 303.659349 317.838009 378.038358 262.954369 191.783732 196.977156 169.858765 433.904367 437.961185 255.156815 374.513017 374.049462 453.339828 277.088434 154.402073 311.014469 384.438552 339.673373 290.077576 407.953429 181.603965 260.583960 203.789107 366.390502 225.375243 358.231769 
273.000000 1.000000 4.000000 a 93.005376 357.593344 115.312619 98.595132 227.336755 386.020725 84.118963 414.323545 331.436268 136.356151 220.438200 278.632374 282.143580 75.059976 144.585615 166.330995 304.085514 182.989071 140.089257 61.522354 300.083322 256.820949 67.542579 182.123584 133.555232 92.439169 258.288598 326.681802 185.528973 159.113167 
121.000000 9.000000 1.000000 a 283.487213 144.471450 214.149481 234.034186 153.834326 110.602893 367.789342 108.503456 40.853396 171.685759 90.022219 282.540263 285.954542 233.137299 294.821980 277.937043 294.090122 161.375339 222.396043 279.732015 206.050965 175.231276 257.233357 312.860991 278.539046 220.988687 48.846699 171.493440 126.562238 263.047524 
192.000000 8.000000 3.000000 a 72.111026 231.812424 182.222392 183.730781 103.247276 282.449996 164.906034 345.800521 281.716169 146.085591 191.856717 122.286549 126.035709 112.729765 52.773099 34.985711 147.627911 82.807005 218.277347 97.082439 149.906638 116.107709 93.509358 70.830784 249.617708 95.189285 199.251098 188.002660 128.891427 19.209373 
188.000000 5.000000 5.000000 a 263.685419 374.546392 109.457754 113.441615 288.142326 362.215406 285.727143 335.672459 251.718096 150.986754 176.581426 402.243707 406.355755 185.002703 311.006431 318.512166 425.130568 249.200722 73.246160 234.061958 375.587540 326.724655 217.389052 348.242731 74.518454 197.820626 224.804359 372.978552 206.390407 304.258114 
281.000000 4.000000 2.000000 a 323.047984 411.753567 168.026784 172.838075 337.502593 389.966665 343.048102 347.968389 269.940734 205.448290 215.418198 456.773467 460.895867 244.073759 370.033782 376.765179 479.009394 301.378500 132.003788 293.470612 423.962262 375.825757 276.723689 407.044224 128.378347 256.236219 260.017307 416.303975 255.156815 362.244393 
291.000000 1.000000 4.000000 a 200.212387 98.508883 215.230109 229.093867 35.902646 143.781084 294.749046 217.340746 172.409396 160.860188 134.134261 150.986754 154.382642 187.555325 191.269443 167.263266 163.024538 76.485293 241.867732 211.191856 81.394103 43.657760 194.486503 198.338095 292.984641 167.868997 105.004762 73.878278 96.176920 155.467038 
127.000000 8.000000 5.000000 a 348.855271 141.028366 285.007017 305.006557 203.823453 74.953319 435.983945 43.840620 64.498062 242.860042 161.049682 319.377520 322.256109 303.169919 354.752026 334.861165 326.070545 222.092323 291.487564 347.731218 232.594067 214.804562 325.729949 368.365308 347.224711 290.043100 118.663389 186.260570 194.486503 321.006230 
290.000000 2.000000 1.000000 a 253.000000 45.607017 271.830830 286.419273 90.094395 111.018017 348.001437 204.824315 184.067922 217.448845 178.616908 160.701587 163.027605 245.709178 236.913486 210.059515 163.917662 134.201341 296.789488 266.807046 69.892775 71.568149 251.246891 236.782601 349.227719 225.858363 138.397977 25.179357 151.822265 200.823305 
Type de surveillance de chaque endroit(target):tab[nombre de target]
a a a a a a a a a a a a a a a a a a a a a a a a a a a a a a 