Nombre des capteurs:
100
Nombre des targets:
70
Nombre de type de surveillance:
1

Caracteristiques:
107.000000 7.000000 3.000000 a 394.045683 171.819673 488.942737 421.370383 323.310996 370.919129 171.965113 188.321534 277.221933 224.902201 394.568118 178.518907 300.106648 179.368336 381.576991 232.997854 335.335653 94.826157 223.986607 278.454664 299.643121 176.045449 326.013803 464.088354 324.154284 318.265612 245.904453 189.380569 445.394207 343.351132 463.538564 29.000000 447.599151 228.002193 97.514102 249.994000 404.467551 255.988281 446.149078 222.461233 374.702549 395.379564 260.276776 328.562018 195.931110 249.777901 241.665057 106.400188 199.529446 26.248809 130.698125 360.184675 526.277493 228.089895 32.310989 376.718728 91.416629 186.271308 315.398161 131.026715 260.403533 328.324535 469.490149 60.108236 183.152942 458.667636 318.926324 425.264623 379.759134 296.743997 
242.000000 7.000000 5.000000 a 275.045451 240.308136 425.018823 339.005900 368.401954 421.868463 199.123078 119.954158 155.364089 150.416090 367.306412 220.292987 182.630775 45.793013 432.902991 197.448728 339.346431 158.145503 294.244796 188.661072 229.538668 72.180330 305.262182 396.020202 332.340187 205.866462 176.207264 277.108282 353.974575 287.617802 382.604234 107.912001 356.203593 241.074677 50.249378 277.259806 376.621826 317.320028 333.030029 129.634100 322.471704 298.484505 143.003496 205.078034 241.878068 240.634578 288.721319 150.083310 199.424171 128.705089 232.077573 274.803566 496.332550 139.344896 138.600144 300.887022 44.553339 254.960781 295.381110 173.925271 157.784663 295.237193 421.868463 124.197423 252.549005 376.215364 194.833262 419.528307 364.660116 188.162164 
110.000000 2.000000 2.000000 a 448.135024 45.177428 432.467340 403.792026 152.410630 190.394328 112.805142 234.827596 357.604530 256.031248 300.780651 88.543774 366.994550 317.064662 200.179919 209.200860 212.473528 118.511603 44.598206 307.043971 292.740499 268.069021 240.066657 417.306842 198.587512 371.830607 260.249880 3.162278 439.118435 302.200265 437.164729 193.762742 440.964851 138.014492 226.353706 124.723695 309.588436 79.202273 480.707811 277.650860 320.563566 406.492312 336.400059 402.715781 79.309520 179.136819 89.894382 127.882759 151.528875 171.976743 62.169124 359.346629 417.737956 275.495916 161.372240 357.359763 251.872984 38.470768 231.812424 109.603832 313.676585 259.113875 391.716734 156.869372 38.078866 435.459527 396.107309 297.968119 272.415124 348.691841 
226.000000 5.000000 2.000000 a 172.539850 296.432117 135.148067 66.007575 293.455278 336.251394 233.173755 177.530279 186.123615 141.820309 136.124943 252.160663 163.248277 283.063597 344.053775 136.623570 192.665513 291.290233 313.904444 105.152271 62.128898 217.830209 128.689549 106.301458 199.444228 140.288987 117.324337 340.906145 101.636608 42.801869 104.048066 334.982089 103.368274 201.069640 281.902465 227.369743 140.427917 304.867184 169.011834 160.776242 58.240879 85.632938 178.084250 185.000000 258.745048 159.840546 267.619132 271.648670 191.128229 337.326252 348.826604 42.720019 231.659232 150.695056 338.162683 19.416488 317.970124 299.608077 129.529919 262.225094 143.178211 99.020200 142.635900 304.921301 300.308175 100.448992 188.265770 213.241647 161.037263 135.591298 
225.000000 3.000000 4.000000 a 310.103209 190.520340 427.762785 350.766304 327.013761 379.427200 158.316139 117.324337 192.374635 153.495928 352.238556 176.229963 216.083317 100.264650 390.462546 181.603965 311.168764 105.848949 245.230504 202.615399 232.744495 92.541882 286.274344 400.622016 302.483057 235.552542 177.530279 224.555116 371.079506 284.481985 393.954312 56.753854 373.310862 206.951685 13.601471 239.526616 361.941984 270.765581 363.918947 143.892321 318.210622 318.460359 176.011363 243.665755 197.496835 214.953483 245.344656 101.000000 168.237927 75.133215 177.409132 287.563906 483.838816 151.158857 84.380092 308.566038 32.388269 205.496959 275.855034 127.011810 179.738699 281.440935 416.659333 69.404611 202.881739 388.355507 233.944438 396.295344 344.419802 214.869728 
109.000000 7.000000 4.000000 a 215.341589 212.136748 334.480194 251.644591 311.168764 365.246492 152.551631 34.014703 105.603030 59.405387 279.728440 178.216161 122.784364 96.690227 376.017287 114.629839 263.017110 151.168780 259.433999 101.965681 138.657852 22.360680 221.054292 305.865984 258.193726 138.090550 85.211502 257.108926 270.296134 196.697738 295.133868 152.069063 272.530732 177.485211 87.595662 217.248705 288.766342 274.054739 265.369554 42.720019 231.607426 217.276322 85.440037 155.270731 198.305320 165.302753 239.269722 133.958949 135.351395 163.012269 229.612717 187.800426 406.964372 50.606324 168.428026 211.463945 119.570063 224.403654 211.811237 146.219014 79.511006 207.790760 330.969787 139.086304 222.874404 289.171230 146.894520 336.942132 280.401498 116.038787 
202.000000 1.000000 5.000000 a 407.314375 196.002551 511.566222 441.714840 347.938213 394.981012 197.496835 207.634294 289.027680 244.393126 419.386457 203.960781 313.312943 183.439363 405.571202 256.400078 360.867012 120.353646 247.347933 296.735573 320.663375 189.855208 350.907395 486.235540 349.704161 332.845309 266.326867 211.002370 464.569693 366.110639 484.232382 47.413078 466.786889 253.503452 110.652610 275.485027 429.284288 279.873186 461.172419 239.403425 397.915820 413.458583 273.183089 340.147027 221.165097 274.798108 266.580194 131.825642 224.555116 51.613952 151.211772 379.802580 551.217743 245.751907 57.697487 397.645571 95.078915 210.237960 340.283705 156.579054 276.378364 352.618774 493.365990 85.041167 207.099010 479.150290 330.255961 450.751595 404.991358 311.977563 
233.000000 5.000000 1.000000 a 167.600716 243.680118 215.678001 137.786066 280.713377 330.600968 176.323566 97.247108 127.475488 61.032778 179.471446 199.551998 114.481440 205.652620 340.036763 79.309520 197.797877 221.652882 272.800293 37.483330 20.591260 137.644470 138.322088 187.211111 199.123078 102.727796 37.696154 290.642392 163.590953 82.873397 180.272017 256.704110 165.737745 161.446586 201.357890 197.091349 187.072179 272.360056 192.771886 81.541401 117.388245 120.503112 113.110565 146.741269 211.539594 125.495020 233.529441 201.635810 136.623570 260.892698 287.367361 77.929455 297.270920 71.028163 262.773667 94.154129 237.075937 250.169942 132.853303 197.306868 74.242845 114.127122 215.334623 229.706334 250.137962 175.162781 145.602198 248.973894 191.157004 85.796270 
196.000000 9.000000 1.000000 a 81.049368 454.313768 338.212951 238.411409 515.244602 565.404280 388.418589 264.801813 144.086779 244.883646 388.068293 414.400772 132.412235 245.165250 574.811273 306.184585 429.959300 400.835378 494.446155 202.474690 243.821656 245.122418 367.151195 309.000000 432.681176 133.124002 247.503535 501.184597 216.834038 288.480502 264.833910 387.659645 218.013761 390.333191 319.180200 428.621045 392.444901 500.344881 123.967738 221.652882 310.227336 177.369670 164.575211 96.519428 431.196011 358.510809 461.936143 383.262312 356.742204 404.148488 478.966596 209.346603 470.158484 223.897298 411.680702 242.787973 330.430023 464.525564 363.748540 392.587570 186.206874 339.063416 376.820912 385.849712 463.605436 256.704110 103.445638 464.888159 410.728621 154.175225 
225.000000 7.000000 1.000000 a 318.692642 210.202284 199.203414 204.474937 148.408221 185.827877 171.944759 212.607620 292.412380 195.064092 61.032778 175.573346 280.643902 342.940228 193.002591 132.003788 42.059482 249.609695 202.595656 203.494472 152.279349 268.627996 27.892651 190.821906 52.201533 266.660833 174.287119 242.915623 244.124968 109.786156 223.948655 323.422325 245.283509 116.661905 297.607124 115.108644 70.007142 181.176709 321.038938 228.000000 104.809351 237.625756 275.914842 311.926273 169.068034 92.649879 151.990131 235.185034 142.411376 315.103158 274.781732 191.801981 186.560982 218.036694 310.845621 168.582324 337.831319 205.936884 35.000000 212.849712 237.227739 55.226805 152.590956 281.584801 208.000000 225.204352 311.488363 90.956033 38.418745 251.745904 
201.000000 8.000000 4.000000 a 361.566038 216.813284 221.488149 241.456000 122.588743 151.211772 191.128229 249.969998 335.049250 235.306184 77.884530 188.957667 323.867257 380.217043 157.063681 169.357610 28.284271 269.016728 198.010101 246.562365 195.724296 306.192750 71.168813 218.403297 41.400483 310.111270 215.696546 242.423184 281.016014 151.604749 256.425428 347.673698 282.001773 135.074054 328.568106 119.970830 83.186537 170.880075 361.835598 268.538638 141.873183 278.648524 318.147764 355.337867 177.800450 122.527548 149.412182 256.859884 168.860889 336.982195 282.418130 233.805475 178.443268 258.853240 331.544869 208.693555 368.490163 209.678325 76.902536 232.262782 279.664084 98.412398 167.430583 304.435543 212.190952 258.631011 354.812627 62.481997 42.201896 295.040675 
219.000000 9.000000 4.000000 a 336.001488 178.058979 444.299449 370.818015 320.825498 372.086012 155.232084 136.418474 218.826415 173.141561 361.619966 169.852878 242.002066 125.363472 383.063963 193.072525 313.957003 92.070625 232.957078 224.521714 250.928277 118.038129 294.350132 417.972487 304.356699 260.768096 196.010204 208.124962 392.674165 299.701518 413.672576 29.832868 394.897455 207.523493 39.115214 237.002110 371.436401 260.693306 388.960152 166.865215 332.663494 341.083567 202.061872 270.159212 190.378570 220.553848 238.354778 92.195445 171.735261 49.091751 157.280005 308.311531 493.697276 173.366663 59.033889 327.536258 44.294469 193.189027 283.783368 119.419429 203.855341 292.099298 430.069762 51.244512 190.378570 408.354013 260.509117 401.199452 351.283361 239.641399 
203.000000 4.000000 1.000000 a 321.076315 217.347648 194.579033 203.590275 151.168780 186.775266 179.694185 219.456146 297.405447 201.248602 54.571055 183.098334 285.043856 349.721318 193.600103 138.974818 44.271887 257.390754 208.691159 208.146583 156.217797 275.394263 33.060551 187.243157 55.731499 270.490296 180.069431 249.505511 243.248844 111.211510 221.652882 331.217451 244.346066 124.326184 305.144228 121.840059 63.245553 186.526138 321.908372 234.053413 103.730420 238.597988 281.186771 315.919293 176.298043 100.404183 158.151826 242.991769 150.206524 322.913301 282.063823 193.403723 178.868667 224.002232 318.650279 169.011834 345.376606 212.849712 41.303753 220.621848 242.396370 58.180753 146.659470 289.394195 214.953483 223.181540 315.702392 83.952367 30.610456 256.041012 
255.000000 6.000000 4.000000 a 455.563387 198.806439 323.519706 345.144897 48.414874 47.127487 207.696895 307.084679 411.526427 303.382597 181.466250 192.398025 405.711720 431.027841 52.354560 233.499465 100.419122 275.278041 156.473640 328.586366 284.112654 360.901649 164.757397 322.490310 95.425364 396.349593 289.580731 203.403540 384.793451 250.415654 361.134324 360.451106 385.861374 163.990853 361.271366 127.000000 185.396872 121.605921 461.862534 336.162163 245.283509 378.413795 392.390112 439.710132 172.930622 178.058979 126.491106 270.120344 206.518764 344.088651 258.278919 331.670017 252.907098 328.074687 335.919633 309.885463 398.287585 186.045693 165.849329 242.837394 356.202190 194.455650 266.317480 316.393742 189.179809 363.298775 437.529428 132.015151 145.907505 378.318649 
117.000000 2.000000 3.000000 a 359.494089 450.921279 101.138519 204.462711 364.880802 378.297502 406.123134 397.458174 411.825206 364.824615 180.155488 414.131622 385.875628 511.715741 379.890774 333.208643 269.966665 480.370690 441.653711 334.252898 286.220195 444.004504 246.058936 132.280006 283.816842 359.784658 339.064891 483.587634 220.735135 228.127158 172.742583 542.885808 219.583697 354.216036 500.009000 356.040728 171.026314 416.454079 318.001572 388.155897 193.829822 266.610202 406.078810 399.515957 409.591260 320.881598 391.522669 463.276375 369.431996 539.656372 514.845608 258.017441 88.022724 377.689026 537.609524 223.617978 538.554547 446.968679 256.031248 444.994382 372.228424 237.741456 95.900991 505.633266 449.017817 180.897761 405.405969 201.002488 208.520982 360.756150 
296.000000 1.000000 4.000000 a 195.478899 226.631860 320.494930 234.957443 318.097469 371.974461 164.657220 38.948684 87.817994 50.289164 273.364226 190.685605 103.324731 102.318131 382.608155 114.280357 263.548857 169.387131 272.150694 84.599054 125.801431 32.557641 217.680959 291.331426 259.738330 118.105885 75.239617 272.369235 252.230054 185.930094 278.539046 171.944759 254.466108 184.230833 106.737997 224.403654 282.109908 284.861370 245.399674 25.000000 220.911747 198.517002 67.082039 136.488095 210.059515 167.705098 249.018072 151.608047 143.108351 183.010929 247.309523 170.847886 398.421887 34.655447 188.382589 196.155551 136.883162 238.321212 208.959326 162.049375 59.682493 202.032176 319.907799 158.823802 236.966242 272.360056 128.444541 333.781366 276.523055 96.046864 
273.000000 2.000000 5.000000 a 18.439089 410.728621 246.245812 146.768525 448.528706 495.827591 342.986880 231.613903 135.823415 202.111355 303.275452 367.729520 108.903627 259.624729 504.528493 250.063992 355.316760 372.263348 443.686826 148.771637 174.522205 232.215417 291.109945 217.002304 359.922214 90.271812 195.563289 458.136443 125.299641 207.735409 173.158887 379.047490 126.589889 333.114095 311.411304 368.419598 306.740933 444.038287 45.221676 189.928934 224.984444 87.091905 149.090576 89.470666 381.540299 296.602428 405.208588 352.954671 305.915021 391.250559 446.284663 125.717938 378.803379 187.683244 396.726606 155.862119 333.084073 418.718282 289.385556 356.140422 150.472589 261.811001 285.539840 366.771046 418.359893 164.984848 99.809819 380.623173 328.817579 113.000000 
125.000000 4.000000 3.000000 a 143.405021 262.908729 273.001831 181.466250 330.189340 382.523202 196.379734 77.369245 62.297673 52.630789 247.977822 222.265607 60.141500 144.692778 392.593938 117.885538 258.520792 218.048160 302.200265 34.438351 88.073833 88.141931 203.081265 242.695282 257.769277 65.145990 59.933296 310.096759 195.726850 150.615404 224.964442 229.386137 197.959592 200.384630 164.711870 239.804087 255.650152 309.012945 189.002645 36.000000 184.393601 141.031911 45.177428 96.260064 238.947693 172.904598 270.977859 198.917068 164.830216 239.353295 293.163777 117.456375 364.742375 33.526109 244.018442 146.819617 193.829822 272.635288 196.328806 203.924005 6.708204 181.135309 280.235615 213.190056 271.823472 218.332316 91.350972 316.267292 258.278919 41.761226 
263.000000 7.000000 2.000000 a 355.185867 378.941948 110.145359 197.989899 286.148563 299.482888 339.200531 348.528335 384.443754 319.411960 110.421918 344.522858 361.885341 470.992569 301.303833 276.739950 193.940713 415.616410 366.006831 299.152135 246.050808 399.530975 178.997207 131.867358 207.867746 338.280948 293.846899 409.157671 226.373585 183.698122 181.298097 483.735465 225.960173 285.124534 447.200179 282.651729 100.603181 339.560009 325.969324 346.770818 149.120756 258.774033 375.000000 381.895274 338.008876 255.440795 316.425347 399.712397 305.360443 478.213342 443.798378 236.122849 34.132096 336.014881 475.113671 199.904977 486.859323 373.887684 189.496702 379.348125 338.048813 177.234308 59.211485 444.207159 376.109027 188.162164 385.996114 122.004098 133.753505 334.200539 
257.000000 4.000000 1.000000 a 499.607846 211.021326 368.490163 391.429432 63.639610 12.529964 233.040769 341.843531 450.799290 341.392736 227.270764 214.021027 446.587058 461.853873 7.000000 271.911750 146.102704 293.339394 161.276161 370.060806 327.502672 393.974618 210.211798 368.285216 140.014285 438.503136 329.370612 205.000000 431.082359 296.057427 407.357337 378.450789 432.158536 196.451012 386.808738 156.923548 230.846269 127.349912 507.410091 373.567932 291.564744 423.987028 431.147307 481.133038 193.010362 216.455538 145.003448 291.109945 238.738351 360.223542 263.928020 376.920416 290.062062 366.050543 351.163779 355.815964 422.058053 196.756194 210.722566 264.030301 395.941915 239.943743 310.440010 335.256618 199.902476 409.575390 478.483020 173.118457 191.856717 419.763028 
248.000000 7.000000 1.000000 a 536.525861 189.889442 433.655393 444.568330 93.477270 68.593003 232.723011 354.830946 472.448939 362.200221 290.131005 208.722304 472.969344 463.017278 69.921384 296.330896 199.624648 275.862284 134.974072 399.741166 364.551780 401.601793 259.470615 430.081388 189.694491 469.093807 355.225281 167.299133 484.004132 344.026162 465.385861 357.347170 485.309180 213.037555 379.153003 173.761331 295.177912 110.860272 552.073365 391.934944 345.800521 469.600894 451.738863 508.709151 187.384631 243.952864 144.754965 278.921136 251.284699 336.536774 227.793766 421.170987 364.927390 386.063466 326.300475 404.911101 410.079261 174.771279 257.262512 253.842471 419.954759 288.383425 377.985449 317.208134 177.552809 466.669048 504.620650 245.099980 254.442528 448.362576 
114.000000 6.000000 1.000000 a 143.003496 324.234483 137.829605 45.177428 327.273586 370.303929 259.326050 189.274932 174.865663 152.541798 166.811271 279.723077 148.761554 282.391572 378.112417 161.003106 226.715681 312.553995 344.511248 105.891454 78.917679 222.607278 162.742127 106.677083 233.482333 123.081274 130.633074 369.579491 73.006849 76.837491 88.509886 349.481044 75.000000 231.138487 292.261869 259.254701 170.176379 336.867927 135.148067 165.205932 88.588938 52.009614 170.581359 165.060595 287.737728 190.244579 299.205615 292.638002 217.517815 353.860142 374.005348 21.095023 251.161303 156.156972 355.643080 19.313208 326.197793 328.306259 163.444180 285.632631 140.185591 133.060137 158.911925 322.522867 328.823661 82.764727 169.858765 244.180261 193.600103 123.891081 
225.000000 7.000000 1.000000 a 237.185581 243.731410 155.666310 128.514591 223.805719 265.966163 186.967912 172.568827 224.020088 144.180443 82.152298 201.246118 207.761883 296.556909 273.766324 104.484449 122.429572 255.806568 253.237043 134.014925 79.025312 224.082574 58.412327 136.312142 129.201393 190.394328 119.037809 285.142070 167.430583 27.586228 156.284996 314.229216 168.860889 144.346805 272.470182 164.073154 89.805345 240.376788 239.039746 173.303203 39.560081 155.589203 210.401996 236.254100 203.553433 104.086502 204.677796 237.592087 146.536685 311.801219 301.988410 109.480592 204.394227 162.560758 310.394910 87.920419 311.724237 244.401309 59.941638 222.308344 171.572142 28.844410 133.003759 277.913656 245.589088 155.540991 237.118114 153.951291 97.416631 178.488095 
146.000000 3.000000 5.000000 a 438.046801 70.434367 460.844876 417.873187 215.334623 256.320112 119.519873 217.609742 335.858601 246.174735 339.453973 105.688221 350.235635 274.590604 266.311847 216.113396 259.200694 79.404030 107.837841 301.240767 299.060195 237.993697 273.645756 442.001131 245.839378 359.872200 256.826790 65.115282 450.027777 321.566478 455.096693 135.771867 452.039821 165.462987 181.289823 167.409677 348.891100 142.663941 478.131781 260.768096 345.370815 410.494823 315.317301 384.512679 110.453610 202.484567 142.341140 96.664368 161.372240 112.720894 5.000000 366.196668 463.729447 261.204900 101.592323 370.777561 199.624648 79.309520 264.077640 92.913939 299.487896 287.141080 426.769258 106.667708 76.419893 452.244403 376.670944 348.518292 315.245936 336.475854 
116.000000 2.000000 5.000000 a 387.014212 148.788440 470.978768 406.355755 300.016666 347.869228 149.264865 175.581890 272.264577 211.624668 373.448792 155.206314 293.537050 183.076487 358.559618 214.373506 312.579590 71.693793 201.419959 266.332499 284.073934 170.000000 304.803215 446.768396 301.264004 310.130618 231.320125 168.193341 431.726765 325.382851 448.035713 30.413813 433.913586 205.419084 94.578010 226.744349 383.345797 233.070805 437.114402 212.285186 356.058984 383.083542 254.283307 323.538251 172.525360 228.396585 218.288800 84.291162 178.213355 9.219544 110.860272 346.174811 504.892068 217.018432 8.944272 361.072015 98.310732 163.355441 294.210809 108.166538 251.049796 308.131465 449.814406 40.311289 160.252925 443.427559 314.213303 402.683499 357.850527 288.001736 
141.000000 6.000000 2.000000 a 114.017543 325.628623 318.070747 217.313138 403.744969 456.426336 261.725047 135.473245 12.806248 123.146255 316.056957 287.897551 32.249031 128.705089 466.588684 191.541118 332.701067 268.328157 369.120577 100.841460 155.261070 112.641023 275.951083 286.722863 332.174653 59.640590 134.331679 371.807746 218.449079 215.188290 257.937977 257.528639 220.510771 272.398605 188.798835 312.296334 323.001548 378.874649 174.771279 94.111636 246.483265 161.483745 33.941125 43.185646 306.197649 246.894714 341.552339 251.079669 234.580477 272.809457 346.770818 159.890588 425.215240 99.201814 279.892837 195.112788 205.243758 336.786282 269.703541 261.839646 67.779053 252.438111 336.185960 253.308113 335.596484 250.199920 33.015148 387.176962 329.437399 58.249464 
149.000000 6.000000 5.000000 a 271.447969 402.375447 12.369317 115.693561 344.502540 370.049997 349.262079 320.975077 324.678302 286.448948 144.886162 361.680798 298.107363 428.813479 374.156384 265.186727 239.603840 418.669321 403.090561 250.601277 206.480023 363.785651 197.294197 43.657760 252.285552 271.692841 261.137895 440.432742 134.059688 154.486245 86.209048 473.439542 133.135270 302.696217 425.089402 313.561796 138.917242 383.157931 233.137299 306.863162 123.878973 177.890416 320.031248 310.871356 361.199391 264.697941 352.547869 400.256168 309.386490 472.822377 463.113377 170.883001 132.378246 296.723777 472.076265 137.844115 462.329969 401.059846 205.543183 385.253164 287.642139 180.080538 57.697487 439.232285 402.647489 94.085068 316.900615 198.156504 180.036107 273.724314 
255.000000 7.000000 4.000000 a 255.362487 170.082333 347.414738 273.534276 278.976702 333.024023 114.061387 39.560081 148.922799 76.216796 274.492259 138.798415 164.468842 119.519873 343.960754 103.353761 243.310501 107.935166 219.107280 130.049990 153.323188 55.803226 210.487529 320.655578 236.545979 177.225845 98.412398 214.310522 296.664794 203.823453 316.218279 121.148669 298.872883 147.665162 68.680419 185.776748 284.042250 236.135554 302.134076 77.414469 237.587878 246.910915 128.444541 197.952014 159.665275 144.544111 203.184645 90.426766 105.233075 127.738013 186.118242 211.624668 405.267813 81.024688 131.461021 229.941297 108.004630 182.879742 200.384630 103.276328 116.841773 202.891597 336.203807 100.005000 181.176709 311.014469 189.873642 323.827114 269.631230 154.301653 
224.000000 4.000000 1.000000 a 380.236768 262.606169 205.827598 246.002033 153.055545 168.181450 238.075618 290.511618 366.649697 272.530732 74.027022 235.849528 352.618774 420.862210 171.268795 209.847564 75.166482 316.006329 240.303974 276.761630 223.181540 346.554469 104.120123 209.403916 87.681241 336.185960 251.007968 285.896835 284.429253 170.299736 253.013834 394.275285 285.070167 181.958787 373.268000 166.243797 73.552702 210.888596 372.833743 305.235974 151.267974 291.398353 351.118214 382.001309 224.207493 166.940109 193.313217 303.698864 214.662526 383.860652 328.161546 250.449596 137.244308 295.108455 378.502312 220.719279 413.358198 254.803846 112.641023 279.234668 312.169826 125.159898 146.441114 351.193679 257.419890 256.632032 382.562413 15.556349 48.507731 323.396042 
226.000000 3.000000 2.000000 a 237.191905 169.499263 307.247457 236.915597 256.908544 310.909955 104.690019 22.825424 144.360659 45.398238 234.367233 130.862523 152.643375 149.214611 321.622449 63.906181 209.403916 126.570139 212.136748 101.316336 115.039124 76.236474 171.735261 281.016014 204.000000 159.326708 61.846584 216.363121 262.488095 163.027605 278.926514 158.319298 264.660159 123.032516 109.786156 163.049072 243.823707 223.432316 277.893865 63.411355 196.596033 215.752173 123.109707 188.321534 149.402142 111.000000 187.301895 106.794195 81.437092 161.595173 199.323857 176.819117 364.642290 61.294372 163.487003 192.106741 149.013422 180.069431 161.913557 109.562767 99.729635 162.496154 295.108455 130.495211 179.011173 274.116763 181.818591 286.457676 231.164444 135.930129 
167.000000 5.000000 4.000000 a 271.825312 190.874304 206.155281 181.041432 177.101666 223.557599 137.800581 154.738489 235.017021 136.058811 97.800818 149.452334 225.079986 284.763059 232.361787 75.026662 86.815897 211.066340 199.110522 147.472031 100.124922 210.440015 32.984845 189.169236 88.752465 213.358853 115.524889 231.365512 219.164322 77.491935 210.373477 277.315705 220.730605 91.082380 244.597629 110.217966 107.615055 187.085542 282.800283 169.002959 92.265920 200.249844 217.892175 257.720779 150.206524 52.554733 150.814456 194.200927 100.124922 271.897039 250.856533 151.822265 229.889104 159.078597 269.133796 137.615406 284.787640 190.850727 24.020824 175.786803 179.513231 32.310989 174.269906 237.857100 192.150982 209.458827 256.462473 148.946299 92.444578 196.697738 
129.000000 1.000000 4.000000 a 91.350972 320.395069 208.556947 108.166538 355.675414 403.853934 252.675681 152.328592 104.847508 118.067777 224.831048 276.702006 77.388630 220.367874 412.819573 157.419821 265.444910 289.836161 351.091156 62.032250 81.320354 170.308544 202.039600 177.191986 269.007435 51.244512 105.990566 367.632969 115.208507 123.648696 149.936653 310.257957 117.413798 239.774894 246.738728 274.823580 230.063035 350.595208 115.948264 116.661905 148.637142 59.059292 103.947102 94.191295 289.499568 203.002463 311.777164 269.981481 214.161154 318.778920 360.284610 51.788030 321.311375 110.643572 322.591072 87.965902 276.007246 327.566787 199.160739 269.675731 81.859636 173.666347 229.995652 290.688837 327.392731 142.523682 98.310732 300.780651 245.686792 55.226805 
232.000000 6.000000 1.000000 a 541.225461 220.111335 418.083724 438.554444 95.000000 48.373546 254.803846 371.776815 485.519310 375.246586 276.400072 232.658548 483.513185 486.004115 43.011626 307.039085 192.210822 305.655034 166.027106 408.208280 368.647528 421.370383 255.409475 417.426640 184.621234 477.296554 365.568051 203.214173 478.210205 341.263828 455.781746 389.032132 479.353732 226.773014 405.622978 186.531499 280.223125 136.824705 551.987319 406.388976 338.775737 468.745133 465.292381 518.700299 211.073447 252.491584 164.842349 306.620286 267.568683 369.066390 263.865496 421.070065 338.072477 399.644842 359.200501 401.601793 438.463225 205.060967 254.921557 280.472815 431.588925 285.043856 360.161075 347.519784 208.038458 457.782700 515.388203 222.623000 240.840196 457.611189 
199.000000 7.000000 3.000000 a 467.463368 181.603965 348.104869 364.116740 30.066593 27.802878 199.303788 307.058626 416.425263 306.843608 204.924376 181.176709 412.662089 427.365183 37.589892 237.491052 117.660529 261.919835 135.070352 336.429785 295.025423 359.246434 180.601772 345.508321 109.808925 405.123438 295.203320 180.944743 403.754876 266.450746 382.426464 347.224711 404.930858 161.681786 353.277511 122.249744 209.618701 100.179838 477.247315 338.923295 264.461717 393.970811 396.678711 447.393563 160.527256 182.123584 112.641023 258.698666 204.004902 329.674081 237.932764 346.382736 281.712620 331.483031 320.951710 326.810343 389.020565 167.919624 180.161039 231.486501 361.707064 210.230826 292.035957 303.646176 171.081852 384.158821 444.567205 160.112460 169.189243 386.073827 
205.000000 5.000000 5.000000 a 108.074049 365.198576 152.777616 50.089919 374.168411 417.306842 298.964881 214.897650 171.405951 178.664490 210.304541 320.663375 142.126704 289.870661 425.089402 200.259831 273.660373 346.467892 388.332332 124.919974 116.249731 238.813735 209.745083 122.188379 280.492424 114.477072 160.701587 411.306455 45.607017 123.846679 84.970583 375.133310 47.801674 274.803566 313.676585 304.507800 212.720474 382.102081 89.022469 183.469343 133.003759 13.000000 172.904598 148.070929 330.092411 234.437625 344.095917 326.442951 257.782854 381.907057 411.885907 49.244289 281.396517 176.173210 384.796050 64.381674 344.419802 370.195894 210.418630 322.155242 150.950323 180.069431 188.066478 352.149116 370.519905 76.941536 155.235305 287.433471 238.824203 124.084649 
129.000000 8.000000 1.000000 a 230.703273 205.761998 350.178526 268.404545 312.233887 366.350925 149.412182 43.462628 118.270876 74.276510 291.238734 174.416169 137.462722 89.022469 377.222746 123.223374 269.670169 139.942845 254.892134 118.966382 154.175225 20.000000 230.766115 321.822933 264.068173 154.003247 99.904955 249.609695 287.346481 211.021326 311.852529 135.532284 289.580731 179.446371 70.519501 218.524598 300.443006 271.488490 281.710845 59.808026 245.800732 234.360833 98.954535 168.834238 195.133288 171.105231 237.928561 123.810339 136.894120 147.217526 218.892668 204.658252 419.647471 67.535176 153.062079 227.800351 102.902867 218.652693 221.205787 138.621788 96.176920 219.155196 345.202839 124.663547 216.926255 305.954245 160.056240 346.135811 290.243002 132.306462 
103.000000 6.000000 4.000000 a 235.847408 213.114992 190.790461 150.920509 212.927218 259.624729 153.375357 139.086304 204.518948 113.758516 109.416635 169.578890 192.333044 265.956763 268.404545 68.117545 121.433109 220.145406 227.899100 115.208507 64.884513 192.416216 60.440053 169.640797 124.402572 179.011173 90.094395 256.329866 187.723200 49.091751 184.010869 277.850679 189.422807 115.624392 237.075937 141.396605 118.330047 218.984018 247.258974 145.000000 74.686009 165.157501 188.679623 223.948655 174.140748 74.330344 181.532366 201.695315 112.089250 275.436018 269.135654 116.503219 237.402612 134.495353 274.116763 105.513032 276.602603 215.148786 55.461698 187.275199 149.753130 38.327536 169.248338 241.571935 216.057863 182.098874 223.271136 173.002890 115.000000 163.490061 
222.000000 4.000000 2.000000 a 10.816654 401.627937 268.793601 167.074834 449.258278 498.080315 334.240931 217.572976 112.538882 191.023559 314.841230 359.580311 88.277970 234.350165 507.158752 245.000000 360.056940 357.962289 437.416278 141.173652 175.285481 212.285186 296.516441 238.757199 363.600055 75.392307 188.063819 449.016703 149.896631 216.011574 197.101497 359.313234 151.380316 329.074460 291.042952 365.855163 319.081494 440.028408 73.878278 174.722637 236.864940 105.042848 128.035151 63.324561 374.603791 294.496180 401.254283 339.081111 299.040131 372.647286 433.609271 136.014705 397.850474 173.954017 378.683245 169.292646 310.551123 410.465589 293.777126 344.280409 135.665029 267.884303 304.532428 349.676994 409.897548 188.862384 73.763134 391.817560 338.189296 98.792712 
240.000000 7.000000 2.000000 a 302.654919 346.343760 77.388630 147.258277 273.660373 296.622656 300.166620 297.477730 329.369094 267.029961 77.278716 308.650288 306.789830 417.737956 300.408056 229.102597 171.493440 374.432905 340.484948 244.517893 192.005208 347.113814 140.459959 88.600226 184.878338 283.296664 241.298570 380.763706 179.108905 130.176803 137.593605 438.247647 179.011173 248.718717 398.076626 252.881395 69.354164 317.657048 277.353565 293.388821 95.257546 206.341949 320.112480 327.116187 304.921301 214.888343 289.927577 357.464684 263.491935 434.332822 409.695009 181.397354 88.362888 282.667649 432.041665 145.220522 437.292808 343.110769 150.266430 338.998525 283.397248 132.003788 16.763055 400.281151 345.028984 143.387587 331.074010 123.878973 110.040901 279.093174 
130.000000 2.000000 4.000000 a 227.378539 176.411451 268.477187 203.735122 238.069318 291.139142 108.632408 53.851648 153.169840 42.941821 194.589311 133.281657 153.521985 183.983695 301.469733 28.160256 177.406313 152.318745 210.800854 85.883642 81.394103 109.658561 133.880544 243.115199 173.807365 153.003268 38.910153 223.772206 232.458598 123.405835 244.468812 195.887723 234.559161 106.826963 150.332964 146.478667 203.933813 215.724361 260.161488 75.272837 156.464053 190.515091 132.969921 189.525724 147.871566 82.861330 177.496479 132.370692 72.422372 196.824795 217.441946 147.275253 324.303870 67.542579 197.395542 157.562686 189.620674 184.271539 124.535136 127.251719 100.124922 122.539789 254.656632 164.158460 183.896710 240.243626 184.945938 249.657766 193.313217 130.728727 
286.000000 5.000000 3.000000 a 241.629882 215.594527 185.520888 150.658554 208.827680 254.558441 157.432525 148.033780 213.122031 122.971541 100.244701 172.539850 200.412075 275.136330 263.138747 75.663730 114.825955 225.842866 228.186327 123.555655 72.090221 201.546521 52.554733 165.423698 118.562220 186.461792 99.297533 258.031006 188.215302 47.381431 182.134566 285.156098 189.842040 117.038455 245.409861 140.520461 109.201648 217.882996 251.017928 154.207652 69.289249 168.362704 197.496835 231.624696 176.011363 76.026311 180.944743 207.663189 116.709040 282.251661 272.809457 120.000000 228.615398 143.694120 280.679533 106.282642 285.043856 217.002304 48.548944 192.387630 158.533908 29.154759 161.839427 248.310290 218.036694 180.623919 231.173095 164.027437 106.018866 171.452617 
110.000000 5.000000 5.000000 a 334.037423 400.880281 78.587531 176.102243 318.353577 335.049250 356.203593 351.710108 374.759923 320.156212 130.172962 364.049447 350.281316 469.248335 337.431475 285.070167 221.054292 430.767919 392.312376 293.393933 243.016460 399.941246 196.010204 105.304321 234.829726 325.247598 294.350132 433.868644 199.832430 182.857868 152.777616 494.453233 199.123078 304.138127 453.263720 306.202547 121.148669 367.729520 299.553000 345.059415 148.003378 238.411409 367.315940 367.129405 359.535812 271.046122 342.042395 413.852631 319.832769 490.701539 464.759077 222.427516 65.459911 334.439830 488.439351 186.681547 492.215400 397.034004 206.021844 395.242963 331.965360 188.403822 48.600412 456.653041 399.061399 160.290362 372.146477 157.407115 159.354950 323.817850 
288.000000 7.000000 2.000000 a 408.396866 198.176689 513.483203 443.424176 350.134260 397.141033 199.719804 209.286884 290.006896 246.050808 421.521055 206.196508 314.407379 183.806964 407.726624 258.402786 363.089521 122.588743 249.467433 298.276717 322.443794 191.049732 353.050988 488.108594 351.931812 334.055385 268.061560 213.009389 466.171642 368.046193 485.971193 49.244289 468.389795 255.720551 111.879399 277.721083 431.418590 282.024822 462.403503 240.842272 399.892486 414.966264 274.262648 341.093829 223.394270 276.956675 268.793601 134.033578 226.715681 53.823787 153.160047 381.451176 553.364256 247.250885 59.933296 399.410816 95.566731 212.398211 342.426634 158.808060 277.722883 354.701283 495.403876 87.206651 209.258214 480.870045 331.182729 452.965782 407.171954 313.249102 
261.000000 7.000000 2.000000 a 408.589036 157.292721 301.529435 308.706981 42.720019 86.683332 156.348969 253.211374 359.167092 250.319795 158.028478 143.568799 354.509520 377.234675 96.020831 180.546393 64.288413 227.431308 125.000000 277.949636 236.129202 306.967425 123.822454 295.670425 53.712196 346.459233 237.491052 171.959298 348.208271 209.153054 329.619478 311.878181 349.482475 110.290525 308.933650 74.672619 164.368488 93.536089 419.204008 282.888671 209.811820 336.095225 339.736663 389.019280 125.801431 125.004000 83.600239 220.494898 152.738338 296.816442 220.737401 288.211728 255.219513 275.016363 289.318164 269.862928 346.554469 146.492321 122.413235 193.403723 304.113466 153.101274 249.162598 267.619132 149.459024 330.770313 386.400052 132.230859 123.199026 327.649203 
111.000000 7.000000 2.000000 a 166.859222 434.663088 116.468880 72.339477 419.141981 455.632527 371.001348 298.839422 254.876441 262.185049 230.638245 390.370337 225.019999 375.623482 461.910164 273.309349 313.081459 425.396286 450.799290 210.230826 191.770696 325.149197 254.096438 97.200823 322.778562 197.567710 242.051647 479.025052 41.785165 175.328264 49.578221 459.479053 39.560081 338.740314 399.310656 362.707871 229.268402 439.476962 114.756263 269.386340 166.769302 97.082439 258.213090 224.439301 396.823638 297.437388 403.276580 405.463932 329.001520 465.111815 486.263303 127.094453 258.414396 261.696389 467.369233 119.067208 430.670408 437.740791 258.042632 398.369176 237.402612 226.753170 172.513768 434.388075 438.480330 46.324939 233.032187 301.496269 264.871667 209.611545 
152.000000 6.000000 5.000000 a 291.233583 346.301891 68.425142 135.594985 278.619813 303.295236 298.357169 291.015464 319.695167 259.880742 80.056230 307.782391 296.723777 409.897548 307.405270 224.403654 175.011428 371.748571 342.299576 235.648043 183.806964 339.842611 139.864220 77.466122 188.130274 272.946881 234.093998 381.753847 167.430583 122.641755 126.194295 433.970045 167.343957 247.923375 392.390112 253.948814 73.109507 320.407553 265.650146 285.559101 87.664132 194.879450 310.852055 316.521721 304.867184 212.941306 291.672762 354.457332 260.869699 430.639060 409.092899 170.751281 99.080775 274.874517 428.631543 134.536240 431.372229 343.572409 149.308406 336.661551 274.475864 129.003876 13.416408 396.618204 345.404111 131.882523 320.632188 132.593363 114.280357 269.235956 
163.000000 5.000000 1.000000 a 497.808196 144.391828 412.388167 414.154561 70.007142 76.380626 187.384631 310.644491 429.498545 319.580976 268.910766 163.082801 431.185575 417.279283 83.737686 255.266527 174.771279 230.375780 89.560036 359.310451 327.024464 356.484221 229.651911 405.878061 163.024538 428.544047 313.984076 125.131930 453.154499 311.789993 438.001142 312.518799 454.587725 171.172428 333.286663 133.206606 275.138147 65.306967 516.484269 348.600057 317.189218 434.925281 408.628193 467.110265 141.852036 204.748626 100.801786 233.105126 207.800385 292.061637 185.776748 386.214966 357.912000 343.118055 282.001773 372.550668 364.400878 129.259429 226.002212 207.963939 377.794918 257.386868 359.736014 271.889684 132.098448 438.621705 462.649976 234.931905 233.944438 407.315602 
272.000000 4.000000 4.000000 a 494.453233 198.116128 370.341734 389.708866 53.160135 1.000000 221.774660 332.519172 442.944692 333.174129 228.035085 202.200396 439.476962 451.328040 12.041595 264.007576 143.450340 280.862956 148.006757 363.352446 322.034160 384.088531 206.932356 369.001355 136.235091 432.093740 321.908372 191.595929 429.366976 292.837839 406.988943 365.875662 430.503194 186.935818 375.282560 147.054412 232.142198 114.236597 503.850176 365.071226 289.913780 420.519916 423.098097 474.275237 181.044193 208.751048 133.093952 279.007168 228.962879 347.472301 250.587310 373.064338 296.546792 357.777864 338.337110 353.022662 410.206046 183.763435 206.784912 252.007936 388.352932 236.619948 313.114995 322.820383 186.903719 408.944984 471.383071 177.634456 192.387630 412.975786 
162.000000 1.000000 5.000000 a 429.535796 208.856410 289.032870 313.636733 71.112587 81.743501 206.400097 294.210809 392.506051 286.677519 147.597425 194.997436 384.615392 421.343091 86.162637 217.147415 73.573093 278.928306 173.254149 307.043971 259.855729 349.378019 137.200583 288.591407 72.449983 373.483601 270.691707 220.621848 353.209570 221.650626 328.092975 363.031679 354.200508 156.818366 357.239416 124.723695 151.158857 139.703257 432.832531 319.915614 213.964950 349.450998 374.113619 417.731971 177.611937 162.929433 135.074054 271.370595 198.204440 348.367622 271.626582 303.595125 220.302065 311.194473 341.005865 280.046425 395.545193 197.625909 139.817739 244.444268 336.875348 166.481230 231.624696 318.760098 200.643963 330.510212 416.203075 98.127468 112.294256 356.552941 
247.000000 2.000000 3.000000 a 400.196202 343.739727 176.980225 249.018072 229.915202 234.691287 315.526544 351.741382 409.703551 328.198111 105.323312 315.382308 391.000000 480.254099 235.104232 273.248971 155.219200 393.620375 321.622449 320.315469 265.181070 406.380364 165.921668 192.481168 168.371613 370.437579 304.164429 367.396244 282.639346 204.120063 241.679540 469.180136 282.644653 259.356897 442.332454 246.985830 97.164808 291.583607 379.770984 359.026461 174.347354 305.080317 397.020151 415.877386 304.795013 238.537209 274.854507 380.131556 288.209993 460.280349 409.337269 273.247141 62.008064 348.390585 455.579850 238.478511 482.578491 336.217192 176.207264 356.742204 358.353178 176.527618 117.200683 427.001171 338.803778 247.477272 418.345551 66.370174 107.703296 362.022099 
219.000000 5.000000 4.000000 a 101.980390 311.168764 204.384442 105.891454 345.071007 393.223855 243.515913 146.112970 108.240473 111.072049 215.415877 267.329385 82.219219 220.238507 402.190253 147.648231 254.892134 282.347304 341.224266 55.326305 70.724819 167.260276 191.564611 173.118457 258.402786 57.558666 97.493590 358.336434 116.619038 113.885908 148.553021 305.137674 118.848643 229.636670 242.571639 264.463608 220.839308 340.379200 124.919974 112.271991 139.807010 62.297673 105.261579 102.004902 279.830306 192.626582 301.572545 262.429038 204.636263 313.019169 351.980113 45.880279 314.070056 105.513032 316.537518 81.492331 272.882759 318.127333 188.605408 261.396251 79.611557 163.294213 223.376364 284.381786 318.001572 141.421356 105.385008 291.084180 235.722294 57.454330 
150.000000 5.000000 1.000000 a 379.612961 466.994647 121.840059 225.142177 376.191441 387.020671 423.681484 417.699653 432.844083 385.295990 196.331353 430.967516 406.863614 532.538262 388.063139 352.547869 283.978872 498.503761 456.004386 355.174605 306.894119 464.605209 263.250831 153.075145 297.889241 380.737442 359.517733 498.623104 240.520269 248.394847 192.629177 562.082734 239.309423 371.129358 519.977884 371.468707 186.943842 429.944182 337.094942 408.882624 213.925221 287.167199 427.094837 420.329633 425.775763 338.651739 406.162529 481.639907 387.579669 558.477394 531.296527 279.028672 91.923882 398.393022 556.239157 244.640553 558.660004 462.602421 273.382516 462.897397 393.192065 256.204996 115.277925 524.432074 464.724650 200.823305 426.276905 210.950231 223.080703 381.776112 
226.000000 6.000000 5.000000 a 368.179304 215.020929 491.614687 415.245710 362.891168 412.752953 201.136769 181.694799 248.805145 217.974769 410.823563 213.243992 274.641585 137.539085 423.618933 242.033056 361.875669 130.980915 269.091063 266.737699 297.042085 153.844077 343.512736 464.760153 351.920446 295.940872 241.853261 238.379949 435.178124 347.634866 458.449561 46.010868 437.411705 254.866632 77.826731 282.469467 420.639989 299.202273 424.232248 207.617437 380.938315 382.027486 234.478144 299.327580 232.819673 269.453150 280.317677 135.856542 220.290717 66.910388 181.730570 351.961646 542.899622 215.260308 77.665951 373.026809 51.000000 230.002174 332.938433 162.984662 242.260191 341.234523 478.736880 89.269256 227.000000 452.835511 289.209267 449.722136 400.281151 276.248077 
171.000000 5.000000 3.000000 a 347.495324 250.736914 186.010752 216.379297 160.153052 184.678098 218.753286 260.990421 333.839782 241.404225 45.221676 219.754408 319.494914 391.062655 189.409609 180.767807 63.158531 296.804650 235.136131 243.852414 190.065778 316.741219 73.348483 185.593642 77.077883 302.948841 219.276082 278.743610 255.344865 137.233378 226.612003 372.263348 256.113256 162.689889 347.263589 153.701008 47.927028 208.837257 341.602108 273.806501 119.620232 259.599692 318.567104 348.769265 210.641876 142.021125 185.809042 283.143073 191.376592 363.279507 316.185072 217.830209 142.888068 263.548857 358.632123 188.875620 387.489355 244.597629 82.710338 259.932684 279.580042 92.347171 130.115333 330.000000 246.969634 229.610540 349.366570 43.046487 15.297059 290.258505 
273.000000 1.000000 1.000000 a 301.942047 152.554908 244.368574 220.707952 145.096520 195.064092 105.209315 154.012986 251.461727 144.554488 123.600162 112.924754 245.839378 283.510141 204.685124 75.133215 75.106591 181.958787 158.911925 169.198109 129.556937 210.021427 55.569776 228.632894 70.576200 237.844487 129.468143 191.755052 258.427940 117.153745 250.569352 254.825430 260.049995 53.141321 231.041122 70.342022 133.405397 147.678705 317.855313 177.792013 132.034087 236.414890 232.561820 280.264161 111.400180 24.698178 110.855762 166.931124 73.817342 246.657657 214.310522 187.664594 253.899586 169.097605 242.621104 176.459627 271.116211 151.604749 45.617979 145.454460 196.063765 70.455660 208.254652 213.053984 153.055545 249.609695 277.713882 156.668440 107.004673 218.892668 
288.000000 4.000000 4.000000 a 213.178329 190.895259 285.954542 212.249853 266.129668 319.631037 124.277914 25.806976 127.283149 20.248457 222.649949 150.206524 131.821849 153.805071 330.106044 59.135438 208.405854 152.397507 230.488611 75.538070 91.416629 79.555012 163.957312 258.884144 204.658252 135.955875 36.769553 238.159610 236.957802 143.683680 254.654668 182.258059 239.140126 133.093952 129.189783 173.280120 231.769282 238.849325 252.352927 46.647615 178.103902 189.763010 106.400188 167.886867 167.260276 113.030969 201.467119 132.544332 94.493386 186.681547 224.109348 151.380316 350.766304 41.036569 188.957667 168.154691 166.883193 200.524313 154.870914 133.809566 78.006410 150.632002 277.366184 156.108936 199.719804 249.617708 162.188162 279.973213 223.221863 112.712022 
230.000000 5.000000 3.000000 a 488.058398 149.013422 395.545193 400.064995 52.239832 59.816386 185.744448 306.365794 423.491440 313.209195 251.882909 162.640708 423.930419 416.790115 68.264193 247.315588 158.382449 234.480276 95.336247 350.827593 316.412705 353.967513 215.081380 389.755051 147.122398 420.173774 306.205813 135.358783 439.264157 298.357169 422.848673 318.000000 440.647251 164.012195 334.974626 124.739729 257.870122 65.764732 504.828684 343.083080 302.332598 422.752883 402.816335 459.678148 141.088625 195.207582 96.607453 235.614091 202.566039 298.241513 195.501918 374.157721 339.094382 337.120157 288.501300 359.235299 367.418018 134.000000 212.002358 209.659247 370.919129 243.343379 342.230916 276.354844 137.003650 423.689745 455.579850 216.233670 216.688717 399.372007 
148.000000 5.000000 4.000000 a 316.809091 257.157539 159.840546 184.556224 183.635509 212.849712 217.412051 243.846263 308.318018 221.054292 16.124515 222.191359 292.479059 372.667412 218.277347 165.529454 79.006329 294.496180 248.116908 218.185701 163.517583 298.650297 59.405387 156.543924 92.195445 274.767174 197.608198 289.352726 223.606798 107.563934 195.887723 365.804593 224.403654 162.864975 335.393798 161.755989 23.537205 224.877745 309.820916 252.517326 87.920419 228.019736 294.006803 320.657138 216.020832 135.148067 197.691679 279.308074 185.396872 358.704614 321.711050 186.978608 141.421356 242.002066 354.970421 157.305435 375.596858 252.770647 70.000000 257.945731 255.017646 69.231496 108.226614 324.901524 254.866632 198.595065 321.735917 69.641941 20.124612 263.205243 
176.000000 9.000000 2.000000 a 337.213582 65.795137 345.953754 302.165518 171.292148 224.396970 3.605551 127.279221 249.897979 145.437272 232.406971 25.612497 257.256681 230.221632 235.440014 101.493842 166.688332 74.652528 107.056060 196.173393 185.431928 168.940818 164.195006 326.216186 155.553849 261.093853 149.485785 113.216607 335.214856 205.360658 338.917394 154.945152 337.179477 59.665736 152.118375 84.403791 242.200330 122.576507 370.696641 168.884576 229.976086 298.563226 228.641641 293.209822 46.065171 89.005618 91.219515 63.071388 45.177428 142.688472 112.751940 252.669745 361.995856 165.801086 137.058382 255.096060 188.382589 74.886581 153.938299 37.802116 203.590275 173.631794 315.356941 110.923397 74.094534 336.168113 287.062711 256.813162 213.564978 238.046214 
196.000000 1.000000 2.000000 a 391.934944 204.413796 255.409475 275.800653 91.087870 116.361506 189.770915 265.152786 358.420145 254.656632 112.271991 182.849665 349.297867 394.126883 122.188379 186.077941 37.643060 265.843939 177.867929 271.679959 223.188261 321.024921 99.569072 253.102746 41.048752 337.241753 237.200337 224.142812 315.412428 183.534738 291.302249 347.761412 316.436408 135.977939 335.490685 111.220502 116.914499 147.597425 394.656813 288.027776 176.025566 311.284436 340.565706 381.871706 168.404275 134.014925 132.653684 255.906233 174.748391 335.013433 269.430882 265.548489 200.810856 278.890660 328.586366 241.867732 374.723898 195.289529 102.883429 229.871703 302.768889 128.600156 199.969998 303.753189 198.070694 293.470612 380.695416 77.878110 76.550637 320.923667 
262.000000 2.000000 4.000000 a 436.616537 91.411159 372.065854 362.167089 63.812225 107.689368 124.233651 246.586699 365.603610 255.876924 231.952581 100.960388 367.828765 355.135186 118.376518 192.753729 137.767921 175.025712 44.407207 296.986532 267.551864 292.933440 181.727818 361.795522 124.169239 366.001366 251.143385 91.547802 400.352345 258.681271 389.515083 259.624729 401.926610 108.466585 273.607383 72.945185 239.641399 10.000000 458.184461 284.613773 268.693134 377.895488 344.688265 403.832886 79.404030 144.585615 36.878178 174.828487 143.840189 240.875487 146.710599 329.151941 338.162683 279.257945 231.659232 318.592216 306.674094 77.129761 176.119278 148.492424 314.273766 206.951685 324.390197 217.036863 80.280757 389.309645 399.169137 215.675682 199.582063 344.448835 
284.000000 3.000000 3.000000 a 473.814310 156.697160 372.033601 380.138133 29.154759 42.720019 184.390889 300.188274 414.468334 304.113466 228.280529 163.355441 413.206970 415.289056 53.150729 236.448726 135.977939 240.208243 106.254412 338.657644 301.439878 349.954283 195.010256 367.164813 125.538839 407.942398 295.203320 150.269757 419.547375 279.546061 401.487235 324.963075 420.862210 155.309369 336.756589 115.104301 233.944438 72.567210 488.001025 335.017910 281.556389 405.360334 394.121809 448.625679 141.904898 182.584227 94.540996 239.209114 195.979591 306.243367 208.925824 357.022408 313.413465 328.421985 296.984848 340.424735 370.843633 142.214627 192.769292 212.461761 360.879481 223.886132 317.932383 282.214457 145.344419 402.616443 445.028089 190.646269 192.844497 387.779577 
150.000000 1.000000 1.000000 a 365.759484 174.774140 254.544692 260.601228 91.181138 131.244047 153.883072 228.492888 325.170724 219.538152 112.000000 149.013422 317.647603 357.022408 139.344896 150.266430 17.029386 230.867928 155.801155 240.168691 194.427364 284.176002 76.400262 247.648945 5.656854 307.234438 203.334699 199.912481 300.166620 162.265215 281.154762 311.719425 301.405043 99.161484 298.095622 78.492038 119.205705 129.838361 373.289432 252.833938 161.449683 289.932751 306.757233 351.091156 136.473441 97.082439 106.892469 220.065899 137.317151 299.668150 240.353906 242.621104 220.952484 243.993852 293.625612 222.623000 337.409247 167.287178 76.367532 194.494216 269.551479 106.042444 204.198433 267.904834 169.838158 282.311884 349.322201 103.392456 78.771822 289.794755 
204.000000 7.000000 1.000000 a 39.824616 427.480994 239.209114 143.586211 459.460553 505.641177 359.702655 251.047804 157.892368 220.465417 306.740933 384.079419 130.698125 281.760537 514.067116 265.198039 363.785651 391.492018 458.872531 166.027106 186.954540 253.570503 299.407749 211.149236 369.120577 111.000000 212.313448 474.823125 117.038455 214.597297 165.003030 400.211194 118.004237 347.311100 332.795733 381.634642 309.535135 457.930126 24.839485 209.954757 228.779370 88.684835 170.839106 111.485425 397.216566 309.808005 419.151524 372.033601 321.773212 412.059462 464.710663 132.548104 375.033332 207.183494 417.346379 159.326708 354.938023 435.018390 298.412466 374.328733 170.575496 269.816604 282.235717 387.087845 434.770054 157.028660 121.852370 384.046872 333.929633 133.240384 
288.000000 5.000000 3.000000 a 249.226804 178.179685 228.868958 184.219977 198.715878 249.128481 116.249731 112.538882 198.640379 95.189285 137.557261 134.003731 191.942700 242.596373 258.768236 33.615473 122.784364 182.082399 197.959592 115.121675 78.230429 168.267644 75.186435 207.480120 121.433109 183.806964 76.922038 222.766694 219.203102 85.906926 219.658826 241.497412 221.045244 84.433406 204.413796 116.503219 147.146186 193.297698 268.955387 128.471787 112.729765 189.781453 180.360750 226.214500 140.730238 44.777226 154.738489 163.710110 74.525164 238.212090 232.215417 141.396605 268.793601 118.949569 236.579796 137.524543 244.436086 181.463495 65.924199 149.271565 143.024473 66.400301 205.681793 204.247399 182.101620 217.186556 223.785612 191.049732 134.629120 164.830216 
167.000000 2.000000 2.000000 a 247.420694 424.166241 35.355339 100.687636 377.153815 405.408436 367.446595 325.345970 313.682961 289.458114 177.789201 382.039265 285.567855 424.603344 410.007317 277.800288 270.933571 433.170867 429.167799 247.552015 209.954757 363.589054 223.002242 44.643029 282.985865 258.278919 265.149015 464.284396 107.707938 166.688332 61.098281 482.147280 106.301458 324.422564 429.690586 339.178419 173.000000 411.393972 203.061567 306.111091 141.410749 158.902486 311.623170 293.969386 383.541393 284.787640 379.021108 414.120755 326.369423 483.439758 482.780488 162.935570 171.327172 296.546792 483.600041 134.951843 465.405200 424.077823 230.176020 401.314091 282.391572 202.094038 96.519428 450.442005 425.440948 69.289249 300.980066 236.315467 213.475994 263.651285 
183.000000 2.000000 1.000000 a 70.661163 473.629602 292.479059 200.489401 514.370489 561.506901 406.070191 290.303290 181.397354 263.400835 364.917799 431.189054 159.840546 297.566799 570.140334 314.841230 420.519916 430.642543 508.150568 212.132034 240.360146 283.049466 356.207805 265.746119 425.399812 148.060798 259.140888 521.047023 170.836179 272.001838 217.938065 429.683605 171.470114 398.321478 361.087247 434.004608 367.707764 509.318172 71.021124 247.406548 286.923335 146.860478 198.708329 130.138388 445.656819 362.229209 470.485919 411.798494 369.995946 443.806264 506.332894 189.805163 430.610032 246.677928 450.165525 217.462640 378.084647 482.149354 354.774576 416.918457 208.396257 326.753730 338.375531 421.658630 481.665859 210.297408 140.032139 442.227317 391.931116 171.470114 
295.000000 7.000000 2.000000 a 441.222166 123.761868 355.825800 355.077456 29.681644 77.006493 146.891116 262.967679 378.308076 267.925363 213.150182 126.396202 377.943117 377.669167 88.000000 201.159141 118.207445 205.078034 78.492038 304.322198 269.557044 312.385979 170.762994 348.122105 105.683490 373.676331 260.049995 125.419297 394.062178 252.715255 379.300672 290.241279 395.497155 118.726577 299.713196 78.816242 220.002273 43.600459 458.187734 298.412466 258.373760 376.303069 357.805813 413.574661 105.118980 148.492424 57.314920 203.002463 158.760826 272.264577 180.767807 327.649203 311.520465 292.071909 263.387547 313.499601 334.293284 110.054532 166.940109 176.025566 325.203014 198.322969 305.001639 246.981781 113.216607 379.795998 409.674261 188.162164 179.025138 353.058069 
122.000000 3.000000 1.000000 a 410.435135 43.324358 376.350900 352.800227 109.110036 156.416112 82.200973 208.470621 330.237793 222.791382 243.287895 56.603887 335.483234 309.932251 167.200478 166.412139 155.193428 126.003968 27.294688 269.057615 247.347933 250.912335 183.575598 362.233350 141.354165 336.657096 222.157602 60.745370 389.308361 249.929990 384.334490 210.608642 391.062655 86.833173 226.061938 67.468511 252.049598 43.416587 437.817313 248.905605 266.001880 360.555128 309.045304 371.601938 36.796739 127.882759 33.421550 126.435754 111.251966 192.052076 104.484449 312.438794 360.656346 244.806046 183.000000 307.118869 258.247943 30.528675 175.729906 100.662803 281.575922 204.039212 334.463750 168.011904 33.615473 383.093983 366.072397 241.919408 214.853438 314.200573 
183.000000 8.000000 4.000000 a 179.334882 303.059400 123.069086 60.016664 294.124123 335.600954 240.750909 189.023808 197.699267 153.525242 129.711218 259.001930 174.347354 295.269369 343.118055 145.344419 191.637679 300.567796 318.698917 117.345643 73.600272 229.897803 128.413395 94.493386 199.160739 150.850920 128.809938 346.975503 97.739450 44.011362 95.189285 345.823654 99.297533 206.518764 293.424607 231.192560 133.330417 308.423410 171.703232 172.904598 51.429563 89.050547 190.002632 195.125601 264.756492 165.215011 271.648670 281.040922 198.728458 347.761412 356.624452 50.635956 220.782699 162.788206 348.386280 18.439089 329.705930 305.722096 130.249760 270.844974 155.309369 99.126182 131.041978 315.153931 306.528955 92.265920 198.728458 207.067622 156.473640 146.996599 
157.000000 5.000000 1.000000 a 322.262316 336.435729 101.833197 168.908259 255.007843 275.347054 294.028910 301.837705 342.299576 273.250801 65.764732 300.536188 321.024921 425.229350 278.686203 229.732453 155.913438 369.855377 327.061156 255.409475 201.457191 353.305817 133.454112 113.070774 169.649639 298.543129 247.814447 368.765508 202.141040 138.827231 161.718892 437.001144 202.148460 240.786212 400.202449 241.234326 56.364883 302.610310 299.536308 301.230809 105.019046 226.366959 331.820735 343.118055 295.194851 209.618701 276.812211 353.638233 259.277843 431.789300 400.715610 198.090888 75.610846 290.461701 428.878771 162.308349 439.884076 332.231847 143.808901 333.803835 294.253292 130.299655 40.496913 397.756207 334.311232 167.275222 346.521284 100.463924 94.148818 292.745623 
102.000000 5.000000 3.000000 a 119.620232 285.973775 224.116041 130.230565 329.631613 379.423247 218.194867 116.619038 92.417531 82.024387 216.834038 242.668498 72.062473 195.207582 388.803292 125.095963 245.122418 253.789283 318.523155 26.000000 59.236813 138.798415 183.847763 193.341666 247.129521 55.154329 70.837843 333.325667 144.903416 115.069544 173.657709 275.535842 147.139390 208.806130 213.251026 245.348731 223.322637 319.820262 151.419946 83.006024 145.674294 91.760558 84.528102 100.578328 256.300605 174.040225 281.007117 233.944438 180.679274 283.436060 324.575107 66.528190 324.575107 75.960516 287.020905 98.112181 244.180261 293.639234 179.368336 233.976495 53.037722 157.492857 236.545979 254.950976 293.342803 166.964068 101.000000 290.070681 233.105126 43.011626 
136.000000 6.000000 4.000000 a 520.877145 217.919710 391.637588 414.391120 78.924014 25.806976 245.790561 358.407589 469.434767 359.577530 250.529439 225.282045 466.086902 476.119733 17.204651 290.511618 168.668314 302.081115 165.737745 389.979487 348.518292 409.542428 232.551070 391.541824 162.052461 458.713418 348.485294 206.828431 454.049557 318.454078 430.572874 386.626435 455.141736 212.809774 398.662765 172.754161 254.080696 133.540256 529.671596 391.369391 314.529808 446.286903 449.538652 500.899191 203.887224 235.308308 156.284996 301.280600 254.607541 367.575843 266.895110 399.011278 311.025722 384.158821 358.129865 378.409831 432.906456 203.194488 232.725160 274.526866 414.903603 262.274665 333.421655 344.093011 206.286209 432.759749 497.992972 195.532606 215.113923 439.602093 
162.000000 2.000000 4.000000 a 130.249760 303.323260 316.056957 217.623528 383.959633 436.946221 239.718585 113.278418 11.180340 102.956301 304.277834 265.887194 38.483763 115.836091 447.213595 172.235304 315.830651 245.977641 347.195910 88.204308 143.349224 91.219515 260.783435 284.908757 314.682380 64.637450 116.387285 349.425242 222.793626 204.921936 259.563094 237.217200 224.931101 251.872984 168.582324 291.924648 311.642423 357.498252 188.509947 72.622311 237.497368 165.517371 13.000000 62.513998 284.383544 227.758644 320.407553 228.652575 213.403374 251.872984 324.353203 157.155973 417.426640 78.549348 258.698666 191.023559 187.296556 314.579084 254.017716 239.384628 51.351728 238.537209 330.142394 231.603109 313.359219 252.105137 53.150729 373.648230 315.699224 54.644304 
221.000000 4.000000 3.000000 a 211.683726 347.867791 63.031738 55.362442 315.087289 349.744192 289.499568 248.646335 252.115053 213.459598 124.201449 305.045898 226.490618 354.611055 355.787858 198.881874 208.355465 354.302131 356.454766 176.400113 133.416641 289.968964 152.777616 34.985711 218.837840 200.860648 188.501989 389.328910 89.587946 87.931792 57.706152 403.892312 89.872131 248.581978 353.022662 266.677708 123.239604 341.391271 185.884373 232.879797 66.121101 115.277925 246.531945 242.216845 307.787264 208.165799 307.102589 335.214856 248.116908 404.753011 405.191313 98.432718 177.634456 222.829531 404.783893 64.007812 389.621611 348.633045 158.398232 322.691803 213.560296 128.316016 84.291162 371.651719 349.824242 60.216277 247.386338 196.702822 158.382449 201.039797 
168.000000 8.000000 1.000000 a 187.427319 223.215143 224.450440 153.160047 262.375685 312.947280 155.977562 86.452299 138.293167 53.009433 173.968388 179.025138 128.860390 204.088216 322.567822 58.694122 183.174780 203.541151 252.232036 51.478151 30.675723 132.924791 126.435754 197.273921 183.480244 120.000000 27.202941 270.118493 181.220860 84.314886 194.640695 242.837394 183.324848 141.173652 190.688227 177.341479 182.222392 252.160663 213.377600 80.324343 119.268604 140.292551 121.807225 162.609963 190.924069 106.075445 213.328385 183.575598 116.056021 245.686792 267.748016 96.083297 296.622656 69.570109 246.975707 107.703296 227.846440 229.595296 119.854078 178.025279 83.024093 105.042848 218.577217 213.770905 229.582229 190.055255 160.552172 240.018749 182.010989 101.212647 
201.000000 5.000000 5.000000 a 417.258912 296.298836 222.265607 276.524863 171.093542 172.742583 277.317508 333.901183 408.770107 315.838566 108.632408 273.001831 393.909888 464.262857 173.072239 253.213349 114.127122 354.746388 268.426899 318.713037 264.599698 389.960254 147.410990 231.354706 125.095963 376.595273 294.108823 315.220558 313.600064 209.353768 278.044960 434.559547 314.006369 221.652882 415.646484 201.935633 105.095195 236.611496 405.770871 348.465206 186.850207 326.021472 393.615294 422.480769 259.669020 209.351379 224.474943 343.354045 256.181576 423.275324 361.365466 287.471738 124.004032 338.289817 417.464969 255.906233 455.642404 287.210724 156.041661 318.215336 354.622334 167.361883 160.897483 391.083111 290.000000 282.603963 423.434765 32.388269 90.199778 364.642290 
277.000000 3.000000 4.000000 a 66.730802 336.435729 239.820766 137.382677 383.172285 432.601433 268.799182 157.003185 80.056230 127.129855 259.563094 293.846899 50.209561 202.711618 441.861969 178.216161 296.521500 297.511344 371.000000 74.793048 110.385687 162.975458 233.944438 208.463426 299.260756 22.803509 121.803120 383.859349 136.780847 157.965186 176.819117 308.185009 138.852440 262.240348 241.847059 299.055179 264.954713 373.209057 109.114619 116.155069 183.709009 79.812280 85.422479 59.682493 308.369908 227.798156 334.426375 278.115084 232.725160 319.076793 371.285604 86.209048 355.950839 113.137085 324.013889 122.409150 267.166615 344.815893 230.341051 281.156540 77.000000 206.247424 264.196896 293.383708 344.354469 168.964493 64.845971 335.161155 279.571100 40.447497 
151.000000 4.000000 5.000000 a 81.541401 321.547819 247.135590 146.123236 372.844472 423.001182 254.064952 140.427917 67.475922 111.427106 257.287777 279.342084 38.948684 187.771137 432.453466 165.423698 289.000000 281.049818 357.229618 61.220911 102.883429 146.112970 227.437904 215.761442 291.034362 13.038405 107.898100 368.957992 149.214611 155.193428 187.042776 291.163184 151.347283 249.687805 224.899978 287.172422 263.205243 360.456655 126.142776 99.247166 183.174780 91.934759 70.178344 58.549125 294.363721 216.448608 321.759227 261.736509 218.835555 302.059597 355.259060 89.988888 358.587507 96.509067 307.026058 125.928551 250.567356 330.248391 223.161377 265.324330 60.008333 200.609073 267.899235 276.463379 329.705930 179.401784 61.032778 331.820735 275.408787 23.537205 
157.000000 6.000000 1.000000 a 33.421550 373.048254 236.516384 133.506554 413.658071 461.815981 305.314592 194.648401 107.354553 164.560019 276.812211 330.103014 78.185676 232.228336 470.744092 212.849712 322.832774 335.167122 406.340990 111.085553 139.301831 198.456544 259.059839 205.827598 326.718533 55.443665 157.917700 420.459273 122.102416 177.991573 167.299133 344.580905 123.878973 296.243143 277.625647 332.054212 281.128085 407.240715 72.993150 153.551294 198.909527 71.021124 117.443603 69.426220 344.061041 260.342083 368.408740 315.762569 268.411997 356.000000 408.799462 98.030607 362.167089 150.764717 361.138478 131.795296 301.317109 381.093164 256.602806 318.573382 114.214710 230.243350 269.016728 330.732520 380.717743 159.088026 78.492038 353.752739 300.136636 77.006493 
230.000000 5.000000 1.000000 a 265.819488 152.793979 343.110769 273.651238 260.863949 314.879342 95.707889 45.398238 163.266653 79.404030 263.529884 120.569482 176.782352 137.480908 325.829710 92.800862 227.899100 95.603347 201.121854 135.133268 151.795916 73.783467 198.133793 317.279057 220.635446 187.480666 98.371744 197.648678 298.804284 198.217053 315.696056 121.708669 300.986711 130.188325 78.390050 167.871975 273.206881 217.793480 310.091922 87.641314 231.140650 251.047804 142.393820 211.142132 141.354165 129.541499 184.808008 76.896034 88.000000 124.919974 172.307864 213.215853 395.034176 89.269256 127.121989 228.868958 118.595953 165.302753 187.829710 86.833173 126.846364 192.626582 328.811496 94.366308 163.685674 310.876181 203.494472 310.048383 256.813162 164.222410 
108.000000 4.000000 1.000000 a 338.740314 144.059016 261.430679 249.899980 108.189648 157.632484 112.893755 186.424247 288.258564 180.249827 127.471565 111.865991 283.176623 314.025477 167.242339 110.367568 50.606324 190.800943 137.713471 206.634944 166.171598 241.671264 69.065187 249.393264 40.804412 275.274409 166.385095 176.646540 288.570615 146.931957 276.371127 269.833282 290.062062 56.938563 254.420911 48.764741 136.488095 120.070812 352.695336 213.213508 155.540991 270.440382 269.081772 317.682231 103.247276 55.317267 87.206651 178.717654 93.621579 258.785626 209.057408 221.882852 250.281841 204.919496 253.308113 207.576492 293.819673 139.463257 62.968246 154.029218 233.025750 93.861600 218.284218 226.384628 141.548578 276.248077 315.063486 140.602276 101.548018 256.320112 
170.000000 5.000000 5.000000 a 43.011626 387.195041 216.335388 115.017390 418.057412 464.569693 319.452657 214.525057 134.647688 182.321145 269.699833 343.547668 105.118980 259.393523 473.097242 224.129427 323.233662 354.132743 417.698456 126.905477 145.340978 222.804847 258.907319 186.386695 328.246858 80.653580 172.409396 434.457133 98.030607 174.837067 144.810221 367.865465 99.624294 305.870888 301.683609 340.036763 273.130006 416.403650 50.249378 175.045708 191.415778 53.935146 143.617548 96.876210 356.287805 268.218195 377.640040 334.462255 281.001779 378.382082 426.051640 92.655275 346.574667 171.105231 383.063963 122.249744 326.718533 394.417292 257.577173 335.490685 136.367151 229.444983 253.237043 352.035510 394.239775 136.565003 106.150836 347.056191 295.494501 100.284595 
135.000000 8.000000 4.000000 a 233.070805 195.345847 342.147629 262.733705 299.446155 353.566118 137.557261 32.449961 123.975804 66.219333 279.732015 162.828130 140.918416 102.004902 364.424203 110.860272 256.780062 132.823191 243.655494 114.825955 146.219014 31.780497 218.579505 314.229216 251.097591 155.463822 91.285267 239.835360 283.185452 201.534116 305.996732 136.312142 285.413735 166.508258 74.706091 205.681793 289.012110 259.538051 282.086866 57.558666 236.135554 231.320125 103.817147 173.623155 183.338485 158.154987 225.610283 115.762688 123.975804 146.085591 211.357517 199.461776 408.717506 63.600314 151.082759 221.054292 109.986363 207.935086 208.925824 128.817701 96.020831 207.646334 335.477272 121.198185 206.303175 300.323159 165.275528 333.730430 278.059346 133.060137 
261.000000 6.000000 5.000000 a 122.004098 443.906522 168.291414 96.674712 446.153561 486.497688 377.736681 289.637705 224.839943 254.232177 267.994403 399.361991 195.000000 349.084517 493.592950 279.028672 342.527371 424.057779 466.082611 198.841646 195.020512 307.065140 280.232047 145.413204 350.754900 169.068034 238.033611 489.902031 57.314920 195.880065 95.754895 448.332466 56.568542 352.604594 384.502276 380.969815 268.151077 458.568425 63.324561 254.691971 196.400102 83.006024 232.105579 187.109594 408.494798 311.878181 420.961994 404.044552 336.524888 456.554487 490.474260 127.906216 309.704698 248.676497 460.061952 135.085158 412.419689 448.742688 282.363241 400.550871 218.579505 251.177228 220.925327 427.815381 449.110231 89.470666 196.664689 342.328789 300.293190 185.698681 
166.000000 9.000000 3.000000 a 345.071007 168.961534 447.102896 375.682046 313.636733 364.396762 149.913308 141.509717 228.600087 178.272264 360.945979 163.085867 251.161303 137.306227 375.341178 193.932978 310.412629 83.150466 223.758799 230.766115 254.950976 127.098387 293.211528 421.245771 300.443006 269.267525 200.392116 197.648678 398.459534 302.026489 418.294155 20.024984 400.675679 203.393707 49.244289 231.458420 370.799137 252.198335 397.211531 173.968388 334.526531 347.587399 211.400095 279.951782 183.207533 218.552053 231.049778 85.328776 169.097605 37.215588 145.890370 313.676585 493.082143 179.969442 47.010637 331.832789 55.758407 184.089652 282.605732 112.614386 211.603403 292.179739 431.259782 41.436699 181.220860 413.146463 270.407100 398.421887 349.463875 247.808394 
271.000000 5.000000 4.000000 a 386.870779 214.133136 505.683696 431.128751 364.188138 412.952782 206.322563 196.977156 267.606054 233.529441 421.113999 216.314586 293.218349 156.518370 423.716887 253.899586 368.647528 132.698907 267.269527 283.386662 311.969550 171.723615 353.281757 479.262976 358.219207 314.213303 256.908544 233.944438 451.846213 361.088632 474.178237 48.332184 454.077086 261.197243 94.339811 286.754250 430.972157 298.511306 442.574288 224.610774 393.970811 399.164127 253.031619 318.226335 235.053185 278.298401 281.902465 140.235516 228.536649 64.498062 175.581890 368.154859 553.249492 231.935336 74.060786 388.352932 70.028566 228.875512 342.667477 166.784292 259.886514 352.369125 491.131347 92.477024 225.800797 468.705665 308.131465 457.389331 409.206549 294.268585 
172.000000 6.000000 2.000000 a 61.846584 459.709691 306.320094 209.847564 508.520403 557.000898 392.587570 273.386174 159.477271 248.845333 368.213253 418.114817 140.730238 271.974263 565.971731 304.428974 418.001196 412.752953 496.460472 200.419560 234.292552 261.818640 354.090384 278.217541 421.982227 133.093952 247.163913 507.024654 184.133104 271.825312 232.053873 407.592934 185.067555 388.561449 338.868706 425.403338 371.732431 499.484735 86.833173 230.082594 289.918954 151.789328 178.025279 108.258949 433.518166 354.031072 460.726600 394.312059 358.062844 422.530472 489.494637 190.184121 441.743138 230.412673 429.298265 220.857420 354.090384 468.892312 351.808186 400.975062 191.929675 325.084604 348.737724 401.641631 468.241391 224.109348 117.545736 445.543488 393.377681 156.185787 
247.000000 4.000000 5.000000 a 71.449283 383.271444 316.509084 213.190056 451.159617 502.569398 317.970124 193.313217 72.090221 175.413796 341.058646 344.061041 63.031738 181.339461 512.337779 239.726928 371.721670 328.823661 424.646912 138.571281 186.453748 173.657709 311.040190 285.497811 373.021447 72.111026 180.853532 429.944182 203.177263 239.075302 248.364651 317.795532 204.919496 323.137742 249.098374 362.218166 346.717464 432.056709 134.825814 150.426062 265.813845 151.241529 92.590496 27.459060 361.424958 293.646045 394.001269 311.261948 287.814176 333.541602 406.970515 168.000000 437.457426 153.388396 340.771184 204.039212 263.153947 393.814677 306.341313 320.881598 116.674762 284.622557 345.137654 314.340580 392.800204 240.168691 32.015621 415.953122 359.610901 88.836929 
189.000000 7.000000 5.000000 a 262.885907 289.276684 441.687672 349.313613 414.290961 468.061962 245.782424 151.855194 146.768525 175.692914 398.167050 267.858171 176.502125 24.207437 479.069932 232.398365 378.714932 207.386113 342.982507 202.425295 250.217905 96.462428 339.558537 411.534932 372.710343 202.785601 200.942778 326.352570 359.050136 311.353497 392.475477 152.118375 361.233996 284.569851 99.478641 322.018633 407.103181 365.328619 324.326995 148.222805 346.296116 302.059597 140.801278 191.039263 289.430475 279.946423 335.715653 199.123078 242.249871 174.229733 280.800641 285.842614 524.126893 158.902486 184.664561 315.635866 84.403791 303.848647 330.171168 222.497191 166.352036 326.349506 444.920218 172.800463 301.479684 385.482814 180.612846 455.237301 398.971177 189.446562 
296.000000 1.000000 4.000000 a 531.415092 224.321198 401.568176 424.948232 88.566359 36.235342 254.169235 367.865465 479.426741 369.476657 260.756591 233.205918 476.287728 484.830898 27.802878 300.536188 179.287479 309.001618 171.417619 400.281151 359.026461 418.686040 243.181003 401.741210 172.678893 469.068225 358.615393 211.284169 464.605209 329.083576 440.964851 393.249285 465.691958 222.308344 406.601771 182.167505 264.196896 140.057131 540.300842 401.159569 325.084604 456.916841 459.471435 511.156532 211.728600 245.415973 164.401946 308.715079 263.928020 373.905068 271.646830 409.635204 319.189599 394.031725 364.321287 389.030847 440.473609 209.468375 243.347488 282.109908 424.984706 272.904745 343.139913 351.000000 212.529998 443.190704 508.192877 204.782812 225.399645 449.881095 
144.000000 5.000000 1.000000 a 216.104142 272.919402 388.208707 295.570635 384.069004 438.187175 220.229426 109.041277 97.082439 126.846364 349.864259 244.626246 125.924581 29.732137 449.054562 189.169236 338.001479 198.698264 323.989197 149.030198 198.133793 53.600373 294.159821 357.951114 333.294164 151.182010 151.168780 314.534577 305.831653 259.955765 338.763930 165.148418 308.025973 251.097591 98.883770 290.327401 358.520571 342.235299 275.757140 96.932967 294.762616 249.018072 88.323270 145.168867 265.699078 240.407987 309.375177 185.913959 208.597699 183.896710 276.804986 232.086191 473.714049 107.703296 192.751135 262.068693 105.574618 286.541446 285.280564 204.980487 112.609946 278.686203 392.825661 172.284648 284.569851 331.802652 134.807270 410.264549 353.134535 136.484431 
227.000000 8.000000 3.000000 a 381.032807 421.734514 124.615408 223.080703 323.987654 333.150116 382.604234 389.683205 419.440103 359.634537 153.837577 387.743472 395.588170 510.365555 334.001497 319.214661 235.567400 459.027232 407.416249 336.310868 284.450347 439.738559 222.407284 152.210381 249.483466 370.951479 333.923644 451.128585 246.483265 222.827287 199.123078 526.806416 245.717317 328.434164 489.314827 325.184563 144.013888 380.110510 346.070802 386.011658 187.882942 285.343652 411.205545 413.319489 380.926502 298.839422 358.217811 443.085770 348.726254 521.487296 486.740177 268.128700 37.656341 375.298548 518.453469 232.131428 528.810930 416.390442 232.899120 422.764710 375.105319 220.047722 90.757920 487.467948 418.660961 206.770404 418.119600 158.151826 176.298043 368.680078 
247.000000 3.000000 2.000000 a 302.001656 383.631333 51.107729 144.000000 312.462798 334.200539 335.417650 323.233662 342.597431 290.833286 116.107709 345.079701 317.907219 438.736823 337.615166 259.416653 210.535033 408.344218 379.094975 262.122109 212.727525 370.255317 177.200451 74.330344 223.895065 292.769534 265.047166 418.896169 169.248338 153.912313 123.081274 469.160953 168.671278 285.236744 425.737008 291.046388 108.374351 356.602019 269.072481 314.798348 119.553335 206.155281 335.489195 334.574356 342.195850 249.996000 328.495053 390.847796 297.571840 466.424699 446.413485 189.973682 91.416629 304.253184 464.668699 154.330814 464.284396 380.841174 186.625293 373.471552 300.527869 165.710591 24.041631 432.453466 382.687862 130.249760 339.613015 159.088026 149.083869 291.605898 
231.000000 8.000000 2.000000 a 351.069794 111.462998 417.311634 356.349547 256.007812 306.471858 96.176920 132.185476 242.392244 166.147525 318.248331 106.230881 259.788375 176.819117 317.403529 160.555286 259.306768 25.495098 166.373075 222.056299 233.828997 141.767415 249.617708 393.776586 248.455227 272.904745 183.152942 143.600139 383.627423 271.911750 397.242999 62.297673 385.778434 151.792622 84.053554 176.264007 328.146309 194.257561 396.919387 172.965314 301.900646 337.427029 222.625246 292.514957 125.765655 173.254149 173.401269 30.016662 123.036580 50.447993 98.994949 297.934557 449.775500 175.729906 47.010637 310.336914 109.201648 126.589889 239.018828 56.302753 212.424104 253.031619 394.893657 18.027756 123.794184 393.001272 284.007042 348.906864 303.065999 249.905982 
295.000000 5.000000 5.000000 a 283.520722 131.552271 346.255686 282.001773 242.491237 296.339333 75.392307 62.968246 183.619171 93.343452 258.402786 99.764723 195.979591 156.208194 307.332068 90.906545 215.800834 78.638413 180.005555 149.335193 159.480406 94.868330 191.376592 321.599129 207.624661 205.272989 108.779594 176.581426 309.114865 200.663898 323.190346 118.848643 311.263554 114.214710 87.641314 150.402793 268.212602 197.306868 325.719204 106.230881 232.262782 263.486243 162.603813 230.783448 120.768373 119.100798 165.075740 59.033889 73.348483 118.072012 153.212271 223.430079 390.466388 106.606754 118.473626 236.222353 127.471565 144.045132 180.853532 66.030296 144.837840 189.021163 328.220962 85.234969 142.425419 318.797742 223.396508 300.443006 248.943769 181.892826 
198.000000 4.000000 5.000000 a 544.712768 186.123615 449.374009 457.148772 106.892469 87.664132 233.692105 357.794634 476.961214 367.081735 305.659942 208.856410 478.681523 462.329969 89.493016 302.654919 213.770905 271.646830 131.552271 406.616527 373.451469 402.889563 272.038600 444.920218 203.184645 475.887592 361.415274 159.201131 496.427235 355.710556 479.170116 351.432782 497.788108 218.634398 376.633774 180.380154 311.040190 111.830228 562.210815 396.011363 359.001393 480.196835 456.070170 514.595958 187.949461 251.644591 148.222805 276.088754 255.225391 330.080293 219.002283 431.588925 383.510104 390.590578 319.606007 416.601728 406.247462 171.163664 269.228527 251.872984 425.302245 300.527869 394.437574 312.417989 173.761331 480.208288 510.154878 263.001901 270.083320 454.736187 
223.000000 2.000000 2.000000 a 39.051248 423.108733 297.889241 197.022841 476.853227 526.307895 356.265351 235.868607 121.494856 212.325222 345.758586 381.955495 102.883429 236.177899 535.538981 270.083320 389.416230 374.893318 460.921902 165.849329 203.806281 223.787846 326.193194 268.225651 392.577381 97.200823 212.084889 470.340302 177.552809 246.546142 225.284265 369.748563 178.885438 354.369863 301.041525 391.900498 350.064280 465.030107 91.268834 192.509740 267.845104 135.447407 139.946418 70.213959 397.819054 321.029594 426.381285 356.544527 322.615871 384.533484 451.846213 166.973052 428.351491 193.204555 391.255671 200.339711 317.001577 432.585252 323.136194 363.638557 154.767568 297.808663 335.010448 363.562924 431.856458 217.082933 79.630396 422.664169 368.781778 119.816526 
143.000000 5.000000 2.000000 a 46.669048 420.689910 225.142177 129.541499 448.900880 494.535135 352.956088 247.267062 160.031247 215.557417 293.615395 377.000000 131.734582 284.677010 502.836952 257.390754 352.210165 387.218285 450.834781 160.327789 177.673859 252.907098 287.835022 197.017766 357.840747 109.895405 205.934456 467.936962 103.004854 202.632673 151.003311 398.914778 104.004808 338.710791 332.067764 372.377497 296.249895 449.021158 18.681542 207.086938 215.824002 75.716577 171.493440 116.107709 389.595945 300.640982 410.307202 367.604407 314.391476 410.059752 459.464906 120.917327 360.901649 203.629566 415.010843 146.441114 355.574184 427.846935 287.141080 368.925467 168.000000 258.172423 268.128700 384.292857 427.687970 143.003496 126.269553 370.863856 321.224221 131.137333 
212.000000 4.000000 3.000000 a 363.859863 150.000000 452.584799 385.659176 298.221394 347.765726 139.978570 153.587109 249.098374 189.907872 359.346629 149.616176 270.351623 162.409975 358.615393 196.697738 302.899323 66.287254 204.244951 244.182309 263.696796 146.812806 290.931263 427.775642 292.181450 287.062711 210.297408 175.353928 410.299890 306.991857 427.656404 19.104973 412.496061 195.358645 72.090221 220.056811 369.242468 234.136712 414.204056 189.517809 338.378486 361.049858 231.088728 300.361449 168.573426 214.981395 215.740585 73.790243 164.784708 14.035669 121.671689 324.895368 491.253499 194.486503 21.954498 340.771184 80.802228 165.012121 280.303407 100.089960 228.140308 292.487607 433.383202 25.942244 162.027775 422.878233 291.053260 392.229525 345.475035 265.007547 
Type de surveillance de chaque endroit(target):tab[nombre de target]
a a a a a a a a a a a a a a a a a a a a a a a a a a a a a a a a a a a a a a a a a a a a a a a a a a a a a a a a a a a a a a a a a a a a a a 