Nombre des capteurs:
200
Nombre des targets:
30
Nombre de type de surveillance:
1

Caracteristiques:
254.000000 7.000000 3.000000 a 314.531397 375.981383 192.512337 430.202278 271.189970 405.463932 186.010752 98.508883 136.499084 381.848137 193.662077 395.588170 154.741720 440.328287 95.015788 174.957138 50.089919 152.295765 61.400326 351.336021 256.425428 316.412705 361.167551 114.157786 101.414989 309.413962 260.679880 226.737734 64.637450 303.026401 
154.000000 5.000000 4.000000 a 166.589315 250.415654 64.443774 292.369629 145.086181 289.401106 93.048375 176.663522 44.922155 243.281730 46.486557 262.967679 51.623638 302.001656 118.431415 189.251156 128.097619 106.301458 160.262285 225.488359 131.605471 234.829726 219.180291 34.785054 61.846584 162.003086 169.941166 91.934759 108.406642 157.407115 
252.000000 7.000000 1.000000 a 267.591106 264.433356 203.656574 332.200241 174.002874 282.729553 88.073833 80.230917 170.073514 288.626056 159.806133 392.103303 96.674712 424.077823 49.648766 49.929951 93.914855 224.448212 198.365824 359.922214 161.111762 178.644899 277.180447 132.774244 155.003226 269.803632 308.183387 154.029218 166.364059 273.514168 
233.000000 2.000000 2.000000 a 126.732001 272.045952 37.013511 287.605633 184.978377 319.390044 177.924141 274.854507 89.493016 241.853261 90.443352 170.061753 145.890370 215.573653 218.487986 289.394195 220.476756 99.624294 212.115535 127.475488 177.101666 300.665928 211.690812 120.933866 124.193398 114.017543 81.098705 137.233378 166.868211 97.754795 
138.000000 5.000000 1.000000 a 151.419946 245.283509 272.655460 188.679623 258.631011 287.020905 330.215081 481.292011 327.954265 184.613109 272.009191 125.251746 329.309884 83.815273 421.257641 457.558739 441.403444 346.831371 457.947595 166.712327 266.593323 360.073604 169.705627 347.070598 362.608604 152.947703 273.130006 263.734715 409.585156 158.028478 
297.000000 8.000000 1.000000 a 192.937814 360.234646 192.520129 341.492313 305.805494 410.175572 326.442951 429.004662 239.643485 309.646573 239.018828 80.280757 299.482888 129.468143 373.771320 444.127234 372.204245 219.829479 340.036763 52.038447 303.488056 428.179869 280.144606 274.614275 271.311629 178.488095 112.058021 272.354548 305.314592 159.655880 
120.000000 2.000000 5.000000 a 243.823707 199.904977 222.308344 273.045784 128.156155 211.567956 76.157731 153.701008 206.475180 234.196499 164.149322 383.418831 113.600176 406.901708 121.605921 83.486526 166.820263 267.046812 266.176633 359.606730 119.473847 102.941731 229.264040 174.103418 203.088651 250.233891 331.412130 133.003759 227.107904 259.509152 
196.000000 8.000000 4.000000 a 148.222805 234.200769 273.402633 176.232801 251.412012 275.261694 325.121516 477.803307 328.207252 173.666347 269.742470 135.092561 325.848124 95.880134 417.904295 451.896006 439.241391 349.322201 458.844200 174.691156 259.896133 350.538158 160.031247 346.052019 362.597573 151.052971 278.887074 258.924699 409.939020 157.813181 
142.000000 6.000000 2.000000 a 264.092787 162.742127 393.357344 105.000000 262.268946 157.384879 351.159508 506.723791 432.833686 154.029218 352.465601 349.864259 378.343759 321.029594 456.483297 445.071904 494.240832 479.091849 557.046677 375.310538 277.000000 278.115084 180.712479 430.805060 458.785353 278.402586 451.270429 307.865230 505.372140 298.060397 
225.000000 9.000000 4.000000 a 92.282176 226.433213 203.629566 190.000000 212.249853 273.906918 273.265439 418.542710 259.233485 168.077363 207.395757 84.593144 267.217140 76.321688 358.376897 401.661549 375.820436 277.503153 388.731270 110.981981 217.412051 325.203014 143.735869 279.789206 294.083322 89.537702 208.086520 206.707523 340.711021 90.669730 
260.000000 2.000000 5.000000 a 143.136299 194.000000 101.118742 242.404620 87.692645 231.138487 48.020829 187.259179 103.469802 193.829822 40.311289 267.372399 36.013886 297.934557 127.663621 171.604196 154.870914 163.816971 212.424104 238.673417 73.593478 178.619708 173.366663 87.692645 118.562220 144.100659 209.570990 38.626416 161.616831 147.353317 
119.000000 8.000000 2.000000 a 221.963961 373.202358 271.950363 334.167623 345.858353 420.900226 387.620949 509.417314 324.607455 315.065073 305.484861 75.286121 368.631252 77.025970 451.453209 512.659731 456.163348 313.904444 434.732101 108.226614 347.614729 465.008602 290.303290 356.451960 358.397824 211.690812 209.160226 325.576412 396.590469 199.481829 
205.000000 8.000000 2.000000 a 200.743618 308.755567 64.938432 344.061041 205.251066 349.738474 153.883072 195.181966 17.888544 295.255821 98.493655 263.245133 110.765518 309.342852 146.492321 230.846269 135.591298 45.011110 120.507261 218.524598 192.421413 297.107725 268.600074 49.477268 33.600595 191.971352 134.380058 151.162165 73.171033 181.033146 
225.000000 4.000000 4.000000 a 154.806331 148.717854 156.000000 209.066975 48.259714 179.655225 42.720019 201.814271 161.049682 163.624570 93.005376 295.677189 76.485293 317.921374 148.367786 159.765453 186.075254 221.740840 260.931025 274.758075 35.057096 121.334249 151.119158 141.198442 172.887246 161.375339 262.085864 46.957428 212.162673 171.493440 
208.000000 3.000000 5.000000 a 184.837767 25.000000 286.750763 66.610810 131.365901 39.824616 215.724361 367.773028 315.634282 67.268120 234.580477 316.077522 247.620678 308.661627 319.538730 305.045898 359.235299 369.319645 431.102076 323.038697 145.866377 143.610585 95.021050 306.413120 336.594712 200.259831 367.773028 183.152942 380.522010 220.952484 
284.000000 7.000000 5.000000 a 147.989865 134.970367 161.523992 195.256242 35.000000 166.883193 56.648036 215.390343 170.578428 150.083310 98.731960 291.274784 89.106678 311.448230 162.262134 170.988304 199.964997 230.592715 273.673163 272.547244 23.086793 116.068945 138.437712 152.633548 184.173831 155.666310 265.753645 47.675990 224.474943 167.200478 
104.000000 2.000000 2.000000 a 52.239832 169.366467 187.387299 141.792101 158.003165 217.701631 227.378539 380.090779 239.175668 112.751940 174.045971 136.194714 228.254244 134.461891 320.320152 354.695644 343.118055 269.683147 370.908344 148.276768 164.830216 267.686384 86.400231 252.786471 272.249885 59.464275 222.272355 161.012422 320.426279 73.783467 
294.000000 7.000000 4.000000 a 216.944693 97.984693 338.662073 52.392748 199.060292 97.529483 287.167199 442.041853 374.701214 97.308787 293.615395 323.488794 315.673882 303.595125 392.220601 380.569310 430.520615 423.817178 496.291245 341.502562 213.824695 216.226733 127.062977 370.255317 399.061399 232.107734 405.764710 246.594809 444.883131 252.685575 
112.000000 6.000000 3.000000 a 115.000000 283.063597 133.932819 271.073791 226.761990 333.073565 253.387056 370.746544 188.162164 235.255181 168.344884 71.589105 231.041122 120.066648 312.699536 375.767215 318.311169 188.023935 306.863162 32.649655 224.928878 349.136077 204.921936 218.405586 222.800359 100.079968 103.445638 195.685973 264.213928 80.622577 
136.000000 5.000000 1.000000 a 365.164347 322.349190 311.887800 397.915820 255.219513 324.890751 185.000000 116.211015 276.349417 361.083093 266.007519 496.955732 203.666394 525.863100 141.509717 58.728187 170.839106 327.085616 275.181758 466.795458 245.489307 204.518948 356.876729 238.648277 257.099203 369.524018 415.784800 250.912335 257.171149 375.712656 
100.000000 6.000000 2.000000 a 142.144293 29.546573 247.163913 62.072538 102.044108 77.781746 191.324332 348.936957 279.308074 31.890437 197.989899 275.943835 218.357505 271.860258 296.966328 294.001701 334.080829 330.933528 399.080192 281.016014 116.777566 151.327460 53.935146 273.212372 302.423544 157.543645 325.442775 149.402142 347.800230 178.213355 
186.000000 9.000000 1.000000 a 197.959592 320.062494 60.802960 349.382312 219.585974 363.176266 177.228666 223.664928 41.593269 301.240767 110.909873 244.106534 135.014814 292.289240 175.641681 259.730630 163.416645 25.612497 134.134261 197.517088 207.740222 318.328447 273.122683 77.833155 61.554854 187.384631 106.526992 165.529454 92.973114 173.818871 
201.000000 2.000000 3.000000 a 68.066144 100.044990 181.041432 108.189648 83.934498 150.053324 166.364059 326.001534 220.791757 60.802960 141.823834 209.028706 179.694185 213.845739 268.538638 288.140591 298.918049 266.602701 347.966952 208.777393 94.111636 187.877620 32.015621 222.380305 248.455227 83.294658 251.803495 106.212052 296.082759 103.817147 
218.000000 7.000000 3.000000 a 278.298401 279.803502 207.386113 347.070598 188.170136 298.377278 100.717426 64.621978 170.176379 303.117139 167.275222 399.662357 104.100913 433.004619 40.049969 50.695167 81.932899 222.049544 187.984042 366.083324 175.002857 193.847879 291.015464 132.483961 152.108514 279.851746 309.803163 165.656271 159.028299 282.639346 
245.000000 9.000000 3.000000 a 267.860038 213.009389 246.738728 288.175294 149.883288 219.317122 101.079177 155.128979 228.720353 251.644591 189.171880 408.324626 137.032843 431.149626 132.382023 75.239617 177.177877 288.626056 280.080346 384.816840 142.284925 103.315052 248.895560 195.164034 223.109838 274.652508 355.787858 157.952525 243.829859 284.313208 
106.000000 5.000000 3.000000 a 83.450584 128.280942 135.532284 164.304595 43.657760 173.461811 105.118980 263.153947 165.487160 115.247560 84.219950 228.569464 115.918075 246.902815 205.119477 231.041122 235.153142 217.623528 288.124973 213.927558 44.045431 166.027106 92.973114 161.895028 189.834138 92.005435 226.000000 42.426407 236.381048 105.588825 
198.000000 8.000000 5.000000 a 114.017543 54.589376 213.581366 87.315520 74.525164 104.388697 164.760432 324.422564 246.109732 41.109610 164.830216 254.401258 188.448932 255.947260 270.440382 275.230812 305.812034 297.355007 367.222004 255.039213 88.769364 150.814456 39.698866 241.101638 269.875897 129.015503 293.502981 117.660529 315.734065 149.214611 
128.000000 3.000000 2.000000 a 355.598088 321.014018 297.309603 395.557834 248.909622 326.332652 174.642492 98.325988 260.345924 357.239416 253.268632 485.025773 190.433716 515.170845 124.482931 46.324939 152.895389 310.190264 257.157539 453.785191 238.449156 207.125566 351.536627 222.611770 240.260276 359.334106 400.232432 241.118228 239.403425 364.725924 
144.000000 4.000000 1.000000 a 109.635761 65.787537 225.887140 64.404969 103.237590 113.951744 192.898937 353.160020 263.472959 15.556349 183.098334 239.708156 213.459598 235.696839 298.117427 305.895407 332.001506 311.178405 388.278251 246.099573 116.841773 179.011173 18.000000 262.087772 289.560011 125.159898 296.492833 140.769315 336.481797 146.030819 
157.000000 6.000000 5.000000 a 142.779550 86.452299 194.640695 150.206524 26.683328 120.104121 104.651804 260.537905 212.659352 108.295891 134.851770 290.423828 137.000000 302.352443 209.504177 207.542767 248.203546 270.573465 321.337828 279.866039 38.078866 100.623059 103.817147 198.494332 229.584407 154.353490 291.756748 80.112421 271.532687 170.531522 
112.000000 8.000000 1.000000 a 302.711083 452.753796 192.169196 466.804027 360.161075 499.348576 326.220784 347.131099 190.042101 422.246374 253.600079 271.503223 284.001761 324.839961 311.294073 399.962498 285.616876 129.653384 202.943342 223.304725 349.985714 466.009657 391.706523 223.293529 197.881278 288.209993 117.413798 307.782391 198.156504 268.642886 
280.000000 8.000000 1.000000 a 285.119273 244.247825 247.358040 318.265612 173.011560 252.479702 108.208133 123.794184 221.984234 279.873186 194.401646 420.990499 136.000000 447.200179 109.384642 41.629317 152.505738 279.508497 258.118190 394.068522 163.477827 136.894120 274.803566 186.131674 211.366979 290.413498 355.292837 171.816763 226.072997 298.073816 
137.000000 2.000000 5.000000 a 283.270189 426.222946 162.963186 445.405433 330.296836 471.653474 291.163184 308.609786 154.324334 399.459635 222.335332 271.370595 248.453215 324.778386 272.800293 361.621349 247.040483 93.005376 166.883193 221.677694 319.390044 432.551731 369.445530 186.268623 159.965621 269.519944 108.747414 277.016245 159.655880 251.031870 
172.000000 5.000000 1.000000 a 375.257245 321.375170 329.334177 398.017588 261.357992 320.189007 197.190263 140.356688 296.060805 363.323547 280.921697 510.154878 219.592805 537.227140 163.217646 76.537572 194.249839 348.209707 299.081929 481.627449 252.685575 199.160739 361.167551 258.495648 278.210352 380.479960 434.577956 261.812910 280.060708 387.779577 
182.000000 6.000000 3.000000 a 209.764153 233.480192 144.803315 293.286549 131.897688 261.204900 42.485292 122.200655 119.050409 246.675901 98.600203 330.969787 35.468296 363.705925 64.629715 109.658561 101.074230 178.474088 184.740358 298.804284 117.443603 177.747011 230.705440 85.023526 113.745330 210.793738 251.787609 99.322706 140.943251 213.321354 
294.000000 8.000000 4.000000 a 176.476627 119.816526 200.422055 190.094713 52.402290 141.735669 79.309520 224.521714 206.847770 150.472589 137.524543 322.837420 119.570063 338.970500 177.747011 166.012048 219.401459 267.619132 302.185374 307.319052 50.990195 77.103826 146.778745 185.714835 217.478735 186.131674 304.657184 86.371292 254.825430 199.822421 
154.000000 4.000000 1.000000 a 150.146595 125.936492 285.427749 54.405882 187.002674 157.952525 275.800653 436.249928 330.650873 74.953319 254.080696 233.803336 292.856620 211.151604 380.171014 390.056406 412.074022 370.842285 459.986956 256.672944 200.159936 253.576418 84.852814 335.180548 360.118036 163.343197 334.005988 219.317122 408.176432 181.958787 
134.000000 7.000000 3.000000 a 172.699160 299.608077 36.796739 325.995399 201.675482 343.909872 168.668314 234.437625 44.553339 278.217541 93.680307 221.822001 128.654576 268.901469 182.452734 262.345192 176.232801 49.406477 158.028478 176.527618 190.685605 305.895407 249.609695 81.835200 75.179785 161.901204 96.400207 148.313856 113.951744 148.189068 
147.000000 7.000000 3.000000 a 393.314124 508.743550 256.813162 544.301387 403.725154 547.898713 337.250649 281.087175 217.830209 495.703540 299.147121 408.724846 295.528340 461.637304 272.855273 358.094959 231.311478 171.405951 124.338248 358.715765 390.128184 480.309275 468.367377 229.960866 198.436388 381.938477 244.752937 350.342689 161.913557 366.661970 
266.000000 4.000000 4.000000 a 137.364479 213.103261 73.348483 255.039213 108.466585 252.982213 73.736016 194.537914 79.075913 205.973299 17.492856 249.897979 45.803930 284.059853 134.406101 190.318155 154.051939 137.786066 197.395542 217.862342 95.524866 206.286209 182.507534 71.196910 99.488693 135.329228 182.167505 54.671748 145.646833 134.736780 
242.000000 3.000000 4.000000 a 50.695167 123.555655 150.655236 138.600144 76.419893 172.965314 147.512711 304.657184 190.829767 90.906545 112.805142 198.116128 155.322246 210.440015 246.032518 273.309349 273.994525 236.190601 318.888695 191.230228 82.377181 193.000000 62.369865 193.865933 219.146070 63.788714 224.521714 83.150466 267.031833 82.492424 
252.000000 7.000000 5.000000 a 360.624458 300.389747 322.256109 377.361895 244.237589 298.041943 185.310550 149.465715 292.308057 343.680084 271.118055 497.965862 211.340957 523.351698 164.073154 74.525164 199.000000 346.655449 305.368630 471.118881 236.326046 177.011299 342.616404 255.162693 276.920566 366.541948 429.001165 248.278070 282.704793 374.786606 
279.000000 1.000000 2.000000 a 162.360710 40.804412 275.223546 37.000000 132.849539 72.718636 221.794950 378.609297 309.103543 39.458839 227.846440 287.090578 249.242853 277.333734 327.299557 321.398507 364.773903 359.673463 429.773196 296.971379 147.597425 169.593632 70.092796 303.804213 332.809255 177.881983 349.154694 180.069431 378.419080 198.761163 
233.000000 3.000000 1.000000 a 168.154691 283.323137 273.358739 230.867928 285.043856 326.932715 349.276395 494.143704 329.548176 222.643212 282.688875 96.519428 343.139913 46.097722 433.997696 477.631657 450.089991 340.599472 456.280615 144.003472 291.321129 392.908386 204.401566 352.706677 364.725924 165.641178 256.320112 282.644653 410.078041 165.169610 
157.000000 8.000000 3.000000 a 171.825493 305.221231 259.478323 259.268201 294.159821 351.011396 350.351252 488.215117 315.483756 245.312046 277.194877 65.145990 339.477540 12.041595 428.404015 478.501829 440.800408 320.099984 438.369707 114.982607 298.670387 407.603974 223.651515 341.739667 350.663657 165.894545 228.954144 284.604989 394.243580 160.589539 
210.000000 1.000000 1.000000 a 146.102704 251.113520 262.550947 197.994949 257.937977 294.266886 326.465925 475.381952 318.226335 190.378570 265.022641 109.480592 323.562977 68.680419 415.249323 454.367693 434.028801 335.049250 447.475139 151.489274 265.137700 362.779547 173.233946 338.591199 353.090640 146.112970 259.001930 259.788375 399.662357 149.335193 
128.000000 8.000000 4.000000 a 104.923782 272.244376 110.860272 266.475140 209.353768 322.133513 231.458420 347.432008 165.520391 227.774011 145.670862 93.962759 208.124962 140.228385 289.380373 352.966004 295.177912 168.668314 286.211460 55.226805 206.516343 331.602171 196.939077 195.256242 200.339711 89.442719 94.175368 175.353928 242.538657 68.731361 
238.000000 6.000000 1.000000 a 65.192024 177.792013 88.617154 200.863137 94.530418 224.839943 122.800651 265.345058 129.769026 152.839785 57.140179 190.918831 113.600176 218.359795 205.221831 250.491517 226.179133 173.948268 259.788375 168.585290 89.988888 215.640905 124.651514 137.317151 159.890588 64.195015 172.817823 59.816386 208.216234 68.007353 
239.000000 1.000000 5.000000 a 353.277511 480.916833 220.730605 509.906854 378.530052 522.916819 321.753011 294.110523 191.261601 462.135262 270.702789 356.349547 278.567766 409.609570 274.147770 363.005510 237.608922 135.723985 134.851770 306.453912 365.815527 466.308910 433.503172 211.728600 180.277564 340.828403 192.626582 324.359369 155.630974 324.098750 
224.000000 9.000000 5.000000 a 131.137333 204.619158 262.944861 147.122398 226.019911 245.601303 302.927384 458.079687 316.336846 144.170038 253.049402 149.053682 306.571362 117.515956 398.548617 428.491540 422.075823 342.252831 447.853771 182.800438 235.280683 322.034160 131.654852 331.452862 350.008571 136.623570 280.044639 237.497368 397.940950 146.840049 
103.000000 2.000000 2.000000 a 223.020178 382.823719 251.914668 351.012820 344.383507 431.741821 377.242627 489.808126 301.900646 326.974005 292.042805 78.089692 354.379740 102.883429 433.206648 499.289495 434.415700 285.240250 405.642700 91.285267 344.444480 465.717726 300.083322 335.630749 334.551939 210.791366 177.792013 318.286035 370.094583 195.532606 
125.000000 7.000000 4.000000 a 66.490601 104.923782 167.361883 122.788436 69.835521 154.434452 149.656273 309.006472 205.204776 74.249579 125.538839 212.322867 162.431524 221.205787 251.390135 272.523393 281.655818 252.517326 331.531296 207.966343 78.771822 180.277564 47.885280 205.730406 232.215417 80.622577 243.181003 88.955045 279.651569 100.079968 
215.000000 2.000000 5.000000 a 201.896013 35.468296 298.886266 83.486526 138.708327 20.808652 219.107280 367.314579 325.219926 86.348133 244.705946 334.905957 253.268632 327.940543 321.179078 301.240767 362.034529 380.276215 437.577422 341.005865 152.741612 133.734812 113.357840 314.006369 344.681012 217.221086 382.844616 191.942700 387.559028 237.775104 
238.000000 8.000000 5.000000 a 190.646269 316.294167 282.285317 265.800677 311.448230 360.756150 370.437579 510.066662 338.337110 255.812431 298.785877 87.097646 360.756150 35.000000 450.159972 498.760464 463.185708 343.071421 461.391374 137.102152 316.635437 422.654705 236.072023 364.296582 373.530454 185.733680 251.097591 304.332055 417.221764 181.661774 
231.000000 1.000000 3.000000 a 71.063352 239.018828 126.321020 228.372503 187.040103 289.027680 223.731983 354.005650 182.537667 191.415778 144.253250 89.274856 207.347534 123.648696 294.462222 349.802802 306.040847 196.697738 309.712770 71.309186 186.681547 309.006472 160.953409 207.171427 217.745264 56.435804 132.943597 161.721984 263.017110 38.275318 
160.000000 5.000000 2.000000 a 340.577451 334.426375 262.488095 404.604745 248.163253 347.850543 162.606888 41.000000 219.000000 362.111861 227.705951 459.448583 165.051507 494.176082 81.320354 56.859476 99.297533 263.250831 200.721200 424.075465 235.544051 234.797785 351.569339 181.837840 194.427364 341.891796 359.673463 227.984649 186.935818 344.119165 
174.000000 7.000000 1.000000 a 261.963738 414.662513 301.761495 375.213273 385.415360 462.385121 423.689745 539.749016 352.285396 356.545930 339.767568 114.389685 402.534471 117.345643 482.780488 547.219334 484.730853 335.542844 455.764193 139.312598 386.638074 505.270225 331.748399 385.736957 385.063631 251.113520 227.607118 362.988981 420.619781 237.844487 
193.000000 1.000000 1.000000 a 248.402899 204.792578 224.875521 278.064741 133.154046 215.983796 79.158070 150.046659 207.870152 239.286439 167.263266 387.587409 115.520561 411.393972 119.540788 78.638413 164.757397 268.186502 265.005660 363.401981 124.354332 106.212052 234.350165 175.002857 203.629566 254.678228 333.946103 137.186005 226.645097 263.759360 
235.000000 5.000000 2.000000 a 59.236813 154.003247 196.824795 124.535136 151.092687 201.791972 225.328649 380.669148 246.975707 96.337947 178.241409 152.738338 229.490741 148.033780 321.311375 351.404326 346.092473 280.444290 378.572318 165.529454 159.213693 256.534598 71.309186 258.311827 279.259736 69.641941 237.421566 159.840546 327.604945 86.452299 
218.000000 6.000000 5.000000 a 285.112259 340.083813 170.762994 395.384623 235.688354 369.242468 149.843251 84.077345 116.777566 347.276547 163.248277 375.378476 119.774789 417.892331 62.297673 148.273396 22.803509 146.659470 86.585218 333.256658 220.927590 281.016014 327.391203 87.664132 84.059503 281.087175 250.976094 192.585046 65.000000 276.322276 
270.000000 9.000000 4.000000 a 199.401605 325.706923 288.683217 274.898163 320.544849 370.105390 378.857493 517.576081 344.622982 265.211237 306.470227 90.669730 368.635321 40.792156 457.739009 507.126217 470.202084 348.001437 466.781533 140.577381 325.614803 432.009259 245.505601 371.102412 379.778883 194.195778 254.379638 312.865786 423.085098 189.620674 
196.000000 2.000000 1.000000 a 258.698666 282.978798 174.229733 344.947822 183.600109 307.402017 93.407708 71.196910 133.405397 298.718931 141.315250 371.732431 80.808415 407.865174 12.369317 89.022469 55.172457 183.872238 155.322246 335.726079 169.319225 212.701669 283.049466 95.692215 113.885908 258.383436 273.804675 151.013244 122.200655 258.785626 
103.000000 4.000000 4.000000 a 196.206524 169.248338 183.983695 237.320458 83.432608 190.709203 40.607881 174.908548 177.496479 195.010256 122.800651 336.269237 83.952367 359.271485 128.471787 121.823643 171.026314 239.150580 258.884144 313.703682 73.164199 104.785495 186.593140 150.283066 181.515840 202.632673 292.542305 86.052310 213.974298 212.207446 
192.000000 3.000000 1.000000 a 23.769729 145.495704 144.616735 148.448644 102.649890 195.432853 166.688332 320.039060 190.601679 104.216122 118.067777 170.836179 168.582324 183.934771 260.509117 294.260089 285.142070 230.228148 321.286477 165.221064 107.168092 220.290717 73.355300 198.879360 221.449769 38.052595 206.826014 100.284595 269.809192 58.137767 
123.000000 6.000000 4.000000 a 397.200201 519.434308 262.680414 551.659315 415.473224 559.965177 352.865413 305.040981 228.214811 503.462014 309.090602 402.750543 310.420682 456.040568 293.819673 380.326176 253.442301 176.918060 146.492321 352.881000 402.243707 496.814855 475.386159 243.987705 212.228650 385.129848 239.098306 361.601991 179.621825 368.880740 
130.000000 7.000000 4.000000 a 246.343256 392.867662 131.734582 409.307953 299.721537 439.174225 268.046638 304.566906 133.660016 363.929938 193.380454 235.510085 226.565664 288.735173 262.771764 349.521101 242.689102 77.077883 176.954796 185.585560 289.587638 406.388976 333.654012 169.047331 147.078210 232.361787 71.784399 247.420694 158.256122 213.588389 
260.000000 1.000000 4.000000 a 168.442869 148.529458 305.286750 73.246160 212.002358 176.918060 300.601065 461.043382 351.967328 99.824847 276.568256 237.640485 316.925859 209.690248 404.738187 415.130100 436.165106 390.231982 482.025933 264.764046 225.079986 276.929594 109.457754 357.805813 382.102081 180.693110 348.173807 243.386524 430.308029 198.237232 
117.000000 3.000000 4.000000 a 157.800507 260.432333 273.309349 205.302216 269.312087 302.882816 338.161204 487.016427 329.097250 199.692263 276.557408 113.846388 335.219331 68.876701 426.878203 466.043989 445.477272 344.971013 458.022925 157.867033 276.631524 373.352380 183.447540 349.824242 364.021977 157.708592 267.000000 271.486648 410.440008 160.611332 
112.000000 4.000000 5.000000 a 327.048926 442.001131 189.994737 477.041927 337.415175 481.807015 274.213421 239.885389 150.814456 428.435526 232.086191 352.166154 231.672182 404.183127 220.510771 309.025889 183.330303 105.190304 81.271151 302.393783 324.013889 418.344356 401.139627 165.218038 133.461605 316.056957 190.023683 283.769272 102.961158 301.423290 
285.000000 7.000000 2.000000 a 343.680084 427.307852 209.773688 475.078941 321.014018 460.613721 241.896672 163.150238 155.955122 426.063376 229.505991 401.442399 205.000000 450.249931 160.729587 242.099153 116.709040 143.694120 24.331050 353.747085 306.444122 378.651555 402.517080 149.003356 123.713378 335.912191 250.000000 271.823472 75.392307 325.762183 
102.000000 2.000000 3.000000 a 160.206117 309.583591 61.684682 323.187252 222.036033 357.022408 208.240246 287.868025 97.836598 278.172608 123.178732 175.231276 172.409396 225.222113 234.912750 312.028845 229.828197 83.054199 203.081265 127.424487 213.677327 336.120514 247.729691 134.357731 128.471787 146.413797 47.434165 173.026010 163.810867 128.144450 
251.000000 6.000000 3.000000 a 84.723078 243.823707 166.364059 220.131779 208.585714 293.218349 256.007812 391.862221 222.575830 190.042101 180.834178 63.071388 243.287895 85.866175 332.024096 383.575286 345.144897 235.342304 349.516809 70.519501 210.679852 328.013719 161.697248 246.714410 257.777035 74.652528 162.289864 191.441897 303.041251 65.215029 
134.000000 3.000000 1.000000 a 235.416652 134.807270 363.521664 74.813100 232.544619 134.937022 321.753011 478.093087 402.657423 123.810339 322.245248 327.354548 348.393456 301.599072 427.243490 418.001196 464.624580 449.213758 526.829194 350.462551 247.250885 254.232177 150.748134 400.585821 428.553381 249.947995 423.293043 277.713882 475.147346 269.862928 
163.000000 2.000000 2.000000 a 256.253780 240.902470 206.312869 310.357858 154.828938 257.497573 75.179785 105.546198 179.120071 268.007463 156.348969 386.556594 95.441081 415.784800 73.430239 53.235327 118.511603 236.579796 220.857420 357.106427 142.863571 152.397507 258.414396 143.178211 168.668314 259.855729 313.499601 141.767415 185.607112 265.444910 
215.000000 5.000000 2.000000 a 225.008889 267.366789 135.882302 323.736004 163.294213 297.058917 77.466122 106.625513 97.493590 276.067021 105.080921 333.839782 49.497475 370.850374 46.957428 122.102416 69.856997 152.082215 147.556769 297.381909 148.556387 214.723077 257.614052 60.008333 83.486526 223.575491 236.864940 122.983739 104.752088 222.697104 
145.000000 8.000000 3.000000 a 242.002066 134.406101 271.001845 212.200377 119.620232 129.313572 136.312142 246.099573 272.038600 185.431928 208.000000 389.595945 179.688620 401.203190 213.103261 168.751296 258.042632 333.594065 352.784637 377.160443 121.840059 10.000000 192.720004 246.343256 277.683273 253.179778 376.362857 158.268759 309.472131 268.477187 
108.000000 7.000000 2.000000 a 261.535848 425.775763 191.880171 424.321812 348.035918 475.034736 338.338588 398.628900 216.020832 384.859715 253.503452 191.470624 301.051491 242.989712 352.455671 435.588108 337.179477 169.779268 275.181758 148.600135 341.093829 465.244022 353.882749 253.647393 237.427884 246.032518 83.600239 301.802916 255.266527 225.157722 
251.000000 6.000000 4.000000 a 220.292987 372.549326 118.067777 384.480169 283.804510 419.952378 261.489962 315.317301 133.540256 340.242561 181.069048 203.246156 222.031529 256.456624 269.081772 352.988668 254.031494 86.977008 199.461776 153.310143 274.781732 395.213866 309.594897 170.906407 153.941547 205.800875 39.560081 233.343095 173.876393 186.316934 
132.000000 3.000000 2.000000 a 121.037184 176.323566 257.388811 118.903322 203.686033 216.953912 284.084494 441.470271 308.804145 116.103402 240.875487 167.720005 291.061849 142.031687 382.523202 407.835751 408.354013 339.449554 440.520147 196.104564 213.883146 295.325244 105.688221 320.923667 341.492313 129.448832 285.758639 220.004545 389.781990 143.125819 
121.000000 9.000000 2.000000 a 79.202273 113.088461 211.815958 87.091905 128.160056 160.330908 211.605766 371.021563 256.766431 54.744863 180.953033 194.249839 223.517337 188.308258 313.229947 333.024023 342.522992 297.417215 386.446633 204.787695 139.057542 222.144097 32.015621 262.207933 286.530976 93.744333 267.366789 150.402793 334.701359 113.877127 
276.000000 5.000000 1.000000 a 153.652205 286.295302 23.537205 309.362247 191.481070 331.713732 167.693172 247.242796 58.180753 262.093495 86.209048 203.049255 130.384048 249.359179 193.041446 269.312087 190.709203 68.476273 178.137587 158.826950 181.463495 300.326489 232.948492 92.956979 91.760558 142.393820 89.470666 139.445330 133.090195 128.156155 
117.000000 6.000000 1.000000 a 21.377558 166.207701 121.490740 172.629661 109.274883 215.824002 160.589539 308.501216 169.366467 127.941393 101.044545 161.978394 156.518370 181.950543 248.485412 289.000000 270.185122 206.816344 300.734102 150.000000 110.602893 230.586209 97.247108 180.346888 201.241149 25.495098 183.469343 94.154129 249.609695 40.521599 
213.000000 6.000000 2.000000 a 63.324561 201.757280 74.946648 217.278623 123.044707 249.873968 145.670862 278.919343 124.723695 170.891779 67.416615 167.600716 129.711218 199.461776 218.888099 271.400074 234.931905 160.206117 256.456624 141.735669 118.600169 244.272389 141.031911 140.014285 157.876534 55.578773 146.321564 86.452299 205.975727 50.447993 
197.000000 6.000000 2.000000 a 246.641440 414.135244 201.725060 404.969135 345.210081 463.996767 347.070598 423.190265 235.410280 368.708557 259.655541 155.666310 313.057503 205.000000 373.451469 452.831094 362.751981 197.433533 309.845123 118.595953 340.000000 465.580283 338.112407 273.001831 261.084278 231.224999 94.868330 303.268858 284.871901 210.611016 
215.000000 5.000000 1.000000 a 94.578010 259.794149 94.921020 258.520792 192.854868 309.467284 213.037555 330.177225 150.442680 217.892175 127.279221 109.931797 189.842040 153.583853 271.825312 334.629646 278.729259 158.672619 274.016423 73.552702 189.465036 314.865050 186.893018 178.843507 185.526278 79.120162 96.400207 157.419821 228.965063 58.309519 
194.000000 5.000000 1.000000 a 243.022633 194.504499 225.568172 268.186502 125.674182 205.234013 79.056942 160.605106 211.191856 229.995652 166.628329 383.692585 117.834630 406.311457 128.600156 89.106678 173.807365 272.000000 272.836948 360.717341 117.660529 95.900991 225.858363 179.337670 208.626460 249.833945 334.669987 133.416641 233.383804 259.624729 
225.000000 2.000000 2.000000 a 292.970988 448.539853 193.372697 457.689851 360.069438 496.178395 333.433652 366.565137 199.744837 414.567244 256.126922 249.062241 292.343975 302.001656 327.392731 414.892757 304.711339 142.337627 227.692775 202.200396 350.827593 470.090417 383.718647 235.053185 212.190952 278.001799 104.307238 309.147214 218.155908 257.792552 
225.000000 3.000000 1.000000 a 256.400078 423.987028 211.206061 414.281305 355.259060 473.864960 356.753416 431.259782 244.018442 378.308076 269.432737 162.483845 322.493411 210.888596 382.001309 461.862534 370.621100 204.707108 315.729314 127.011810 350.035712 475.606981 347.754224 281.668245 269.150516 241.002075 103.773792 313.249102 291.926361 220.422322 
225.000000 8.000000 2.000000 a 229.141877 371.636920 109.110036 390.643060 277.041513 417.426640 244.032785 284.112654 109.836242 344.569296 170.073514 231.659232 202.556165 284.177761 240.607564 326.671088 222.407284 55.226805 164.127999 181.727818 266.627080 382.655197 314.607692 145.602198 124.775799 215.696546 69.007246 224.361316 140.035710 197.739728 
285.000000 2.000000 5.000000 a 22.022716 190.065778 130.291980 183.839604 142.888068 240.074988 192.605815 336.001488 183.371208 144.100659 125.131930 128.160056 184.678098 148.600135 275.835096 320.894064 294.210809 211.983490 314.879342 119.682914 144.627107 263.427409 113.265176 200.022499 217.223387 8.602325 170.343770 126.826653 265.022641 17.029386 
184.000000 6.000000 1.000000 a 218.764714 209.346603 179.234483 276.061587 118.067777 230.705440 38.418745 134.892550 160.611332 232.422030 124.277914 351.365906 68.680419 379.163553 88.814413 90.873539 132.382023 221.056554 225.375243 323.797776 105.574618 137.058382 221.508465 128.140548 157.407115 222.811580 288.045135 104.316825 183.657290 229.200785 
204.000000 1.000000 1.000000 a 386.618675 320.090612 349.378019 397.555028 268.923781 314.459854 212.301672 168.760185 318.822835 365.568051 298.296832 524.741841 238.522536 549.586208 188.732615 99.929975 221.578429 372.518456 327.001529 498.205781 261.553054 194.033502 365.833295 281.538630 302.643354 392.821843 455.949559 274.798108 306.623548 401.383856 
280.000000 2.000000 2.000000 a 239.585058 135.162865 267.001873 212.924869 116.777566 131.643458 131.897688 242.167298 267.710665 185.237685 204.009804 387.118845 175.282629 399.239277 208.798946 165.314851 253.712436 329.279517 348.328868 374.232548 118.595953 14.142136 191.815015 241.919408 273.247141 250.599282 372.554694 154.573607 305.000000 265.699078 
292.000000 7.000000 2.000000 a 174.897113 117.324337 307.349963 39.560081 194.486503 140.868733 284.606746 444.487345 350.121408 79.075913 271.591605 264.213928 305.499591 241.018671 390.083324 393.127206 424.169777 393.101768 477.716443 286.558894 208.492206 246.142235 98.412398 351.967328 378.219513 188.854441 361.199391 232.475805 425.832127 208.216234 
124.000000 2.000000 5.000000 a 271.773803 340.260195 150.233152 391.311896 234.360833 372.464763 153.456834 111.413644 94.641429 342.614944 151.419946 354.120036 117.643529 398.120585 82.152298 171.105231 49.658836 119.553335 70.830784 310.744268 219.665655 291.293666 320.881598 71.253070 60.166436 266.480769 225.000000 187.384631 38.327536 260.030767 
219.000000 9.000000 4.000000 a 184.621234 28.653098 288.534227 62.008064 134.629120 43.266615 219.647445 372.210962 318.152479 65.490457 237.002110 314.428052 251.097591 306.218876 323.692756 309.859646 363.191410 371.431016 434.332822 322.155242 149.201206 148.707767 94.047860 309.433353 339.484904 200.084982 368.435883 185.981182 383.641760 220.839308 
247.000000 8.000000 4.000000 a 24.698178 191.588100 120.486514 189.235303 138.708327 241.530536 184.715998 326.643537 173.366663 148.000000 115.520561 133.003759 175.570499 156.156972 266.480769 312.822633 284.416947 202.647477 304.909823 120.784933 139.520608 260.132658 117.004273 190.010526 207.183494 9.433981 164.347193 119.473847 255.001961 12.041595 
152.000000 6.000000 5.000000 a 88.408144 231.041122 193.165732 198.252364 210.793738 279.200645 268.287160 411.205545 249.018072 173.787226 199.722307 76.000000 260.416973 75.822160 351.069794 396.676190 367.348608 265.819488 377.915334 98.979796 215.127869 325.909497 148.081059 270.558681 284.001761 83.648072 195.304890 202.039600 330.296836 82.225300 
139.000000 4.000000 5.000000 a 183.357574 221.882852 119.419429 276.702006 116.764721 253.970471 38.078866 146.812806 101.004950 228.949776 70.604532 302.952141 8.062258 335.900283 87.281155 137.186005 116.914499 162.308349 186.761880 271.029519 102.000000 182.584227 210.646624 72.124892 103.464970 183.730781 227.692775 76.419893 138.809222 185.647515 
205.000000 7.000000 3.000000 a 73.334848 187.387299 203.570627 151.162165 182.043951 234.480276 251.181209 402.854813 256.912436 128.576825 195.164034 123.036580 250.888421 114.127122 342.940228 378.695128 364.605266 283.622989 388.414727 142.804062 189.002645 290.263673 105.118980 272.594938 290.663035 77.414469 227.705951 184.678098 338.540987 87.595662 
152.000000 7.000000 3.000000 a 184.328511 222.712820 119.883277 277.634652 117.647779 254.699823 38.483763 145.825238 101.000000 229.897803 71.400280 303.771296 8.602325 336.787767 86.284413 136.473441 115.948264 162.249807 186.077941 271.764604 102.883429 182.937148 211.624668 71.840100 103.121288 184.678098 228.081126 77.414469 138.220838 186.552942 
152.000000 4.000000 5.000000 a 139.560023 243.378306 258.027130 190.800943 250.449596 286.667054 319.582540 469.132178 313.517145 182.649938 259.106156 111.251966 317.238081 73.348483 409.024449 447.371211 428.291956 331.549393 443.180550 151.558570 257.769277 354.992958 165.423698 333.294164 348.281495 140.071410 257.497573 252.936751 395.065817 144.055545 
140.000000 1.000000 2.000000 a 143.836713 310.459337 119.096599 305.655034 242.662317 360.227706 254.678228 356.299032 167.943443 266.895110 166.739317 103.484298 226.296266 155.724115 300.507903 370.741150 300.466304 156.553505 277.187662 54.000000 238.430283 364.123605 236.019067 201.943061 200.823305 128.319913 62.649820 204.022058 238.144914 107.489534 
123.000000 1.000000 4.000000 a 75.312682 173.539621 90.426766 201.534116 85.005882 219.492597 110.208893 254.578082 126.751726 152.898659 49.729267 203.646753 102.610916 230.783448 194.550765 238.075618 217.000000 174.413302 255.068618 180.944743 79.246451 204.941455 126.015872 130.942736 155.206314 75.769387 180.709712 47.201695 203.273215 80.603970 
106.000000 1.000000 4.000000 a 130.862523 287.334300 195.760057 257.381040 254.607541 336.217192 298.839422 428.626877 251.318523 231.579360 219.863594 17.464249 283.019434 54.037024 369.400866 425.409215 378.916877 254.049208 372.592270 52.478567 256.400078 374.144357 204.560504 279.229296 286.356421 120.432554 164.757397 235.476113 329.091173 108.903627 
165.000000 8.000000 2.000000 a 341.234523 484.471877 220.925327 503.802541 387.552577 529.592296 343.925864 342.539049 207.299301 457.961789 279.145124 318.717743 300.695860 372.131697 314.097119 403.763545 282.800283 145.784087 188.279048 270.118493 376.288453 486.902454 427.907700 236.027541 207.118324 327.282752 161.235852 333.923644 195.920902 308.457452 
102.000000 5.000000 3.000000 a 97.575612 152.554908 235.261557 104.388697 174.289988 195.979591 255.000000 412.883761 285.014035 91.809586 214.573997 171.058470 263.017110 154.149278 354.170863 378.450789 380.888435 318.893399 416.472088 192.416216 184.480351 268.018656 77.620873 295.243967 316.951100 108.046286 272.904745 191.376592 365.328619 124.201449 
254.000000 9.000000 5.000000 a 183.002732 174.888536 320.713268 99.045444 236.304888 202.180612 324.098750 484.413047 369.237051 125.634390 295.778633 235.308308 338.710791 202.200396 427.518421 440.202226 457.856965 404.754246 500.129983 266.700206 249.050196 303.329853 133.003759 377.019893 400.281151 193.981958 356.384624 265.318676 448.626794 210.059515 
182.000000 3.000000 5.000000 a 237.023206 307.675153 119.870764 356.948176 201.400099 341.539163 124.619421 124.458829 66.887966 308.133088 116.297033 324.499615 85.586214 366.956401 78.549348 166.865215 65.734314 107.331263 98.994949 282.794979 186.815417 266.557686 286.000000 37.121422 38.013156 232.105579 205.065843 153.075145 51.884487 226.373585 
209.000000 8.000000 2.000000 a 301.691896 392.390112 166.904164 436.872979 286.020978 427.968457 212.037732 164.000000 113.841996 387.783445 189.897341 358.912246 172.246916 407.397840 145.670862 233.259512 107.074740 102.107786 19.026298 311.565402 271.709404 353.260527 363.298775 111.211510 83.240615 293.552380 210.090457 235.053185 36.796739 283.007067 
130.000000 6.000000 5.000000 a 77.620873 159.389460 104.316825 190.601679 70.064256 204.846284 103.831594 253.860198 137.277092 141.650980 57.306195 213.178329 102.313244 237.621548 194.249839 232.243407 219.513098 187.256509 263.433103 192.898937 65.000000 190.682983 116.107709 138.003623 163.975608 80.993827 195.829007 37.802116 211.549049 89.106678 
204.000000 5.000000 2.000000 a 176.479461 256.680736 72.180330 300.308175 150.814456 294.703241 92.913939 167.358896 44.102154 251.246891 55.785303 272.405947 50.039984 311.801219 109.622078 182.781290 118.127050 105.683490 152.121662 234.388566 137.000000 236.279496 227.633477 25.942244 55.172457 172.011628 175.513532 98.493655 100.404183 167.451486 
258.000000 2.000000 1.000000 a 196.918765 351.353099 102.956301 361.365466 265.188612 399.224248 248.927700 314.892045 127.863208 317.592506 165.511329 182.200439 211.248669 235.053185 265.633206 346.850112 254.574154 91.416629 209.745083 132.196823 256.859884 379.032980 286.832704 165.592874 152.793979 182.280004 19.104973 216.113396 178.932948 162.609963 
284.000000 6.000000 4.000000 a 113.318136 165.012121 108.673824 208.942576 61.294372 205.548048 68.095521 220.102249 126.605687 160.103092 47.539457 246.781280 70.455660 272.968863 161.111762 196.491730 189.552104 183.371208 244.075808 223.271136 49.648766 170.293864 138.827231 118.004237 147.322775 116.619038 211.463945 7.280110 192.626582 123.434193 
137.000000 7.000000 5.000000 a 140.730238 59.640590 211.697898 123.405835 47.423623 97.754795 132.003788 287.904498 234.471747 83.743656 154.693245 287.167199 163.003067 294.268585 237.008439 233.077240 275.506806 290.738714 346.763608 281.375194 61.554854 107.712581 84.599054 222.748737 253.396922 154.019479 303.659349 101.019800 296.467536 172.191754 
252.000000 4.000000 1.000000 a 140.470638 298.100654 198.909527 268.365423 263.837071 347.051869 306.022875 433.361281 253.996063 242.507732 225.763150 7.211103 289.000000 55.542776 374.414209 432.041665 382.744040 254.070856 373.373807 47.759816 265.277213 383.824178 215.378736 282.888671 288.861559 129.541499 161.554944 243.310501 330.774848 117.034183 
288.000000 1.000000 5.000000 a 140.520461 55.803226 214.161154 119.339851 50.911688 94.894678 136.058811 292.027396 237.621548 80.049984 157.622968 286.541446 166.820263 292.911249 241.105786 237.052737 279.544272 293.615395 350.453991 281.469359 65.192024 109.658561 81.841310 226.274170 256.844311 154.029218 305.290026 104.201727 300.083322 172.455791 
270.000000 2.000000 4.000000 a 377.937826 487.381781 240.441261 525.529257 381.760396 525.463605 312.699536 253.071136 197.840845 476.689626 278.958778 402.910660 271.576877 455.220826 245.489307 330.280184 203.577995 156.540730 96.772930 353.009915 367.919828 455.001099 450.027777 206.932356 175.823775 367.241065 239.835360 328.896640 136.693087 352.933421 
232.000000 5.000000 3.000000 a 107.786827 158.902486 112.058021 201.836568 56.462377 200.142449 73.348483 226.883230 132.438665 152.957510 52.354560 243.347488 77.646635 268.426899 168.047612 201.717624 196.786687 188.430358 251.001992 221.117616 45.891176 168.857928 131.552271 124.851912 153.912313 111.772090 213.114992 7.071068 199.484335 119.553335 
265.000000 3.000000 2.000000 a 134.238594 294.441845 81.344945 298.964881 217.278623 343.419568 220.476756 318.286035 130.176803 256.581371 132.382023 134.536240 190.065778 184.133104 262.606169 333.928136 262.589033 124.000000 243.392687 87.800911 211.366979 336.732832 225.610283 163.932913 163.477827 119.201510 54.589376 174.195293 202.277038 99.020200 
280.000000 2.000000 4.000000 a 359.473226 469.093807 221.923410 506.948715 363.589054 507.434725 295.494501 242.167298 179.301422 458.118980 260.461130 386.627728 254.055112 438.693515 231.250946 317.283785 190.394328 138.293167 83.384651 336.823396 349.807090 438.292140 431.431339 189.010582 157.746632 348.855271 224.180731 310.601030 119.854078 334.687914 
242.000000 5.000000 2.000000 a 246.454864 265.239514 170.590152 327.908524 166.715326 289.380373 76.485293 85.052925 134.617978 282.024822 132.003788 364.005494 69.462220 398.483375 29.966648 84.970583 72.862885 188.743212 170.176379 329.692281 152.590956 195.389355 267.080512 97.169954 119.436175 246.975707 273.503199 136.528385 133.820776 248.565887 
291.000000 6.000000 4.000000 a 223.331592 364.923280 289.499568 319.882791 347.368680 411.205545 396.213326 525.030475 343.757182 305.360443 317.370446 85.422479 380.573252 63.560994 466.177005 523.034416 473.769986 337.871277 458.511723 128.319913 350.538158 463.741307 282.794979 373.846225 378.227445 214.979069 236.019067 332.182179 418.374234 205.650188 
215.000000 9.000000 3.000000 a 194.617574 69.050706 312.046471 36.496575 169.593632 77.025970 257.623757 412.768700 346.666987 72.069411 265.437375 310.025805 286.274344 294.613306 362.714764 352.278299 400.975062 396.797177 467.315739 324.359369 184.358347 191.230228 102.859127 341.400059 370.449727 210.021427 382.899465 217.623528 416.004808 230.826775 
173.000000 6.000000 4.000000 a 255.158774 315.356941 142.242750 368.285216 209.914268 346.659776 127.310644 101.980390 89.888820 319.862470 133.375410 346.793887 93.150416 388.624497 60.827625 150.472589 42.720019 127.945301 97.416631 305.511047 195.166596 264.682829 299.162163 58.240879 60.141500 251.071703 227.758644 164.711870 59.211485 246.375729 
101.000000 7.000000 5.000000 a 237.976890 264.327448 158.448730 325.000000 163.600122 290.423828 73.736016 92.070625 122.102416 278.454664 121.671689 353.118960 60.166436 388.329757 33.060551 97.493590 70.724819 176.570099 162.791277 318.210622 149.187801 200.419560 262.345192 84.693565 107.517440 237.924358 261.007663 130.003846 124.197423 238.805360 
195.000000 8.000000 1.000000 a 308.185009 453.027593 190.002632 471.052014 357.463285 498.639148 317.823851 329.077498 180.897761 425.455051 249.537572 287.642139 274.963634 341.123145 295.918908 385.188266 268.024253 119.339851 181.400110 238.606370 346.586209 459.557396 395.284708 212.009434 184.783657 294.164920 128.413395 304.213741 180.360750 275.268959 
140.000000 3.000000 3.000000 a 179.002793 206.169833 129.448832 263.108343 102.156742 237.185581 20.880613 154.207652 116.430237 215.935175 74.652528 304.699852 22.561028 335.292410 96.332757 134.201341 130.034611 178.016853 203.887224 275.138147 87.464278 165.411608 199.123078 89.196412 120.702113 180.834178 238.465930 67.364679 156.236999 184.707877 
111.000000 7.000000 3.000000 a 234.829726 158.382449 242.738542 234.625233 111.036030 163.713164 100.603181 204.413796 237.539470 200.810856 180.510388 380.479960 143.694120 397.597787 170.742496 129.988461 215.745220 299.173862 311.700176 362.891168 108.004630 52.345009 201.695315 209.344214 240.141625 244.008197 350.526746 136.488095 269.579302 256.826790 
187.000000 2.000000 2.000000 a 114.542569 237.191905 227.431308 193.494186 231.624696 283.134244 295.665351 442.214880 283.143073 177.341479 231.250946 88.769364 290.704317 65.000000 382.049735 423.962262 399.836216 300.273209 412.354217 123.907223 237.621548 341.603571 155.794737 303.871683 318.039306 112.929181 227.068272 228.989083 364.549036 114.738834 
160.000000 9.000000 3.000000 a 217.830209 373.290771 259.493738 337.653669 340.939877 421.612381 379.051448 497.369078 311.281223 316.139210 295.575709 70.213959 358.503835 84.172442 439.877256 503.008946 443.297868 298.573274 419.344727 95.963535 341.973683 461.182177 290.327401 343.837171 344.710023 206.661559 192.898937 318.172909 382.028795 193.093242 
252.000000 5.000000 5.000000 a 105.152271 238.882816 212.084889 200.202398 225.656819 286.006993 285.882843 429.968604 268.001866 180.080538 218.563492 76.400262 278.958778 63.134776 369.817523 414.295788 386.393582 283.853836 396.637114 108.074049 230.722777 338.600059 156.387340 289.663598 303.014851 101.636608 210.097596 219.419689 349.206243 101.202767 
171.000000 3.000000 5.000000 a 258.213090 121.202310 375.644779 94.921020 227.200352 101.434708 311.826875 461.653550 408.729740 136.191042 327.409529 366.870549 343.751364 346.244134 415.018072 394.606133 455.241694 460.036955 526.780789 384.734974 241.813978 221.903132 166.883193 401.542028 431.259782 273.534276 446.777349 277.794888 475.918060 294.260089 
164.000000 4.000000 3.000000 a 182.496575 207.684857 132.400906 265.316792 104.177733 238.096619 20.124612 151.119158 118.207445 218.304833 78.102497 308.293691 24.083189 338.892313 93.536089 130.602450 127.945301 179.713661 203.383874 278.657496 89.537702 164.560019 201.814271 90.138782 121.490740 184.390889 241.356583 70.576200 156.156972 188.308258 
195.000000 1.000000 3.000000 a 333.997006 339.308120 248.211603 407.295961 248.394847 355.793479 160.112460 18.000000 202.237484 363.411612 217.846276 447.966517 156.540730 484.422336 67.230945 72.346389 77.878110 243.790894 177.814510 411.048659 235.104232 246.132078 351.012820 165.758861 175.855054 334.306745 342.476277 223.450218 165.462987 335.214856 
121.000000 3.000000 2.000000 a 60.835845 203.364205 76.941536 217.082933 126.589889 251.753848 150.628683 283.677634 127.816274 171.128607 72.235725 162.606888 134.647688 194.550765 223.671634 276.400072 239.365829 161.718892 259.532272 137.010948 122.527548 248.116908 141.014184 144.003472 161.276161 52.172790 144.308697 91.065910 209.258214 45.891176 
122.000000 6.000000 5.000000 a 132.924791 260.946355 236.135554 216.529444 252.794383 306.887602 313.651080 457.017505 292.289240 201.109423 245.491344 73.817342 306.297241 41.593269 396.894192 442.064475 412.640279 304.803215 419.577168 115.602768 258.156929 364.354223 179.412932 315.228489 327.441598 129.282636 224.555116 247.202346 373.005362 127.882759 
277.000000 6.000000 5.000000 a 309.967740 311.416120 231.613903 379.578714 221.110832 328.153927 133.633828 36.796739 189.446562 335.931541 196.359364 428.065416 133.824512 462.887675 51.400389 52.000000 78.160092 236.144024 184.271539 392.826934 208.000000 219.665655 324.024690 151.980262 166.580311 310.987138 330.151480 198.080792 164.000000 312.929705 
260.000000 9.000000 1.000000 a 34.205263 181.245690 104.446158 190.205152 115.879247 230.497288 156.984076 299.793262 153.687996 145.120639 89.560036 158.902486 148.313856 183.883115 239.633053 285.043856 259.023165 189.488786 285.338396 141.693331 115.004348 238.195298 114.586212 166.769302 186.271308 29.614186 167.026944 92.097774 234.542107 34.713110 
270.000000 8.000000 4.000000 a 372.993298 338.005917 312.257906 412.819573 266.627080 342.381366 191.942700 103.392456 273.748059 374.766594 269.557044 501.601435 206.526027 532.226456 136.565003 63.529521 161.297861 321.993789 263.286916 469.796765 256.164010 222.596047 369.220801 236.038133 252.295462 376.575358 414.077287 258.503385 248.652368 381.718483 
192.000000 9.000000 5.000000 a 125.733846 126.589889 261.847284 66.219333 173.046237 164.754363 260.001923 420.201142 308.131465 68.796802 232.813230 211.728600 274.390233 192.379833 363.159744 377.794918 393.573373 347.028817 438.170058 232.757384 185.388781 250.491517 69.462220 314.071648 338.245473 138.657852 309.006472 200.960195 386.462159 157.079598 
185.000000 1.000000 2.000000 a 185.981182 144.100659 192.260240 213.459598 65.764732 165.360213 59.169249 200.172426 192.574661 172.490579 129.468143 329.862092 101.636608 349.413795 153.834326 143.349224 196.010204 254.025589 281.448041 310.831144 58.898217 87.097646 166.388101 168.466614 200.124961 194.077304 299.107004 83.934498 235.229675 205.800875 
298.000000 5.000000 1.000000 a 212.708721 306.243367 83.486526 347.282306 200.661406 344.688265 138.827231 167.597733 27.294688 298.202951 99.859902 286.539701 95.519631 331.119314 119.570063 205.302216 108.231234 67.446275 107.335921 243.100802 186.946516 283.351372 273.197731 28.861739 8.000000 205.543183 161.941347 147.787009 56.044625 196.824795 
176.000000 7.000000 2.000000 a 333.178631 365.846963 227.554389 428.018691 266.627080 388.614205 176.527618 40.024992 175.025712 381.525884 211.728600 431.935180 158.256122 472.890051 70.837843 125.219807 43.324358 205.065843 122.784364 390.938614 252.253840 287.215947 364.965752 143.171226 143.125819 330.806590 310.161248 231.248784 120.000000 328.105166 
181.000000 5.000000 3.000000 a 271.012915 381.580922 133.270402 417.660149 277.001805 421.427337 215.967590 205.625874 90.520716 368.892938 171.840042 312.102547 172.930622 362.167089 174.522205 264.196896 144.557947 54.147945 70.682388 263.615250 263.651285 360.489944 342.052628 106.103723 74.464757 260.946355 158.240324 223.329353 56.920998 247.776109 
208.000000 7.000000 5.000000 a 293.465501 367.404409 166.364059 417.355963 261.335034 399.971249 181.041432 122.800651 110.163515 368.521370 174.908548 367.589445 144.806768 413.377551 104.785495 191.441897 65.030762 121.202310 44.384682 322.522867 246.677928 318.403832 346.135811 93.680307 75.026662 287.264686 229.839074 213.490047 33.615473 279.458405 
122.000000 7.000000 2.000000 a 116.709040 62.265560 201.444782 109.201648 52.201533 108.811764 142.369238 301.683609 230.123880 64.070274 148.922799 261.841555 167.720005 267.675176 248.131014 252.343021 284.176002 283.536594 348.420723 258.131749 66.730802 134.617978 59.033889 222.703839 252.210230 130.698125 287.445647 98.858485 297.235597 149.753130 
240.000000 3.000000 1.000000 a 218.387271 84.172442 334.861165 58.077534 188.608059 77.665951 275.036361 427.856284 368.408740 95.713113 287.099286 332.254421 305.407924 315.179314 379.348125 364.314425 418.592881 419.333996 487.603322 347.574452 203.324863 197.428468 126.574089 362.012431 391.451146 233.790505 406.636201 238.170107 436.519186 254.593794 
267.000000 5.000000 2.000000 a 311.400064 437.092668 177.485211 466.692618 334.771564 479.125245 279.556792 264.560012 147.648231 418.760075 226.876618 324.052465 236.222353 376.745272 238.537209 328.112785 205.341180 92.097774 110.788086 274.060212 322.121095 424.062495 390.325505 169.540556 138.495487 299.347624 160.380797 280.588667 119.507322 283.240181 
171.000000 9.000000 2.000000 a 172.130764 338.651739 184.835062 318.441517 287.689068 388.515122 313.210792 422.692560 234.957443 287.250762 226.808289 58.728187 288.530761 110.136279 366.203495 433.484717 367.396244 221.199005 342.013158 30.594117 286.127594 410.007317 258.001938 268.516294 267.899235 158.069605 117.068356 256.758642 304.586605 139.978570 
114.000000 3.000000 1.000000 a 184.458667 306.634962 280.585103 255.266527 304.139771 350.753475 364.917799 506.332894 336.756589 246.058936 294.838939 90.138782 356.384624 36.687873 446.319392 493.316329 460.339006 343.471978 461.069409 139.842769 309.698240 414.229405 226.876618 361.857707 371.981182 180.294204 253.734113 298.584996 416.231907 177.341479 
170.000000 9.000000 5.000000 a 170.073514 177.259696 146.328398 237.244600 75.927597 206.958933 14.317821 174.645355 142.200563 191.230228 85.381497 304.803215 51.478151 331.074010 120.070812 139.617334 157.442053 203.767024 234.360833 279.614020 61.814238 137.528179 177.101666 118.105885 149.833241 174.453432 254.921557 55.758407 186.603858 181.686543 
264.000000 8.000000 1.000000 a 121.696343 200.384630 75.026662 239.920820 97.529483 241.679540 78.230429 209.093281 90.906545 190.829767 12.041595 238.600084 58.180753 271.029519 148.929514 200.384630 170.002941 147.139390 212.720474 208.741467 85.615419 202.121251 166.811271 86.764048 114.039467 120.303782 181.664526 43.382024 160.878836 120.933866 
197.000000 5.000000 4.000000 a 116.430237 199.619638 72.339477 237.427884 97.989795 241.646436 83.486526 214.704448 91.967386 188.345427 10.816654 232.800344 63.976558 265.211237 154.538021 206.155281 175.045708 146.860478 215.647861 203.147729 86.648716 205.009756 163.768129 90.077744 116.503219 114.756263 177.910090 44.271887 163.768129 115.156415 
211.000000 3.000000 3.000000 a 113.282832 212.454701 54.918121 245.668476 113.547347 255.882786 100.344407 222.991031 82.200973 196.796850 12.727922 219.938628 75.802375 254.750859 163.049072 220.165847 179.354398 133.135270 210.487529 188.095720 103.077641 223.002242 170.578428 87.664132 110.571244 109.224539 159.665275 61.000000 158.773423 106.480045 
143.000000 5.000000 4.000000 a 350.538158 482.589888 220.517573 509.082508 381.424960 525.478829 327.983231 307.319052 195.071782 461.736938 273.031134 346.953887 284.622557 400.362336 285.028069 374.300681 249.807926 137.058382 148.959726 297.254100 369.059616 472.451056 432.671931 218.002294 187.002674 337.653669 184.024455 327.226221 166.003012 320.315469 
225.000000 3.000000 2.000000 a 114.978259 59.464275 229.078589 62.769419 101.833197 107.689368 191.859323 351.889187 265.680259 13.928388 185.000000 245.967478 213.600094 242.002066 297.324738 303.295236 331.802652 314.159195 389.666524 252.049598 115.741090 173.807365 24.083189 263.427409 291.247318 130.495211 301.230809 141.364776 337.928987 151.343979 
171.000000 8.000000 5.000000 a 269.267525 348.914030 141.286942 396.415186 242.538657 383.251875 166.207701 133.719856 85.094066 347.432008 151.921032 342.760850 127.279221 388.355507 104.004808 193.372697 72.235725 100.005000 57.314920 297.983221 228.037278 307.122126 324.260698 70.774289 50.000000 262.762250 207.472890 193.051807 15.524175 254.636997 
205.000000 6.000000 5.000000 a 303.960524 210.608642 304.396123 288.402497 179.961107 201.635810 158.069605 211.021326 291.386341 260.725910 243.870867 449.657648 198.012626 466.498660 196.290601 124.739729 240.435022 352.051133 344.702771 431.394251 177.200451 82.225300 265.706605 259.048258 287.696020 313.210792 413.298923 203.931361 309.127805 325.909497 
171.000000 3.000000 3.000000 a 10.000000 168.047612 146.741269 160.112460 130.483715 218.020641 190.184121 339.673373 197.408207 120.540450 132.003788 143.178211 187.683244 156.272198 279.689113 318.427386 301.325406 230.495119 329.120039 140.431478 134.417261 248.195487 89.822046 210.489905 230.184708 20.518285 193.793705 123.482792 278.431320 40.311289 
167.000000 2.000000 1.000000 a 74.813100 223.653750 65.969690 235.416652 145.880088 272.124971 162.606888 287.167199 120.503112 190.192008 78.600254 153.938299 141.823834 190.436341 227.694971 285.805878 239.633053 147.732867 251.246891 123.434193 141.014184 266.732075 159.765453 141.566239 155.157984 63.134776 123.939501 107.018690 202.200396 50.219518 
154.000000 5.000000 4.000000 a 232.594067 102.956301 351.728589 68.963759 207.234167 93.343452 293.819673 446.517637 386.173536 111.220502 304.901623 341.320963 324.044750 321.622449 398.128120 382.460455 437.375125 436.495132 506.003953 358.804961 221.963961 214.058403 141.661569 380.297252 409.591260 247.872951 421.279005 256.452725 454.845029 268.560980 
273.000000 2.000000 1.000000 a 289.927577 413.852631 154.987096 444.083326 311.448230 455.808074 256.889081 249.303028 124.354332 396.020202 203.590275 309.221603 213.506440 361.365466 219.790810 309.467284 188.883562 69.296465 101.911727 259.408944 298.800937 401.314091 367.763511 146.996599 116.297033 278.195974 147.003401 257.266399 101.636608 262.589033 
172.000000 1.000000 5.000000 a 193.289938 294.375610 62.289646 332.001506 190.065778 334.574356 136.780847 184.859406 6.082763 283.028267 84.958814 265.520244 93.648278 309.919344 133.600150 216.094887 127.027556 62.072538 126.241831 222.467975 176.954796 280.146390 257.108926 34.014703 29.154759 185.585560 145.344419 136.209398 75.953933 176.255496 
279.000000 6.000000 1.000000 a 284.682279 427.569877 164.283292 446.806446 331.581061 472.978858 292.249893 309.079278 155.389832 400.851593 223.591145 272.624284 249.513527 326.038341 273.484917 362.353419 247.541916 94.021274 166.901168 222.946182 320.655578 433.710733 370.842285 187.216452 160.801119 270.933571 110.072703 278.280434 160.112460 252.446034 
104.000000 7.000000 4.000000 a 151.822265 306.114358 69.835521 315.990506 222.441003 354.255557 215.127869 301.423290 111.606451 272.000000 128.316016 159.154013 181.176709 209.344214 247.491414 322.704199 244.075808 99.126182 219.203102 111.305885 215.002326 338.923295 241.267486 147.322775 143.265488 137.437258 43.011626 175.482193 179.627392 118.258192 
223.000000 9.000000 5.000000 a 147.800541 129.495174 165.873446 190.465220 31.256999 161.226549 61.846584 219.965906 175.866427 145.674294 103.247276 292.001712 94.762862 311.242671 167.287178 173.979884 205.294910 235.722294 279.329554 274.186068 21.095023 112.285351 134.836939 158.218204 189.736660 155.974357 269.475416 51.156622 230.123880 168.107109 
122.000000 1.000000 1.000000 a 289.088222 293.680098 212.868504 360.693776 201.419959 312.270716 113.216607 50.695167 172.794676 316.521721 175.900540 407.887239 113.159180 442.295150 36.687873 54.000000 73.545904 222.171105 180.510388 373.209057 188.095720 207.086938 304.006579 135.092561 152.200526 290.146515 313.209195 177.290722 154.828938 292.227651 
243.000000 4.000000 5.000000 a 188.854441 205.353354 142.804062 265.243285 103.846040 233.950850 14.422205 148.054044 128.062485 218.888099 87.800911 316.900615 34.014703 346.625158 92.195445 122.319254 129.247824 189.446562 209.117192 287.987847 89.498603 156.387340 203.710579 98.954535 129.988461 191.407941 251.781651 75.432089 162.929433 196.114762 
239.000000 5.000000 4.000000 a 145.907505 305.805494 196.290601 277.721083 268.419448 354.978873 307.689779 432.075225 250.792743 250.880450 226.008849 10.440307 289.233470 63.906181 373.471552 432.926091 380.539091 248.453215 368.289288 39.623226 269.312087 389.075828 223.304725 280.615395 285.440011 134.238594 153.587109 245.904453 326.534837 120.432554 
217.000000 6.000000 1.000000 a 197.225759 313.869400 59.506302 345.557521 212.132034 356.203593 166.589315 212.207446 30.066593 297.106042 103.773792 250.714978 124.036285 297.968119 163.670401 247.648945 152.305614 32.893768 129.096863 204.970730 199.904977 308.501216 269.536639 65.787537 50.249378 187.384631 117.515956 157.943028 85.146932 174.908548 
108.000000 9.000000 1.000000 a 338.710791 475.231523 211.896201 498.963927 375.666075 519.076102 326.455204 315.830651 191.324332 452.133830 266.986891 329.218772 283.044166 382.687862 289.994828 379.616912 256.912436 131.183078 159.815519 279.728440 363.743041 470.465727 422.654705 217.101359 186.959889 325.419729 167.287178 321.591356 171.058470 307.522357 
184.000000 1.000000 5.000000 a 186.357184 120.303782 318.308027 43.185646 202.200396 139.785550 292.432898 451.934730 360.573155 87.091905 281.684220 275.152685 314.353304 251.017928 398.076626 399.000000 432.749350 404.085387 487.714056 298.000000 216.390850 248.583990 108.300508 361.813488 388.352932 200.384630 372.833743 241.596772 435.835978 219.804459 
125.000000 6.000000 4.000000 a 223.948655 86.769810 339.611543 64.070274 191.950514 76.655072 277.771489 429.787157 372.651312 101.079177 291.331426 338.249908 308.690784 321.138599 381.776112 365.383360 421.321730 423.930419 491.244338 353.479844 206.632524 197.124326 132.003788 365.804593 395.385887 239.370006 412.074022 241.993802 440.255608 260.188393 
145.000000 1.000000 4.000000 a 210.535033 190.800943 184.097800 258.745048 103.097042 211.357517 37.696154 153.378617 171.011696 216.020832 125.674182 347.195910 77.058419 372.604348 108.226614 102.357218 151.644321 232.260629 243.057606 322.055896 91.678787 119.037809 206.642203 140.730238 171.049700 215.800834 293.204707 97.308787 200.032497 223.807953 
213.000000 5.000000 2.000000 a 173.649071 235.478237 91.809586 283.989436 129.073622 271.309786 64.776539 158.757677 72.249567 235.261557 52.886671 282.973497 22.022716 318.943569 98.792712 161.969133 118.004237 133.843192 170.698565 248.316331 114.690889 208.520982 213.845739 47.707442 79.404030 171.642069 199.123078 80.062476 120.241424 170.496334 
211.000000 4.000000 1.000000 a 227.220158 61.131007 310.306300 122.429572 143.558351 19.235384 212.868504 351.523826 330.479954 120.420098 252.230054 365.853796 250.990040 362.138095 309.840281 279.866039 352.604594 388.212571 435.174678 368.306937 155.913438 104.690019 144.100659 315.000000 346.433255 242.074369 401.059846 197.709383 386.684626 262.000000 
286.000000 1.000000 1.000000 a 213.337760 373.364433 133.416641 377.921950 291.556170 422.018957 279.894623 346.382736 160.065612 336.013393 195.166596 174.393234 242.903273 227.881548 297.712949 379.094975 285.727143 120.420098 235.306184 125.299641 284.044011 407.541409 305.026228 197.800404 184.287818 198.116128 26.172505 244.165927 208.002404 177.589414 
159.000000 9.000000 4.000000 a 280.417546 401.400050 144.308697 432.936485 298.502931 442.950336 242.915623 236.947252 111.139552 384.676487 191.010471 305.865984 199.551998 357.475873 206.194083 295.854694 176.139150 58.600341 93.605555 256.329866 285.716643 387.382240 356.721180 132.966161 102.181212 269.081772 145.581592 244.364482 88.600226 254.064952 
271.000000 6.000000 2.000000 a 325.909497 446.686691 190.262976 478.941541 343.110769 487.626907 283.557754 256.743062 155.656673 430.656476 236.292192 343.273943 240.553528 395.790349 235.034040 324.075608 199.218473 104.484449 99.161484 293.318939 330.056056 428.049063 402.731921 173.726797 142.077444 314.302402 179.902752 289.110705 116.348614 298.800937 
110.000000 4.000000 1.000000 a 76.661594 219.164322 61.465437 234.104677 138.293167 267.166615 152.751432 278.001799 114.424648 188.045207 68.818602 163.636793 132.060592 199.449242 218.405586 275.936587 231.157955 145.344419 245.782424 133.304163 132.834483 258.495648 158.003165 133.734812 148.660687 66.483081 129.247824 97.862148 196.155551 56.142675 
292.000000 5.000000 5.000000 a 248.937743 321.885073 127.816274 370.882731 215.601484 355.692283 138.405202 124.016128 72.801099 322.024844 129.031004 332.099383 99.764723 375.618157 83.952367 173.441633 62.936476 105.118980 84.864598 289.318164 201.022387 279.651569 299.643121 48.373546 39.661064 243.526179 207.060378 167.074834 39.217343 237.033753 
216.000000 1.000000 5.000000 a 317.720003 333.313666 226.876618 398.900990 238.436574 352.892335 148.660687 12.165525 179.744263 353.841773 199.541976 428.002336 139.832042 465.550212 48.083261 82.764727 54.781384 220.494898 157.079598 390.190979 224.628582 247.606543 339.779340 143.680200 152.751432 317.252266 319.690475 209.403916 142.442971 317.176607 
246.000000 7.000000 1.000000 a 192.338244 287.433471 66.219333 327.123830 182.428068 326.810343 126.301227 176.181724 14.422205 278.064741 79.630396 270.691707 83.024093 314.014331 123.693169 205.294910 119.570063 73.006849 127.945301 228.667881 169.026625 270.053698 252.812183 23.323808 28.160256 185.442714 155.080624 128.972865 76.537572 177.282261 
230.000000 6.000000 2.000000 a 326.118077 470.923561 207.740222 489.065435 375.000000 516.426181 333.911665 339.436297 197.000000 443.482807 266.896984 302.676395 290.877981 356.103917 308.501216 398.026381 278.948024 135.340312 188.151535 254.023621 364.001374 476.170138 413.309811 227.140925 199.123078 312.054482 145.206749 321.622449 191.481070 293.083606 
294.000000 4.000000 5.000000 a 256.158154 316.185072 143.171226 369.195070 210.772389 347.416177 128.035151 101.316336 90.735880 320.781857 134.372616 347.731218 94.021274 389.589528 60.671245 150.336290 41.880783 128.471787 96.896852 306.414752 196.022958 265.216892 300.108314 59.203040 60.827625 252.071418 228.484135 165.641178 59.135438 247.370168 
191.000000 6.000000 1.000000 a 71.561163 112.929181 202.800394 93.471921 120.486514 161.207940 202.891597 362.067673 247.412611 57.000000 171.470114 192.512337 214.238185 189.214164 304.133195 325.000000 333.190636 288.466636 377.000000 200.808366 130.969462 217.793480 30.083218 252.723169 277.088434 86.452299 260.224903 141.226768 325.246061 106.892469 
173.000000 1.000000 2.000000 a 263.180546 369.718812 125.717938 407.313147 264.714941 409.004890 202.232539 193.685312 79.511006 358.421540 160.639348 310.779665 159.314155 360.012500 160.953409 250.599282 132.230859 52.952809 67.911707 262.954369 251.205095 346.705927 332.024096 92.574294 60.835845 253.663162 160.822884 211.291268 44.721360 241.306859 
206.000000 2.000000 1.000000 a 270.601183 433.180101 192.898937 434.263745 352.625864 482.130688 338.693076 392.337865 212.849712 393.859112 255.327241 206.603485 300.306510 258.495648 347.817481 432.260338 330.626678 163.367683 264.614814 162.659153 345.092741 468.346026 362.845697 250.185931 232.215417 255.162693 87.206651 305.059011 247.226617 234.350165 
292.000000 7.000000 5.000000 a 356.407071 493.916997 230.488611 517.147948 394.451518 537.833617 344.894187 330.393705 210.009524 470.455099 285.770887 342.616404 301.478026 396.102260 306.418015 395.921709 272.259068 149.966663 172.678893 293.470612 382.531044 489.004090 440.883204 235.372046 205.009756 342.965013 182.214160 340.379200 187.323250 324.839961 
221.000000 9.000000 4.000000 a 197.342342 57.584720 309.820916 48.332184 161.697248 60.901560 248.213618 401.659059 342.265978 74.040529 260.946355 318.157194 278.490574 304.960653 352.695336 339.411255 391.761407 393.878154 460.821006 330.310460 176.408617 176.082367 104.995238 335.335653 364.906837 212.849712 384.468464 211.518321 409.799951 233.728475 
196.000000 8.000000 4.000000 a 161.483745 275.261694 269.091063 222.991031 277.605836 318.888695 342.614944 488.320591 325.221463 214.580987 276.990975 97.452553 337.099392 49.396356 428.160017 470.919314 444.812320 337.575177 452.584799 143.756739 284.036969 385.040258 196.400102 347.794480 360.355380 159.423963 255.156815 275.943835 406.001232 159.662143 
282.000000 2.000000 4.000000 a 236.913486 266.540804 154.857999 326.435292 165.075740 293.293368 75.643903 92.962358 117.618026 279.646205 119.620232 350.553848 59.033889 386.244741 33.136083 101.980390 68.095521 171.732350 158.354034 315.203109 150.572242 204.482273 263.058929 80.112421 102.591423 236.543865 256.826790 130.061524 119.331471 237.008439 
227.000000 7.000000 3.000000 a 110.788086 246.629276 28.442925 266.507036 157.276826 293.307006 152.052622 259.538051 84.000000 219.617850 63.976558 180.427271 122.788436 221.677694 201.405064 267.525700 208.463426 111.220502 213.883146 142.635900 149.164339 272.662795 190.142052 108.811764 119.067208 100.224747 109.114619 109.224539 165.366260 87.800911 
113.000000 9.000000 2.000000 a 229.956518 183.095603 216.584856 256.031248 112.258630 195.931110 70.213959 167.839209 205.021950 217.223387 156.604598 371.214224 111.018017 393.315395 131.643458 100.319490 176.581426 266.270539 272.946881 348.931225 104.307238 91.285267 212.640542 174.522205 204.560504 236.966242 325.564126 121.210561 231.758495 247.072864 
269.000000 8.000000 4.000000 a 239.760297 172.072659 238.901653 247.703452 117.290238 178.756818 94.047860 189.433366 230.367098 212.511176 177.538728 384.063797 136.235091 403.053346 157.114608 114.843372 202.252318 291.830430 299.708191 364.606637 112.449989 66.843100 211.804155 200.731163 231.041122 248.169297 347.414738 136.883162 258.683204 260.000000 
235.000000 4.000000 4.000000 a 236.292192 384.731075 125.319591 399.712397 292.984641 431.422067 264.484404 307.375991 131.939380 354.682957 187.672587 223.861564 223.635865 277.064974 263.856021 349.665554 245.635909 78.549348 184.200977 173.922396 283.213700 401.358942 324.274575 168.237927 148.030402 222.146348 60.083276 241.234326 162.659153 203.147729 
287.000000 6.000000 1.000000 a 243.577503 404.398318 265.188612 373.012064 364.071422 453.414821 394.182699 502.446017 313.413465 348.786468 308.099010 99.849887 369.871599 123.664870 446.658706 514.822299 446.010090 292.851498 412.419689 108.466585 363.705925 485.741701 321.735917 348.051720 345.231806 231.008658 184.114095 336.431271 378.906321 215.139490 
144.000000 7.000000 1.000000 a 146.819617 299.786591 63.285069 310.644491 215.522621 347.800230 208.216234 296.273522 106.780148 266.326867 121.297156 160.611332 174.542258 210.059515 241.896672 316.436408 239.376273 98.020406 217.329243 113.564959 208.009615 331.868950 235.669260 141.992958 139.086304 132.653684 50.000000 168.428026 176.646540 113.846388 
128.000000 1.000000 2.000000 a 190.924069 353.179841 124.084649 355.128146 275.001818 402.239978 270.085172 347.922405 158.700977 314.035030 183.393021 151.168780 235.306184 204.599609 296.664794 375.046664 288.425034 127.906216 246.738728 101.592323 268.365423 393.040710 283.019434 196.025509 186.357184 175.559107 18.867962 229.712864 215.081380 154.845084 
Type de surveillance de chaque endroit(target):tab[nombre de target]
a a a a a a a a a a a a a a a a a a a a a a a a a a a a a a 