Nombre des capteurs:
100
Nombre des targets:
70
Nombre de type de surveillance:
1

Caracteristiques:
111.000000 4.000000 1.000000 a 186.335719 281.300551 409.099010 173.078017 209.554289 247.455046 141.650980 397.200201 176.502125 340.587727 93.722996 252.873486 131.015266 518.096516 268.328157 41.146081 394.725221 304.055916 292.514957 168.961534 121.016528 310.845621 454.842830 274.052915 511.624863 343.781908 482.248898 87.664132 337.575177 231.157955 285.910825 350.435443 506.928003 112.004464 332.776201 328.536147 277.238165 267.402319 272.029410 349.005731 430.154623 287.543040 327.482824 307.717403 438.151800 308.185009 383.584411 66.287254 132.230859 98.812955 77.025970 442.598012 174.590951 437.030891 377.708883 416.472088 315.349013 287.141080 553.398591 112.294256 237.413142 309.232922 444.658296 385.135041 364.584695 83.384651 147.648231 172.362989 220.637712 447.733179 
109.000000 6.000000 2.000000 a 114.738834 124.851912 434.308646 129.468143 89.560036 419.008353 157.432525 344.223764 384.584191 195.576072 217.664880 164.878743 176.649370 288.405964 305.040981 273.936124 99.569072 332.704073 20.808652 285.870600 178.675684 323.148573 343.982558 369.303398 383.262312 200.609073 269.862928 211.681364 53.000000 68.352030 382.796290 242.917682 277.016245 200.202398 33.734256 149.913308 171.327172 47.010637 107.935166 134.450734 428.622211 392.944016 171.956390 275.288939 164.258942 67.911707 86.954011 252.958495 168.656456 231.019480 287.000000 451.642558 386.760908 368.469809 310.061284 305.805494 218.680132 146.996599 378.893125 187.840358 199.010050 188.162164 284.381786 298.021811 73.539105 281.064050 362.891168 142.593829 280.814886 340.800528 
298.000000 6.000000 1.000000 a 161.554944 41.000000 281.042701 164.210231 168.582324 320.039060 200.638979 184.361059 312.272317 40.112342 215.928229 57.982756 238.075618 210.059515 174.633903 270.351623 178.238604 191.929675 139.556440 205.681793 220.925327 178.532910 189.855208 246.758992 236.476214 45.044423 173.242604 241.598841 207.195560 167.191507 258.062008 83.006024 199.200904 198.715878 171.816763 27.000000 37.363083 123.939501 60.074953 61.660360 271.182595 269.703541 19.235384 125.399362 167.242339 95.210294 177.228666 244.182309 219.544984 211.851363 258.213090 294.821980 316.077522 208.722304 150.083310 149.626201 60.811183 23.259407 254.615396 229.008733 88.769364 29.732137 146.751491 138.159328 153.808322 249.899980 300.780651 147.648231 172.046505 185.558616 
208.000000 7.000000 1.000000 a 219.783985 144.692778 167.630546 213.677327 240.950202 215.415877 238.891189 106.066017 228.965063 113.745330 215.856434 103.812331 276.045286 285.576610 59.682493 252.224107 300.176615 69.856997 246.862310 137.644470 251.286689 56.859476 164.195006 131.000000 221.616786 112.285351 243.002058 256.859884 318.912214 249.647752 140.431478 82.565126 277.218326 205.788727 286.262118 146.894520 97.185390 223.181540 159.806133 181.892826 167.693172 152.397507 124.326184 14.560220 283.853836 210.845915 298.584996 228.962879 256.126922 199.123078 222.353322 188.724667 233.623629 144.810221 84.581322 129.495174 67.742158 124.402572 276.383791 256.031248 78.746428 93.984041 176.875663 94.810337 274.758075 214.245187 227.547797 187.320581 84.219950 156.706732 
123.000000 9.000000 5.000000 a 293.906448 225.144398 89.005618 286.000000 317.321603 185.564005 306.602348 86.533231 224.439301 183.847763 270.894814 183.861361 341.738204 332.601864 66.030296 294.742260 378.005291 29.832868 327.452287 165.130252 315.634282 26.925824 168.647562 93.407708 221.359436 181.069048 290.248170 315.063486 399.520963 327.649203 94.894678 139.946418 326.153338 264.886768 366.742416 223.015695 177.654158 303.486408 240.416306 257.186703 98.249682 105.550936 199.060292 74.632433 354.565932 291.029208 377.196235 275.307101 322.342985 250.127967 257.513106 115.208507 229.438445 123.109707 94.148818 149.896631 140.943251 204.474937 293.001706 318.888695 154.870914 170.660482 213.122031 116.400172 353.669337 250.545405 233.238076 258.860967 114.109596 161.012422 
229.000000 2.000000 2.000000 a 269.416035 243.495380 154.719100 257.635401 297.833846 94.244363 266.835155 182.701943 126.826653 234.034186 214.037380 193.940713 295.954388 407.003685 62.513998 221.325552 405.428169 72.622311 333.054050 93.637599 269.156089 88.752465 262.255601 19.723083 317.042584 233.173755 364.296582 259.077209 404.911101 313.576147 33.837849 204.159252 398.943605 214.366509 377.465230 260.499520 200.352190 304.926221 252.926867 295.447119 181.198786 41.773197 240.750909 128.786645 400.535891 308.444484 401.383856 207.369236 278.691586 190.157829 179.713661 189.644404 131.825642 220.635446 182.131820 237.118114 188.130274 228.232338 384.502276 269.714664 156.169779 209.611545 294.008503 201.258540 377.033155 174.393234 137.884009 231.250946 71.281134 254.466108 
203.000000 6.000000 1.000000 a 240.831892 126.921235 213.590730 240.559764 252.126952 308.293691 274.204303 103.947102 320.764711 50.606324 273.248971 118.127050 312.621177 192.574661 152.345003 320.340444 246.805592 152.029602 225.441788 223.215143 292.061637 135.003704 105.076163 221.183182 156.438486 45.793013 149.896631 307.001629 290.423828 252.786471 228.875512 11.401754 184.545387 258.712195 254.025589 97.247108 95.036835 210.772389 146.154028 124.651514 196.163197 240.831892 73.824115 85.702975 210.641876 178.899413 249.098374 294.898288 293.073370 262.573799 297.956373 220.517573 325.301399 122.983739 70.178344 64.000000 46.065171 105.683490 192.875608 299.040131 123.822454 64.000000 86.556340 53.254108 227.905682 289.499568 317.018927 219.317122 173.908022 100.019998 
222.000000 2.000000 2.000000 a 131.381125 153.447059 462.854189 146.492321 103.019416 443.308019 169.955877 372.601664 406.247462 223.230822 234.076910 193.051807 183.741666 305.601047 332.661991 288.501300 102.176318 360.801885 49.406477 309.741828 189.718212 351.449854 370.774864 396.056814 408.754205 228.232338 290.000000 223.089668 28.442925 81.006173 409.659615 271.014760 294.441845 217.451144 34.000000 177.200451 199.902476 74.027022 136.499084 159.477271 457.214392 419.643897 199.722307 303.832191 175.308300 94.921020 88.617154 269.001859 178.664490 249.359179 304.868824 480.242647 408.208280 396.429060 338.396217 333.042039 247.194256 175.573346 401.100985 198.479218 226.629654 216.603324 309.291125 326.062877 82.764727 299.407749 383.603962 163.024538 307.188867 367.789342 
128.000000 6.000000 1.000000 a 335.261092 249.377224 70.576200 329.164093 355.820179 238.673417 353.479844 47.381431 282.718942 190.790461 324.013889 216.041663 390.041023 308.876998 123.000000 351.650395 389.503530 88.955045 353.417600 223.394270 364.664229 80.411442 126.495059 148.734663 172.722321 186.807387 268.307659 367.164813 423.445392 363.401981 147.186956 141.031911 304.198948 316.309975 388.598765 235.493100 203.744939 332.543230 266.835155 266.717079 54.405882 156.204994 210.736803 103.464970 354.132743 311.905434 390.755678 331.187258 370.259369 304.474958 315.559820 77.897368 287.716875 71.589105 75.133215 121.061968 156.339374 227.264163 250.281841 368.761441 194.247265 187.445992 187.541995 96.932967 368.484735 308.366665 292.473930 302.687958 170.657552 119.682914 
216.000000 1.000000 5.000000 a 312.822633 201.019900 377.058351 320.975077 305.918290 482.025933 358.700432 259.886514 485.093805 159.100597 388.598765 235.669260 391.869876 44.147480 326.840940 445.214555 175.000000 329.054707 233.225213 380.311714 381.095788 312.006410 200.830775 397.456916 204.452929 158.660014 47.423623 407.303327 260.783435 293.470612 405.652561 186.268623 33.241540 370.418682 228.536649 154.767568 214.219514 241.298570 211.454487 134.357731 350.545290 417.633811 161.913557 261.765162 96.747093 191.564611 186.171964 419.200429 376.300412 387.459675 435.660418 374.200481 489.216721 255.485812 233.985042 187.216452 202.829978 197.202941 158.596973 390.155097 264.503308 189.256440 123.004065 211.021326 180.679274 427.401451 476.122883 312.592386 339.425986 203.592731 
249.000000 9.000000 5.000000 a 250.139961 336.471396 418.770820 236.298540 274.565111 230.982683 206.712361 424.858800 157.543645 388.542147 151.700363 302.687958 197.002538 570.362166 290.318790 93.037627 458.332848 322.950461 356.451960 190.517716 186.681547 332.776201 489.866308 279.177363 547.252227 391.214775 532.786073 153.310143 403.365839 296.339333 288.890983 391.795865 559.475647 170.487536 397.634254 381.875634 326.156404 330.461798 329.188396 405.132077 444.569455 287.767267 377.973544 339.748436 498.293086 369.102967 447.522066 118.207445 198.116128 149.214611 104.995238 453.812737 154.042202 465.107514 409.723077 453.609965 358.268056 339.607126 595.755822 178.126360 281.442712 356.609030 488.567293 420.192813 427.870307 113.454837 133.060137 232.417727 245.523930 482.420978 
283.000000 5.000000 2.000000 a 422.355301 353.005666 43.416587 413.672576 446.587058 224.955551 431.559961 158.028478 289.927577 301.663720 388.310443 313.461321 464.951610 415.986779 186.850207 401.310354 500.024999 151.158857 456.254315 271.427707 438.328644 156.160174 225.621364 163.003067 257.777035 297.954695 376.909804 433.453573 527.873091 457.371840 152.210381 252.669745 412.331178 385.253164 494.280285 344.988406 305.797318 432.926091 369.054197 377.404293 68.468971 153.310143 320.315469 201.734975 466.804027 417.915063 500.545702 386.011658 446.161406 365.547535 360.013889 48.373546 294.491086 166.460205 187.843020 230.269407 263.685419 331.651926 340.530469 440.519012 284.569851 294.645550 295.925666 209.389589 477.708070 354.539137 309.291125 386.393582 230.867928 220.336107 
236.000000 7.000000 5.000000 a 366.456000 267.471494 104.235311 362.194699 383.940099 293.640937 389.802514 48.052055 337.615166 197.202941 367.185239 242.553087 427.422508 280.223125 173.254149 399.224248 391.725669 141.904898 369.845914 273.651238 403.060789 130.782262 88.459030 203.960781 123.939501 192.481168 242.637590 408.827592 436.646310 388.784002 202.252318 147.851277 277.346354 357.740129 400.475967 243.821656 225.800797 352.308104 286.162541 270.835744 69.065187 211.021326 219.863594 138.003623 346.092473 324.722959 394.867066 377.524834 407.443248 349.200515 364.971232 90.609050 342.614944 30.083218 80.777472 100.687636 173.458929 245.155053 205.204776 408.001225 227.793766 202.765875 162.560758 93.477270 374.241900 357.463285 346.625158 336.823396 219.476650 83.677954 
161.000000 2.000000 1.000000 a 401.330288 301.942047 107.354553 396.969772 418.867521 312.417989 424.285281 82.975900 361.247837 230.341051 400.281151 277.481531 461.789996 298.605090 202.881739 430.673891 422.791911 169.366467 403.923260 303.441922 437.257361 160.162418 107.354553 225.787511 128.035151 225.523835 263.410326 442.366364 470.106371 423.647259 222.247610 181.570923 296.892236 391.287618 433.761455 276.985559 260.633843 386.803568 320.713268 302.952141 68.425142 229.839074 253.314034 172.142383 374.037431 358.353178 426.431706 409.518009 441.825758 381.781351 395.383358 82.764727 366.230802 57.628118 115.433964 128.693434 208.124962 279.658721 211.037911 442.055426 262.392835 237.153958 185.607112 126.657017 406.286844 388.061851 372.178721 371.496972 250.059993 104.623133 
107.000000 2.000000 3.000000 a 270.351623 168.751296 158.420327 267.269527 286.331975 273.248971 297.203634 51.971146 296.809703 102.532922 283.381368 145.382255 335.431066 234.616709 121.494856 323.289344 300.960130 109.767937 271.591605 210.059515 312.349164 92.347171 91.525953 182.164761 148.946299 98.310732 192.210822 322.024844 339.487850 290.394559 187.515333 52.345009 228.107431 271.488490 303.771296 148.273396 127.349912 253.552756 187.384631 178.280678 141.598023 199.123078 123.693169 59.033889 265.668967 227.431308 302.654919 299.340943 315.458397 268.531190 294.706634 165.849329 301.623938 81.394103 18.027756 58.600341 74.672619 146.413797 206.816344 318.158765 136.066160 104.201727 116.180893 22.671568 280.829130 286.530976 297.880849 243.002058 155.878158 84.059503 
191.000000 1.000000 2.000000 a 273.386174 278.949816 218.515446 259.493738 303.637942 47.885280 258.379566 253.899586 55.946403 286.923335 194.558475 229.368699 280.142821 467.068517 125.399362 182.937148 438.621705 143.586211 354.835173 86.005814 254.558441 158.902486 332.338683 80.062476 387.769261 287.000000 424.736389 236.292192 423.596506 322.485659 86.648716 264.639377 458.271753 201.136769 400.765517 305.530686 242.132195 325.399754 284.121453 339.119448 248.781028 83.546394 289.126270 191.856717 445.091002 339.171048 432.649974 176.672012 265.932322 170.425937 139.978570 254.275441 60.901560 292.138666 251.223009 305.109816 242.787973 268.016791 453.194219 252.604434 192.041662 258.804946 358.675341 269.057615 408.574351 137.557261 72.560320 236.237169 106.920531 324.530430 
229.000000 3.000000 5.000000 a 267.854438 170.472872 150.096636 264.092787 284.987719 260.647271 293.001706 50.960769 284.871901 108.706026 276.508589 143.610585 331.037762 246.894714 109.402925 314.941264 307.416655 97.123633 274.054739 199.612124 307.470324 79.699435 101.828287 169.516961 159.201131 104.809351 204.413796 315.981012 342.934396 289.994828 174.888536 59.363288 240.251951 265.198039 307.605267 153.443801 127.224212 254.921557 188.724667 184.629358 135.830777 186.510053 128.701204 48.877398 274.641585 231.008658 308.622747 291.336575 311.040190 260.931025 285.411983 159.806133 289.705022 85.094066 21.840330 70.724819 76.157731 148.124947 218.899520 313.000000 131.095385 106.780148 128.786645 34.669872 286.400070 277.308492 286.421019 239.253004 145.086181 94.201911 
237.000000 7.000000 5.000000 a 213.283848 102.786186 220.800815 212.595861 225.641308 293.640937 245.930885 119.570063 300.752390 38.013156 245.122418 89.822046 284.369478 209.153054 138.610966 292.957335 235.841048 145.000000 204.377102 200.262328 263.655078 129.073622 132.638607 210.038092 184.816125 35.114100 167.155616 278.567766 271.823472 227.369743 219.111844 20.000000 200.172426 230.412673 236.103791 81.320354 67.186308 187.544661 121.840059 113.225439 207.966343 231.106036 56.568542 75.663730 208.710326 159.765453 236.685445 267.366789 264.775376 234.931905 271.764604 231.935336 305.144228 144.516435 85.234969 91.443972 18.439089 80.777472 219.829479 270.601183 96.260064 38.078866 111.865991 74.040529 214.310522 263.286916 295.203320 191.023559 153.629424 127.192767 
167.000000 8.000000 1.000000 a 327.038224 271.221312 70.859015 317.447633 352.695336 152.305614 333.361665 129.988461 204.919496 235.637433 288.646843 226.715681 366.019125 384.157520 90.138782 302.661527 427.463449 58.898217 371.303111 172.165618 339.308120 70.710678 212.840316 69.570109 261.619953 233.060078 342.013158 333.808328 443.842314 365.136961 63.134776 192.634369 378.001323 285.870600 412.311775 273.270928 223.897298 345.862690 285.175385 307.870102 99.729635 69.814039 249.775900 124.390514 406.669399 337.699571 426.004695 286.665310 347.462228 265.858985 262.030533 105.990566 209.811820 160.589539 144.419528 199.123078 191.708111 251.557151 337.557403 341.252106 193.829822 220.476756 263.837071 167.242339 402.180308 256.195238 219.783985 290.175809 131.673839 205.548048 
213.000000 8.000000 3.000000 a 283.143073 171.642069 364.725924 291.247318 276.568256 458.938994 328.977203 248.090709 459.373486 134.346567 359.200501 207.537948 362.229209 71.589105 304.724466 416.004808 154.301653 309.413962 205.197466 353.899703 351.365906 292.684130 196.939077 376.191441 208.904284 134.495353 58.249464 377.597669 236.685445 264.486295 385.001299 166.433170 60.008333 340.966274 203.226475 126.051577 186.724396 212.228650 181.793839 104.651804 340.484948 397.001259 134.833230 241.008299 80.622577 162.496154 164.438438 390.032050 346.597750 358.414564 407.141253 364.540807 463.405870 248.163253 219.829479 177.589414 179.354398 168.585290 173.979884 360.423362 237.507895 163.321768 117.923704 197.327140 156.387340 398.923552 449.565346 282.931087 314.658545 198.600101 
126.000000 7.000000 2.000000 a 406.480012 286.818758 371.048514 412.554239 403.853934 519.026974 450.211062 260.639598 536.346903 222.766694 469.988298 309.870941 485.685083 65.030762 364.725924 523.381314 283.113052 355.759750 337.120157 438.238520 471.773251 338.378486 181.099420 428.228911 153.574086 220.047722 83.240615 494.813096 368.879384 393.788014 433.278202 227.068272 75.106591 452.868634 336.043152 237.741456 285.702643 341.539163 301.039864 228.078934 337.250649 444.731380 235.372046 297.900990 204.039212 292.289240 294.435052 497.241390 468.625650 464.660091 507.077903 358.019553 540.922360 240.002083 246.716436 190.876924 256.007812 276.739950 76.321688 480.380058 330.287753 254.656632 131.095385 225.197691 288.646843 498.606057 532.658427 399.892486 389.648560 187.323250 
166.000000 2.000000 2.000000 a 367.164813 342.982507 152.108514 354.633614 396.275157 80.006250 359.836074 235.594991 152.643375 325.129205 300.501248 293.863914 385.406279 486.087441 155.502412 293.639234 504.583987 145.055162 433.776440 182.123584 359.068239 162.000000 318.460359 84.308956 366.547405 323.482612 443.545939 343.930225 505.600633 412.835318 72.124892 288.111090 479.279668 304.384625 478.139101 356.287805 298.519681 405.616814 353.141615 391.453701 190.142052 60.745370 334.974626 213.759210 495.007071 408.496022 501.010978 286.043703 369.672828 276.088754 250.599282 185.456194 156.387340 265.414770 248.114893 303.608300 279.177363 326.675680 443.157985 358.208040 256.394228 304.029604 367.143024 270.440382 476.681235 247.757946 177.901658 328.977203 171.842952 311.168764 
194.000000 3.000000 5.000000 a 289.262856 186.252517 150.233152 286.251638 305.000000 281.300551 316.191398 36.769553 308.702122 116.824655 301.728355 164.222410 354.407957 234.008547 133.206606 340.771184 313.968151 116.730459 288.452769 225.290923 331.271792 99.764723 76.485293 189.274932 133.686200 112.294256 192.260240 340.689008 355.534808 308.755567 193.352011 66.850580 228.315571 290.063786 319.530906 163.217646 145.784087 271.116211 205.056090 191.783732 129.618671 204.628932 138.956828 74.793048 274.912713 243.528232 316.254644 317.064662 334.432355 286.503054 311.353497 154.029218 313.576147 62.513998 6.324555 49.648766 92.720009 163.981706 196.209072 337.037090 154.935470 121.461928 113.282832 17.464249 294.920328 303.250721 311.139840 262.001908 170.601876 68.767725 
196.000000 7.000000 2.000000 a 249.272943 330.684139 403.608721 235.053185 274.781732 214.709106 207.280004 411.953881 141.283403 380.171014 148.627050 295.203320 200.561711 563.000888 276.929594 90.249654 456.773467 309.011327 355.354752 177.747011 188.215302 319.225626 478.163152 263.865496 535.583794 382.685249 524.901896 155.051604 404.604745 296.708611 273.380687 381.681805 552.226403 167.299133 397.394011 375.257245 318.290748 328.721767 324.237567 399.515957 429.847647 272.060655 370.406533 327.835325 494.381432 365.874295 446.265616 114.017543 200.062490 143.589693 95.587656 438.753917 137.767921 452.196860 397.605332 442.403662 348.638782 332.824278 585.508326 180.044439 272.442655 348.173807 478.862193 408.633087 426.093886 104.062481 117.004273 229.314195 232.819673 470.664424 
252.000000 7.000000 2.000000 a 64.381674 161.616831 366.480559 49.819675 92.135769 272.066168 33.421550 321.188418 220.945695 230.412673 39.115214 143.781084 62.297673 399.111513 216.374675 95.126232 271.562148 253.298243 170.073514 144.810221 35.902646 253.189652 362.833295 254.717491 416.943641 234.367233 365.603610 47.169906 223.143452 114.070154 268.821502 251.445819 387.703495 24.596748 212.720474 210.375854 168.252786 143.589693 149.966663 227.167339 377.180328 275.436018 213.600094 230.000000 313.440584 183.412104 260.969347 74.027022 43.829214 57.775427 110.819673 394.929108 221.963961 358.175934 294.635368 322.144378 215.418198 171.405951 447.235956 40.000000 142.411376 201.357890 338.096140 295.967904 241.006224 106.230881 195.166596 48.836462 172.154001 356.557148 
240.000000 5.000000 2.000000 a 307.327187 188.661072 335.185024 313.682961 304.607945 448.746031 351.411440 218.048160 456.464676 132.230859 374.076195 215.870331 386.587636 53.225934 292.856620 428.900921 198.668065 292.159203 239.870799 353.747085 373.162163 274.881793 157.952525 362.049720 164.453641 130.648383 16.155494 396.993703 278.000000 294.884723 369.510487 151.009933 43.965896 356.519284 243.296116 139.817739 192.608411 242.744722 202.200396 128.809938 308.029219 381.431514 140.584494 226.559043 126.317061 193.847879 208.173005 402.731921 369.716107 370.384935 415.600770 331.581061 460.770008 212.614675 193.372697 144.920668 172.325274 180.313616 129.402473 381.875634 240.520269 163.981706 80.112421 170.299736 198.123699 407.200196 449.471912 301.890709 309.583591 160.654910 
270.000000 8.000000 2.000000 a 171.093542 214.462118 293.015358 156.217797 201.437335 158.448730 148.408221 284.154887 106.625513 252.982213 82.073138 172.235304 167.585799 437.785336 152.315462 79.227520 360.355380 187.579317 265.911639 52.345009 142.425419 195.000000 347.588838 161.074517 404.969135 255.049015 398.321478 123.600162 328.896640 222.121588 173.922396 251.071703 427.401451 90.735880 311.647236 254.243977 193.383040 236.541751 212.602916 282.455306 313.536282 177.406313 245.839378 197.590486 383.938797 262.392835 352.035510 65.924199 154.159009 58.412327 40.261644 326.185530 108.157293 324.326995 267.686384 311.436992 218.753286 211.929233 454.675709 140.007143 144.516435 221.054292 348.621571 277.908258 329.256739 33.241540 83.186537 137.480908 105.304321 340.154377 
239.000000 6.000000 5.000000 a 357.840747 323.797776 120.966938 346.093918 386.121742 100.284595 354.606825 204.120063 168.582324 300.261553 299.060195 275.659210 382.562413 456.921219 134.658828 298.529731 484.393435 118.697093 418.007177 178.530110 355.879193 134.951843 286.832704 69.310894 334.456275 298.303537 414.532267 343.534569 490.354973 401.528330 55.226805 261.105343 450.400933 300.961792 461.502979 333.654012 278.111488 390.544492 335.196957 368.787202 158.549677 47.010637 311.538120 188.098379 471.024416 389.991026 481.501817 288.230810 365.833295 274.781732 255.562126 155.080624 172.838075 233.334524 217.938065 273.075081 254.691971 306.341313 411.432862 355.866548 239.069028 280.930596 337.262509 240.520269 457.262507 251.730014 191.041880 319.690475 158.700977 279.603290 
297.000000 8.000000 1.000000 a 132.774244 223.042597 373.737876 118.600169 158.710428 239.265543 92.005435 349.585469 176.479461 283.467811 35.468296 195.532606 94.429868 459.932604 227.019823 27.000000 340.520190 264.007576 238.899560 133.753505 75.504967 268.419448 402.616443 245.880052 458.835482 286.810042 424.322990 45.617979 289.249028 180.709712 259.023165 295.771872 448.742688 53.823787 280.959072 270.351623 220.056811 212.551170 213.901847 290.800619 391.005115 262.885907 269.742470 258.565272 381.047241 251.435877 329.874218 19.697716 88.073833 44.922155 58.728187 405.597091 176.181724 388.785288 327.685825 363.401981 260.224903 229.102597 497.618328 68.963759 182.529450 252.406418 388.567883 333.348166 309.967740 59.033889 147.898614 114.947814 179.000000 395.718334 
242.000000 3.000000 5.000000 a 467.936962 406.078810 100.239713 458.259752 493.506839 233.238076 473.177557 215.967590 304.133195 358.064240 424.746984 364.462618 504.758358 473.254688 231.036794 431.055681 555.901070 198.040400 508.433870 304.844223 477.942465 205.973299 282.113452 192.044266 311.001608 354.496827 434.495109 469.920206 580.545433 505.600633 179.011173 309.556134 469.802086 423.727507 547.658653 400.622016 358.620970 484.126017 421.438014 433.549305 125.399362 176.309387 376.065154 254.950976 524.294764 471.699057 556.008093 418.401721 486.642579 401.120929 388.537000 103.097042 308.233678 223.181540 245.540221 288.091999 318.818130 385.175285 394.005076 479.270279 333.438150 349.521101 353.566118 267.239593 532.901492 383.985677 327.123830 431.004640 271.029519 277.115499 
213.000000 4.000000 3.000000 a 184.954048 62.649820 291.006873 189.179809 188.297637 346.174811 226.353706 186.560982 341.247711 33.241540 245.391524 88.509886 263.036119 179.769297 197.000000 300.376431 165.701539 210.297408 146.013698 235.051058 247.329739 195.576072 178.507703 269.551479 220.274828 37.643060 143.683680 269.462428 207.966343 183.883115 280.142821 83.486526 168.834238 227.903488 171.303824 16.031220 67.230945 136.091881 79.404030 43.011626 277.243575 291.972601 17.029386 141.509717 143.199162 97.718985 166.931124 274.220714 245.087739 241.993802 288.724782 301.390113 345.144897 205.652620 152.305614 140.456399 74.094534 51.623638 230.531993 255.704908 118.270876 48.166378 125.299641 136.484431 145.096520 280.417546 330.461798 174.734084 199.007538 175.282629 
166.000000 8.000000 4.000000 a 140.174891 43.011626 268.242428 139.742621 153.443801 285.772637 173.922396 184.054340 274.774453 67.675697 181.207064 20.518285 212.219226 247.620678 146.819617 234.061958 203.184645 169.499263 145.344419 167.904735 192.595431 158.382449 205.703670 217.248705 256.912436 71.344236 209.780838 210.202284 217.092146 157.003185 229.401395 93.085982 236.921928 164.757397 184.390889 64.031242 6.082763 123.174673 58.137767 96.254870 263.622837 240.684441 55.000000 109.224539 202.121251 109.553640 200.032497 207.908634 192.865238 175.362482 220.292987 286.225436 278.485188 214.158820 151.380316 164.514437 59.539903 25.495098 284.059853 200.024998 51.351728 38.275318 174.862803 145.000000 175.801024 211.936311 262.640439 119.251834 137.524543 200.302272 
124.000000 1.000000 2.000000 a 369.822931 337.712896 128.972865 357.865897 398.327754 100.129916 365.470929 216.831732 171.000000 314.579084 308.700502 289.414927 392.730187 470.718600 148.647233 305.949342 498.461633 133.003759 431.422067 188.605408 366.132490 149.214611 299.322568 81.835200 346.156034 312.617978 428.378337 352.881000 503.695344 414.016908 68.007353 275.327078 464.275780 311.231425 475.078941 347.908034 292.159203 403.821743 348.941256 383.046995 167.263266 58.728187 325.829710 202.410474 485.338027 403.834124 495.492684 296.624342 376.293768 284.344861 262.885907 162.003086 175.025712 245.120379 231.464900 286.400070 269.007435 320.390387 423.757006 365.855163 252.659850 295.203320 350.851821 254.135790 471.238793 259.416653 194.833262 331.633834 171.327172 292.166049 
229.000000 4.000000 5.000000 a 205.243758 91.400219 331.037762 212.424104 201.725060 393.103040 250.225898 221.269067 386.581169 74.672619 278.926514 130.034611 284.564580 148.054044 243.852414 335.846691 130.873985 255.925770 140.602276 279.892837 272.369235 240.709368 197.246039 316.412705 229.451520 77.472576 119.012604 297.833846 190.160459 192.317446 326.847059 121.593585 136.499084 260.685634 153.375357 48.083261 111.610931 140.427917 101.862653 25.942244 314.078016 338.710791 64.070274 186.681547 96.772930 92.574294 135.074054 309.919344 268.210738 278.460051 328.013719 338.456792 390.366494 234.307490 188.042548 164.258942 119.570063 90.077744 222.409532 281.300551 163.024538 95.189285 129.294238 169.177422 116.730459 319.882791 374.721230 202.940878 245.660335 195.726850 
253.000000 3.000000 1.000000 a 21.587033 135.532284 378.846935 9.219544 49.497475 305.949342 28.600699 320.600998 259.615100 211.558503 82.006097 130.751673 65.192024 369.682296 230.783448 137.767921 229.897803 266.242371 127.882759 174.289988 50.931326 263.347679 352.881000 278.352295 404.589916 216.011574 338.651739 79.924965 180.277564 71.253070 292.564523 240.141625 358.113111 65.620119 169.849934 184.447825 153.394915 102.552426 120.652393 196.163197 385.333622 300.376431 192.010416 232.019396 275.688230 145.660564 218.961184 117.068356 47.010637 98.270036 153.062079 404.783893 261.007663 355.275949 291.247318 311.708197 204.978048 149.696359 427.477485 60.108236 140.890028 185.585560 319.452657 289.209267 199.672231 147.959454 234.982978 31.780497 191.128229 347.197350 
130.000000 8.000000 1.000000 a 79.309520 188.321534 462.096310 87.982953 61.073726 387.604180 82.377181 396.011363 335.678418 269.364066 150.721598 201.613492 75.325958 399.821210 315.425110 193.545860 217.800367 350.241345 125.099960 258.211154 92.357999 346.283121 418.058608 363.901085 465.726314 274.308221 375.708664 122.784364 140.527577 64.845971 378.113740 306.652898 388.202267 140.064271 148.677503 232.131428 220.422322 116.811814 169.578890 231.482181 466.409691 385.810834 246.811669 310.871356 282.991166 166.111408 204.606940 180.712479 79.711982 172.699160 221.386540 486.713468 336.411950 428.117974 364.660116 377.160443 273.875884 208.002404 476.630884 98.493655 220.168118 249.242853 373.076400 359.346629 193.051807 218.330025 309.025889 115.247560 276.669478 413.204550 
148.000000 1.000000 3.000000 a 43.908997 165.846314 409.176001 40.607881 56.356011 324.248362 18.867962 353.362420 272.415124 243.402958 87.846457 163.688729 35.608988 396.758113 260.132658 135.447407 243.304336 296.184064 141.421356 195.931110 34.234486 294.091822 385.752511 303.871683 437.196752 247.945559 367.185239 67.601775 182.455474 76.896034 318.056599 273.001831 385.129848 76.550637 178.675684 214.282524 186.118242 120.420098 149.816554 223.271136 416.778118 325.219926 223.271136 264.357712 295.949320 167.597733 231.400086 119.570063 23.409400 109.274883 159.380049 435.839420 273.248971 388.217722 324.186675 344.569296 237.928561 181.231896 458.568425 42.953463 173.401269 218.082553 351.027064 322.223525 214.366509 155.801155 246.058936 64.280635 218.549765 380.110510 
246.000000 6.000000 4.000000 a 286.558894 164.137138 272.523393 290.077576 290.082747 389.560008 326.741488 155.360870 402.047261 89.872131 338.639927 177.859495 364.000000 112.147225 233.728475 390.151253 225.842866 230.375780 240.074988 302.597092 347.056191 212.983567 103.966341 301.240767 128.082005 86.400231 69.462220 367.034058 291.880112 284.740232 308.084404 92.703829 105.171289 322.304204 255.148976 117.153745 153.218798 235.127625 181.320159 123.199026 246.617112 319.931243 106.929884 166.760307 167.026944 191.010471 232.417727 364.138710 345.624073 331.489065 372.034945 270.495841 406.532901 153.495928 129.988461 83.258633 120.208153 149.402142 128.751699 355.090129 195.181966 120.880106 27.856777 106.920531 216.621790 363.551922 397.362555 273.700566 254.950976 104.804580 
224.000000 3.000000 1.000000 a 258.131749 303.935848 311.680927 243.016460 287.902761 117.477657 228.324331 335.000000 43.931765 334.516068 159.062881 259.326050 238.000000 519.731662 199.612124 121.400165 451.536267 226.638479 356.359369 113.017698 216.674872 239.470249 408.270744 172.029067 465.227901 335.900283 478.941541 189.404329 417.480538 309.297591 179.977776 324.336245 509.828403 173.170436 401.842009 341.216940 278.567766 327.152869 303.151777 371.012129 340.599472 177.290722 330.384624 259.670946 473.888172 353.543491 443.136548 128.378347 229.268402 140.246212 87.464278 347.315419 40.804412 374.669187 326.252969 376.350900 295.665351 299.527962 523.699341 211.539594 227.692775 303.275452 422.018957 340.851874 420.429542 91.093359 21.931712 226.883230 163.131849 400.524656 
267.000000 3.000000 2.000000 a 399.991250 277.622045 314.162378 403.910881 402.016169 474.495522 440.709655 208.240246 498.185708 203.420746 451.526300 291.075592 477.833653 104.861814 323.511978 501.614394 308.084404 309.945156 344.947822 405.265345 461.091097 292.924905 125.928551 382.472221 92.195445 199.624648 95.707889 480.891880 387.186002 395.092394 386.172241 194.465935 110.145359 435.560558 352.000000 229.651911 266.377552 344.052322 294.244796 229.261859 279.114672 397.231670 220.945695 258.306020 233.385946 297.069016 317.787665 475.800378 459.570452 443.206498 480.916833 299.060195 502.929419 183.324848 199.489348 144.059016 227.668619 263.427409 20.248457 469.128980 305.163890 233.548710 97.452553 179.980555 307.587386 472.445764 497.292670 387.738314 353.735777 132.909744 
197.000000 3.000000 1.000000 a 313.260275 292.514957 155.630974 300.760702 342.374064 61.554854 306.528955 212.492353 120.074977 281.177880 248.573933 242.903273 332.938433 450.165525 109.165013 246.028454 454.459019 108.521887 381.077420 129.015503 306.437596 125.960311 294.823676 37.121422 347.051869 280.044639 407.412567 292.605537 452.621254 359.005571 31.304952 248.471326 442.570898 251.602862 425.775763 309.071189 249.327094 352.676906 301.763152 344.095917 189.156020 21.260292 288.890983 172.838075 448.894197 357.330379 450.362077 236.281612 316.809091 224.189652 203.022166 191.415778 124.663547 247.258974 218.194867 274.116763 235.104232 277.245379 419.047730 305.929730 205.056090 257.751819 334.341143 239.081576 426.010563 199.323857 140.288987 275.070900 118.962179 287.179386 
246.000000 5.000000 5.000000 a 219.492597 151.822265 164.638999 212.508823 241.944208 201.638290 235.951266 113.507709 215.288179 126.253713 209.160226 108.245092 272.523393 299.446155 46.173586 243.181003 309.483441 60.745370 252.517326 125.602548 247.267062 50.249378 175.801024 118.105885 233.212350 125.035995 256.889081 251.127458 324.901524 251.765764 128.003906 96.462428 291.046388 200.062490 292.984641 157.492857 104.560987 227.903488 165.951800 192.626582 167.931534 139.917833 135.591298 25.495098 295.548642 218.325445 307.423161 220.494898 252.723169 191.415778 212.002358 187.928178 219.968180 153.075145 95.015788 142.130222 80.156098 132.400906 289.499568 251.575039 79.177017 104.809351 190.664627 106.962610 283.425475 204.012255 214.336185 185.722912 71.449283 168.217122 
213.000000 5.000000 2.000000 a 169.858765 93.193347 221.226129 165.339046 189.156020 242.051647 194.010309 148.973152 239.703984 86.377080 182.726572 50.219518 232.137890 271.014760 97.144223 227.793766 252.770647 119.402680 193.752419 135.959553 208.959326 108.931171 188.788241 168.576392 244.386988 87.321246 230.097805 219.494875 266.056385 196.786687 180.277564 81.841310 261.283371 169.540556 234.104677 105.475116 46.518813 169.649639 107.056060 140.292551 220.045450 191.760267 87.281155 63.505905 245.735630 159.765453 250.012000 202.556165 212.150890 170.472872 205.372832 241.660919 243.846263 184.002717 120.037494 148.929514 48.104054 74.732858 285.658887 214.832493 32.984845 56.885851 178.280678 120.830460 225.842866 196.900990 231.691605 140.228385 95.036835 182.186717 
146.000000 1.000000 3.000000 a 23.769729 140.918416 406.588244 33.941125 21.470911 340.379200 47.381431 341.672358 293.777126 220.952484 113.437207 147.868185 68.883960 366.152973 260.345924 166.075284 208.432243 294.893201 106.550458 208.403455 68.007353 290.766229 367.306412 310.845621 416.773320 225.729927 338.136067 101.138519 150.163245 42.449971 325.043074 255.007843 354.496827 98.493655 144.249783 187.840358 168.026784 86.371292 123.369364 193.383040 410.946469 333.174129 199.471803 255.644284 261.841555 134.617978 196.573142 147.573710 58.180753 131.605471 185.334832 431.185575 295.083039 374.593113 310.850446 326.185530 221.226129 158.675770 433.278202 77.162167 164.757397 198.305320 327.189548 306.589302 179.493732 180.712479 268.812202 60.605280 222.703839 362.111861 
124.000000 7.000000 2.000000 a 334.092801 228.659135 139.517024 331.217451 349.356551 304.277834 361.167551 32.202484 339.458392 154.767568 345.463457 208.959326 399.361991 238.673417 166.400120 382.753184 346.988472 142.270868 329.317476 263.326793 376.119662 127.310644 52.392748 212.037732 102.649890 149.883288 199.722307 385.024675 394.588393 352.512411 213.377600 106.976633 235.017021 334.248411 358.113111 201.357890 189.889442 313.383152 247.695377 226.927301 109.480592 223.647043 178.000000 116.056021 300.486273 283.091858 350.473965 359.562234 379.381075 329.528451 351.732853 132.853303 344.419802 18.788294 47.381431 55.226805 136.499084 206.603485 176.785180 381.797067 199.724811 163.884105 118.903322 51.865210 330.262017 343.796451 344.692617 307.001629 208.254652 45.541190 
245.000000 7.000000 4.000000 a 117.923704 40.804412 350.138544 126.574089 113.216607 359.873589 164.103626 257.124483 338.005917 109.201648 201.764714 88.769364 197.002538 235.476113 229.532133 260.284460 124.149104 253.308113 66.708320 232.363939 186.681547 242.074369 259.069489 298.328678 301.537726 114.284732 207.530721 214.336185 135.247921 105.019046 311.014469 155.756220 223.832527 183.002732 101.118742 65.276336 88.238314 55.036352 30.413813 62.609903 342.604729 321.972048 85.440037 191.689854 145.230851 25.942244 118.962179 235.306184 181.466250 206.128601 259.976922 365.920756 341.052782 281.391187 222.910296 219.986363 132.060592 61.522354 306.960910 195.869855 126.530629 101.242284 205.294910 210.888596 94.641429 252.483663 320.975077 121.794910 213.883146 255.440795 
213.000000 1.000000 5.000000 a 287.784642 291.652190 215.232433 273.906918 318.025156 33.541020 272.719636 257.388811 58.940648 297.235597 208.626460 241.913208 294.210809 476.051468 132.502830 195.473783 451.784241 147.434731 368.722118 100.224747 268.715463 163.444180 337.023738 79.812280 391.843081 297.134650 433.581596 250.059993 437.687103 336.827849 84.118963 273.221522 467.440905 215.425161 414.609455 317.157689 254.000000 339.324329 297.235597 351.001424 246.941289 79.120162 300.216588 199.461776 457.001094 352.427297 445.970851 190.065778 280.142821 184.556224 152.689227 251.077677 63.600314 294.932196 256.563832 311.107698 252.622248 280.215988 458.877979 266.655208 204.352636 269.673877 366.136587 275.114522 421.849499 150.632002 80.056230 250.599282 118.152444 329.229403 
251.000000 3.000000 2.000000 a 410.761488 351.863610 60.033324 401.001247 436.510023 189.282857 415.914655 175.413796 256.680736 308.301800 368.154859 309.006472 447.666170 436.735618 173.925271 376.378799 504.533448 141.675686 453.379532 248.760929 420.862210 150.748134 250.008000 136.693087 287.210724 305.063928 396.365992 413.363037 525.727116 448.878603 124.310096 261.283371 432.224479 366.771046 493.414633 349.276395 304.356699 428.544047 366.674242 382.958222 96.317184 123.146255 325.006154 201.603571 477.117386 417.937794 504.004960 362.833295 429.470604 344.688265 334.228963 81.859636 261.082362 191.128229 201.241149 249.072279 267.134797 331.403078 369.134122 422.307945 277.137150 297.329783 315.520205 223.912930 480.570494 329.328104 277.650860 373.755268 213.768566 244.018442 
247.000000 2.000000 2.000000 a 266.835155 151.347283 340.755044 274.007299 262.589033 433.038105 311.809237 224.615227 434.231505 108.683025 338.662073 184.361059 346.151701 86.556340 278.718496 394.807548 158.808060 283.510141 196.216717 329.120039 333.905675 266.827660 178.196521 350.172814 196.010204 108.673824 59.665736 359.011142 235.136131 252.115053 359.000000 140.602276 75.073298 320.663375 200.039996 104.019229 162.791277 199.849944 163.131849 87.367042 317.529526 371.000000 110.494344 215.020929 93.236259 150.632002 167.370846 368.730254 329.819648 336.808551 384.480169 341.720646 438.308111 226.927301 195.478899 155.618122 153.443801 146.239530 171.353436 342.803151 213.122031 138.191896 100.005000 173.254149 155.724115 376.198086 424.890574 263.964013 289.110705 179.134028 
101.000000 5.000000 3.000000 a 167.370846 207.002415 287.141080 152.643375 197.800404 158.902486 146.823023 276.318657 110.440029 244.638509 82.219219 164.283292 167.764716 429.511350 145.134420 85.000000 354.141215 180.737379 260.509117 46.000000 142.130222 187.757823 339.308120 156.732256 396.676190 246.677928 389.979487 125.095963 324.322370 218.197159 169.838158 242.588128 419.151524 89.202018 306.365794 246.333108 185.237685 231.049778 205.543183 274.810844 307.019543 173.818871 237.674147 189.404329 376.665634 255.863245 346.001445 69.641941 153.574086 58.000000 47.759816 320.039060 112.294256 316.461688 259.538051 303.059400 210.278387 204.083316 446.203989 140.264037 136.180028 212.727525 340.136737 269.601558 323.075842 40.261644 88.362888 132.909744 97.800818 331.887029 
203.000000 3.000000 3.000000 a 176.377436 222.638721 298.026844 161.400124 206.603485 157.035028 151.818971 291.509863 102.044108 261.583639 84.202138 180.701411 169.248338 446.374282 158.927656 75.133215 367.600326 193.762742 272.530732 58.463664 144.627107 201.645729 355.584027 164.575211 412.981840 263.651285 406.922597 124.084649 334.790980 227.517032 177.124250 259.532272 435.983945 94.366308 318.147764 262.682318 201.933157 243.248844 220.513038 290.738714 319.269479 180.080538 254.395362 205.455591 391.970662 269.903687 359.139249 64.498062 156.604598 61.400326 34.132096 331.489065 103.247276 331.713732 275.481397 319.607572 227.299362 220.336107 463.072349 141.675686 153.117602 229.654088 357.123228 285.952793 336.481797 28.160256 77.369245 143.544418 112.361025 348.127850 
188.000000 5.000000 5.000000 a 356.753416 236.579796 340.602408 362.552065 354.966196 475.606981 400.151221 226.008849 489.719307 172.742583 419.561676 259.555389 435.858922 42.801869 320.224921 473.097242 245.177487 314.085975 290.800619 390.082043 421.612381 296.622656 152.610616 385.996114 140.911320 170.182255 34.928498 444.437847 327.299557 345.626967 391.950252 180.235956 45.607017 402.423906 293.155249 187.488666 235.467620 293.557490 251.077677 179.234483 309.401034 403.624826 184.945938 253.160028 168.881615 244.773365 255.501468 446.947424 418.632297 414.386293 457.293123 331.633834 494.216552 211.442664 207.634294 153.209008 207.472890 226.296266 85.615419 430.174383 280.665281 204.707108 88.459030 185.129684 247.099170 448.830703 485.015464 349.566875 342.649967 157.508730 
167.000000 7.000000 2.000000 a 350.361242 229.943471 335.049250 356.033706 348.885368 468.651256 393.600051 220.081803 482.556732 165.614009 412.606350 252.517326 429.414718 45.650849 313.209195 466.048281 241.867732 307.314171 285.497811 382.873347 415.004819 289.849961 147.709174 379.153003 138.405202 163.027605 30.066593 437.676821 323.099056 339.779340 385.186968 173.092461 46.690470 395.506005 288.693609 180.853532 228.396585 287.784642 244.597629 173.254149 304.198948 396.879075 177.991573 246.142235 166.388101 239.169396 251.962299 439.902262 412.112849 407.332788 450.138867 326.589957 487.050305 206.320140 201.206362 147.054412 200.262328 219.440197 87.281155 423.539845 273.490402 197.567710 81.884064 178.619708 243.002058 441.675220 477.815864 342.854196 335.477272 152.397507 
241.000000 8.000000 3.000000 a 258.275047 306.080055 316.760162 243.148103 287.920128 122.184287 227.705951 339.607126 48.662100 337.675880 158.521292 261.839646 236.579796 522.942635 204.120063 119.281180 452.805698 231.397926 357.169428 116.503219 215.615398 244.131112 412.622103 177.087549 469.622189 339.117974 482.254082 187.882942 417.770272 309.401034 185.067555 328.054873 512.992203 173.002890 402.548134 343.803723 281.328989 328.038108 305.000000 373.363094 345.626967 182.389693 333.256658 263.827595 475.953779 355.039434 444.288195 127.236001 228.232338 140.246212 86.648716 352.388990 45.354162 379.316491 330.619116 380.518068 299.132078 302.001656 527.754678 210.297408 230.586209 306.349474 425.800423 345.071007 421.683531 90.708324 26.925824 227.495055 167.170572 404.882699 
296.000000 8.000000 2.000000 a 323.711291 214.611276 394.677083 332.415403 315.412428 499.609848 370.012162 277.503153 501.889430 176.113600 402.044774 250.944217 402.423906 44.721360 344.569296 459.069711 174.928557 347.036021 240.235301 396.771975 392.551907 330.001515 217.002304 415.313135 217.862342 175.846524 61.611687 419.448447 263.030416 302.049665 423.571718 204.198433 36.769553 383.725162 232.180964 169.446157 229.993478 250.199920 224.089268 146.863883 367.821968 435.555967 177.924141 279.646205 95.189285 200.643963 186.818093 433.139700 387.330608 401.621713 450.538567 391.388554 505.974308 272.330681 251.872984 204.619158 220.238507 211.985849 166.811271 401.698892 280.615395 205.866462 139.846344 228.886435 183.657290 442.326802 492.520050 325.123054 356.545930 220.029543 
259.000000 6.000000 1.000000 a 54.378304 86.092973 380.525952 66.708320 44.777226 349.857114 101.513546 301.705154 314.771346 167.002994 152.610616 109.658561 130.862523 303.265560 243.248844 210.582525 155.955122 273.766324 56.008928 216.411645 124.277914 266.204808 316.764897 304.014802 363.166628 172.011628 275.974637 154.922561 121.264174 40.199502 317.800252 206.980675 291.605898 134.346567 101.400197 129.065875 123.648696 27.892651 67.007462 131.045794 379.353397 327.470609 144.086779 223.015695 201.228726 72.138755 145.715476 187.882942 117.153745 163.517583 219.583697 401.254283 316.985804 331.061928 268.867997 276.226356 176.377436 106.920531 374.005348 133.701159 138.293167 149.281613 269.979629 261.076617 125.283678 213.234613 293.342803 74.060786 214.720749 312.257906 
224.000000 5.000000 1.000000 a 257.856549 161.049682 398.944858 268.001866 246.402110 471.106145 304.896704 284.543494 463.314148 150.096636 343.861891 205.221831 335.168614 115.849040 321.311375 402.124359 103.077641 331.633834 167.815375 356.355160 327.673618 315.854397 242.563394 393.837530 259.493738 151.990131 110.602893 356.437933 189.081993 231.458420 403.982673 192.270643 105.304321 325.161498 157.851196 124.903963 188.663722 180.623919 165.918655 93.145048 377.986772 415.896622 142.014084 262.207933 28.844410 132.245983 114.070154 376.777122 321.337828 346.590537 398.647714 402.335681 466.987152 289.870661 253.576418 218.215490 196.010204 164.975756 226.294056 337.005935 239.870799 173.072239 164.541788 232.331659 109.384642 390.773592 450.409813 264.321774 323.558341 243.281730 
112.000000 4.000000 2.000000 a 136.058811 16.643317 313.249102 141.155942 138.852440 336.043152 178.717654 219.045657 320.914319 72.835431 204.120063 63.007936 214.709106 221.461058 198.153981 261.093853 151.713546 219.346757 104.651804 213.936907 200.249844 207.195560 223.304725 268.793601 268.001866 77.929455 188.671672 224.200803 173.002890 135.133268 280.912798 117.923704 210.069036 185.913959 138.191896 34.539832 54.626001 89.627005 30.083218 52.325902 304.867184 292.219096 49.254441 155.566706 154.719100 61.554854 148.922799 235.212670 197.230829 203.943620 254.483791 328.298645 324.353203 243.632921 184.837767 183.564702 94.201911 26.400758 279.901768 208.904284 100.498756 63.245553 174.596678 173.078017 124.823876 246.483265 306.537110 129.073622 188.095720 219.317122 
225.000000 6.000000 1.000000 a 166.207701 79.649231 231.767125 163.076669 183.393021 258.031006 193.837561 152.610616 254.607541 72.013888 188.281704 42.059482 232.243407 257.235301 112.578861 235.866488 237.693079 133.146536 181.958787 149.966663 210.107116 121.659361 185.299757 184.328511 239.703984 73.430239 216.780995 222.946182 253.852319 189.409609 195.880065 74.732858 247.309523 174.002874 221.165097 89.453899 32.202484 159.028299 94.794515 124.310096 228.352797 207.424685 71.449283 72.801099 229.706334 146.013698 235.255181 210.237960 212.360542 177.792013 215.668727 250.585315 258.681271 185.607112 121.696343 144.640935 38.948684 60.033324 276.904316 216.517898 39.204592 41.484937 168.514094 119.419429 211.177650 207.183494 245.817005 139.230025 110.765518 179.078195 
114.000000 6.000000 2.000000 a 342.065783 317.770357 147.003401 329.660431 371.064684 70.837843 335.596484 219.544984 139.230025 301.701840 277.358973 268.538638 361.879814 465.626460 131.026715 273.183089 479.483055 123.328829 408.231552 158.050625 335.411687 140.602276 302.539254 59.135438 352.476950 300.216588 422.965720 321.217995 480.046873 387.486774 47.675990 266.046988 458.519356 280.601140 452.623464 331.903600 273.578142 380.063153 327.756007 367.049043 183.371208 35.902646 310.903522 191.065434 471.016985 383.157931 475.790920 264.306640 345.827992 252.958495 230.106497 181.958787 143.422453 251.563113 229.451520 285.308605 255.650152 301.691896 427.310192 334.822341 230.991342 279.873186 347.713963 251.318523 451.453209 226.770809 162.308349 303.863456 146.290806 295.081345 
168.000000 8.000000 5.000000 a 313.955411 324.815332 237.286746 299.641452 344.383507 23.345235 295.113537 288.820013 52.554733 332.103899 228.484135 275.307101 313.464512 510.906058 166.940109 207.002415 484.087802 179.724790 398.898483 129.541499 288.922135 196.209072 369.438764 109.224539 423.600047 332.031625 468.411144 267.346217 466.786889 363.902459 110.453610 308.016233 502.327582 237.427884 444.932579 351.461235 288.111090 369.362965 329.686214 385.105180 271.248963 102.800778 334.834287 233.985042 491.082478 384.552987 477.914218 205.779008 300.832179 205.204776 165.849329 272.946881 55.362442 325.504224 289.663598 344.615728 287.544779 314.014331 492.029471 285.917820 238.033611 304.381340 400.484706 308.706981 453.908581 165.487160 80.950602 277.596830 152.643375 361.668356 
106.000000 4.000000 3.000000 a 100.846418 78.236820 387.872402 113.159180 86.313383 381.215162 147.871566 297.941269 352.056814 150.960260 197.800404 119.632771 175.641681 263.865496 260.762344 256.164010 111.305885 287.327339 25.806976 249.689808 170.581359 277.315705 300.674242 326.741488 342.317104 156.041661 240.027082 201.444782 97.672924 72.201108 339.979411 197.230829 252.232036 179.270745 67.535176 106.531685 124.843903 20.518285 61.554854 97.324200 382.007853 350.442577 127.200629 228.877697 155.241747 30.083218 102.176318 232.862620 163.003067 206.980675 262.762250 405.030863 354.633614 322.931881 263.865496 261.721226 172.185946 100.404183 344.106088 180.013888 155.080624 141.823834 245.002041 252.384627 80.230917 256.007812 332.338683 117.686023 239.353295 297.122870 
209.000000 5.000000 3.000000 a 157.175062 207.992788 305.321142 142.172431 187.360615 174.691156 132.740348 291.336575 121.334249 251.286689 65.855903 168.077363 151.327460 435.197656 161.941347 67.186308 350.121408 198.012626 254.196774 64.195015 126.253713 204.377102 352.137757 175.413796 409.371469 253.647393 396.400050 107.415083 315.825901 208.338667 188.509947 252.622248 424.623363 75.179785 299.668150 249.593670 190.262976 225.035553 204.804785 276.539328 324.616697 192.416216 242.689102 203.059105 376.523572 253.023714 341.423491 50.960769 138.057959 42.438190 34.205263 338.000000 122.560189 331.344232 273.270928 315.087289 219.276082 207.077280 456.579675 123.745707 143.178211 219.271521 349.542558 282.311884 318.981191 25.806976 96.566040 124.787820 114.140265 344.818793 
217.000000 9.000000 2.000000 a 322.614321 200.192407 277.050537 326.087412 325.969324 411.636976 362.684436 161.310260 428.795989 125.031996 373.343006 212.758079 400.005000 100.623059 256.984435 424.011792 252.224107 249.176644 274.065686 332.001506 382.899465 231.728289 93.471921 321.362723 101.710373 121.264174 62.649820 402.504658 323.051080 320.295176 326.974005 120.208153 97.123633 357.261809 286.665310 153.052279 188.063819 270.275785 217.331544 157.079598 247.386338 338.585292 142.863571 190.118384 186.681547 225.222113 259.942301 398.101746 381.580922 365.470929 404.526884 270.325729 433.401661 150.216510 142.144293 88.000000 151.347283 185.302455 92.698436 390.877219 228.043855 155.331903 23.409400 119.682914 245.936984 396.042927 425.738182 309.483441 282.396884 96.932967 
259.000000 4.000000 5.000000 a 63.600314 77.524190 375.949465 75.179785 55.036352 351.240658 110.801625 294.944062 318.114759 158.113883 159.624560 104.560987 140.858085 292.984641 240.682363 217.919710 149.050327 270.351623 51.623638 218.220072 133.600150 262.230814 308.185009 302.887768 354.050844 163.150238 265.699078 163.783394 120.303782 49.010203 316.551734 199.060292 281.325434 141.155942 97.672924 119.364986 117.000000 22.090722 58.309519 120.768373 373.851575 326.442951 135.000000 217.830209 191.950514 62.369865 139.301831 194.756258 126.810883 169.434353 225.390772 395.991162 320.465287 323.635598 261.839646 267.800299 169.189243 98.843310 364.046700 143.003496 135.059246 141.439033 260.363208 253.450192 118.127050 218.826415 297.321375 79.906195 213.908859 303.797630 
133.000000 8.000000 5.000000 a 177.079078 146.294224 450.521920 191.133461 154.314614 463.493258 221.713779 349.284984 436.124982 195.897933 278.524685 194.743421 242.423184 242.684981 335.440010 336.025297 34.058773 358.175934 70.830784 333.088577 243.460469 346.151701 333.181632 404.312998 364.296582 200.384630 232.077573 276.132215 62.169124 133.753505 417.033572 246.107700 231.948270 260.409293 35.383612 150.013333 192.937814 98.508883 135.558106 121.757957 439.241391 427.968457 174.725499 294.200612 107.912001 80.112421 21.095023 313.856655 233.856794 289.558284 345.579224 463.198661 438.736823 367.222004 314.985714 298.939793 230.202085 165.051507 346.389954 252.733061 232.312290 199.251098 264.054919 299.006689 19.646883 339.076687 416.480492 200.002500 319.119100 331.428725 
151.000000 8.000000 2.000000 a 269.267525 349.084517 409.887790 255.001961 294.864376 214.457455 227.378539 423.332021 142.003521 396.840018 168.291414 312.622776 220.383756 580.311985 287.711661 110.113578 476.615149 318.628310 375.293219 189.994737 208.290662 329.601274 491.271819 269.942586 548.694815 399.224248 541.850533 175.102827 424.703426 316.796465 278.684409 396.763154 569.619171 186.903719 417.432629 393.153914 335.411687 348.554156 343.048102 417.958132 437.393416 276.523055 387.686729 340.846006 513.545519 385.315455 466.164134 133.461605 220.111335 162.388423 112.414412 445.314496 138.014492 463.519147 410.221891 456.185269 364.243051 350.656527 600.293262 200.089980 288.736904 364.824615 494.268146 422.001185 445.896849 120.801490 120.507261 248.871453 244.910188 483.707556 
262.000000 1.000000 2.000000 a 455.508507 389.621611 81.024688 446.305949 480.433138 235.535560 462.640249 195.256242 304.581680 339.330223 416.481692 349.161854 495.083831 451.615987 218.835555 425.659488 537.603013 184.458667 492.544414 297.605443 468.328944 191.023559 260.278697 185.951607 289.000000 335.644157 413.043581 461.703368 564.384621 491.866852 173.666347 290.396281 448.268893 414.560008 531.060260 382.487908 342.286430 468.786732 405.394869 415.030119 103.846040 172.418096 357.840747 238.296034 504.485877 454.828539 538.020446 411.870125 476.642424 393.193337 383.564858 81.215762 308.876998 201.427406 225.470619 266.923210 301.014950 368.435883 372.001344 470.047870 319.230324 331.903600 332.174653 246.876487 515.104844 378.621183 326.259099 419.013126 260.775766 255.350739 
290.000000 3.000000 4.000000 a 226.276380 128.280942 185.913959 223.181540 242.637590 261.938924 253.387056 93.605555 274.985454 74.846510 242.243679 101.434708 291.686476 238.918396 105.990566 284.943854 271.090391 108.664622 232.165889 179.805450 268.910766 92.395887 129.243955 175.729906 185.607112 72.111026 196.290601 279.658721 301.809543 247.329739 184.067922 35.902646 230.707607 229.532133 266.956925 115.801554 84.504438 212.438226 146.294224 149.040263 176.025566 196.063765 91.263355 40.049969 245.709178 190.262976 271.280298 260.292144 271.737005 228.757514 259.123523 199.481829 279.578254 125.483067 61.660360 90.426766 34.713110 106.000000 233.349523 274.925444 93.171884 65.855903 130.923642 60.638272 248.394847 250.768818 272.253558 199.040197 128.705089 122.429572 
111.000000 1.000000 5.000000 a 166.517266 116.056021 216.455538 159.088026 190.031576 210.192769 182.482876 162.692962 204.924376 121.264174 159.878079 66.708320 219.317122 305.910118 76.059187 199.904977 277.994604 106.400188 209.246266 101.118742 194.370780 100.647901 213.805987 142.863571 270.601183 122.249744 264.886768 200.104972 281.811994 201.228726 155.640612 113.145923 296.204321 149.090576 252.287534 137.058382 74.242845 182.584227 126.115027 171.073084 221.449769 166.517266 120.838736 71.112587 277.045123 181.342218 273.996350 175.559107 199.449242 144.557947 174.201033 241.105786 209.028706 200.731163 138.495487 175.635987 81.841310 101.434708 316.835920 199.040197 30.000000 91.214034 210.836429 144.180443 249.649755 165.801086 196.786687 132.196823 62.000000 206.736547 
161.000000 5.000000 1.000000 a 42.579338 164.468842 418.389770 44.721360 46.097722 338.600059 34.014703 358.959608 287.570861 243.614449 103.247276 167.000000 44.102154 391.637588 270.118493 150.748134 231.767125 305.722096 130.633074 209.322717 49.000000 302.907577 388.239617 316.014240 438.693515 248.294180 363.296023 82.152298 168.181450 64.884513 330.219624 275.588461 379.984210 91.416629 166.012048 212.084889 188.448932 111.731822 147.472031 218.680132 424.807015 337.658111 222.685877 271.060879 287.013937 160.206117 219.583697 135.092561 37.215588 124.354332 174.874241 444.325331 288.461436 392.998728 329.028874 347.051869 241.074677 181.245690 457.272348 57.218878 179.847157 219.665655 350.560979 326.013803 203.415830 171.233758 261.357992 71.168813 229.706334 382.817189 
148.000000 6.000000 1.000000 a 309.943543 253.653307 82.024387 300.536188 335.393798 152.970585 317.107237 122.155638 200.192407 219.476650 273.879536 209.028706 350.201371 371.712254 73.061618 290.084470 410.299890 41.231056 353.617024 159.154013 323.556796 53.712196 205.104851 64.350602 255.894510 217.043774 329.341768 318.943569 426.160768 347.666507 61.522354 177.552809 365.231433 270.490296 394.677083 256.394228 206.371025 328.173734 267.525700 291.109945 105.948101 70.604532 233.077240 107.703296 390.621300 320.156212 408.711390 273.239821 331.483031 251.431899 250.161948 115.624392 205.153601 155.595630 133.003759 188.512599 175.114248 234.093998 329.848450 325.729949 176.184562 203.531324 252.168594 155.425223 384.842825 244.018442 213.002347 273.248971 116.090482 197.618319 
184.000000 1.000000 1.000000 a 7.211103 128.316016 383.928379 10.816654 34.928498 318.133620 40.000000 321.454507 273.309349 206.400097 97.000000 129.003876 72.718636 359.818010 237.185581 152.741612 215.390343 271.950363 113.225439 185.647515 62.801274 268.152941 350.287025 287.433471 400.980049 211.009478 329.795391 93.477270 165.366260 56.435804 301.628911 237.608922 348.208271 80.399005 154.870914 176.705970 150.479234 88.549421 112.254176 186.231039 388.973007 309.793480 185.951607 234.292552 262.727996 133.060137 204.318379 132.094663 56.639209 112.787411 167.863039 408.949875 274.810844 355.185867 291.254185 309.095455 203.061567 144.100659 421.118748 72.201108 143.136299 181.868084 313.789739 288.027776 185.324041 162.634560 249.040157 37.202150 199.278699 344.836193 
270.000000 4.000000 1.000000 a 99.297533 220.029543 440.941039 93.471921 109.343495 329.139788 56.920998 396.011363 268.495810 295.778633 91.065910 212.720474 20.000000 452.319577 290.800619 115.004348 294.124123 327.928346 193.669822 211.653018 40.000000 328.344331 434.429511 324.237567 487.283285 300.148297 422.422774 48.104054 225.197691 127.581347 338.094661 322.046580 440.696040 91.082380 227.184947 268.828942 236.279496 174.828487 204.658252 278.786657 452.429000 343.656806 276.539328 305.104900 350.237063 222.793626 281.684220 109.786156 37.947332 115.433964 150.711645 469.910630 268.307659 432.510115 368.718049 393.410727 286.331975 234.164472 512.000977 35.902646 216.333077 268.960964 403.792026 368.879384 266.257394 150.073315 240.052078 111.570605 245.422085 428.439027 
145.000000 3.000000 2.000000 a 326.732306 298.785877 136.693087 314.682380 355.373043 78.771822 322.232835 201.725060 140.811931 281.710845 266.054506 249.775900 349.757059 445.920396 111.323852 265.706605 460.331402 103.484298 390.356248 145.646833 323.112983 120.813906 284.613773 40.249224 335.393798 280.208851 403.238143 310.470611 462.385121 371.307150 27.892651 246.073160 438.744801 268.197688 434.480149 312.181037 254.247911 362.415507 309.129423 347.338452 171.400117 16.552945 291.053260 171.046777 451.149643 364.407739 456.810683 255.156815 333.181632 241.754007 222.800359 172.307864 145.344419 234.795656 210.440015 266.371920 235.669260 282.405736 409.293293 322.981424 212.438226 260.049995 328.332149 232.107734 432.486994 218.833270 161.310260 288.530761 129.034879 277.088434 
205.000000 2.000000 4.000000 a 121.115647 169.522860 475.026315 136.014705 90.801982 440.511067 153.326449 390.035896 398.764341 244.245778 220.635446 203.600098 161.446586 336.808551 339.423040 272.222336 134.014925 369.640366 69.231496 306.835461 171.046777 361.581250 393.662292 399.505945 433.893996 249.323084 319.931243 204.198433 49.648766 70.384657 413.392066 290.270563 325.564126 205.341180 66.241981 199.379036 213.862105 85.088190 151.182010 185.388781 471.818821 422.834483 220.492630 316.483807 207.511445 118.228592 120.420098 254.656632 159.201131 238.201595 292.480769 494.312654 400.362336 415.985577 356.202190 354.949292 263.865496 191.880171 429.727821 179.226114 234.232790 234.138848 335.256618 345.411349 114.934764 287.702972 374.721230 156.668440 310.040320 390.247357 
210.000000 5.000000 5.000000 a 157.407115 177.459855 487.483333 172.539850 128.316016 470.616617 194.126248 394.849338 433.198569 243.741667 259.557315 218.826415 205.000000 311.207326 359.068239 313.057503 97.989795 386.662644 74.276510 337.037090 213.037555 376.941640 389.075828 422.995272 424.699894 248.652368 299.135421 246.375729 6.708204 106.470653 436.551257 292.473930 300.389747 243.287895 41.976184 197.225759 224.474943 100.687636 161.276161 176.161857 480.800374 446.606090 220.592384 328.536147 176.161857 115.602768 84.693565 294.244796 201.556444 275.495916 330.752173 504.048609 435.109182 417.279283 360.513523 352.308104 270.275785 199.278699 412.310563 221.531036 253.031619 239.384628 324.636720 347.247750 86.579443 325.467356 410.329136 189.907872 334.252898 386.477684 
239.000000 3.000000 2.000000 a 139.463257 189.190380 495.407913 154.146035 109.004587 459.831491 168.860889 409.649850 416.926852 262.786986 237.118114 224.008928 173.487752 347.857730 359.923603 287.179386 138.798415 390.155097 87.281155 326.259099 185.326738 382.062822 411.617541 419.795188 450.787089 267.845104 332.951948 218.082553 48.414874 89.470666 433.702663 309.386490 336.786282 222.427516 75.186435 217.441946 233.944438 105.152271 171.046777 201.682919 491.945119 443.091413 239.081576 336.786282 215.406592 135.591298 125.299641 270.601183 173.141561 255.493640 309.127805 514.511419 418.412476 435.091944 375.719310 373.269340 283.555991 211.549049 444.136240 193.093242 254.750859 253.617823 351.639019 364.540807 123.664870 304.630924 392.475477 175.755512 330.311974 408.374828 
103.000000 8.000000 5.000000 a 307.949671 192.338244 355.384299 315.220558 303.145180 464.010776 353.022662 238.209991 469.221696 143.387587 379.388982 223.573254 387.253147 45.343136 308.415304 435.197656 185.083765 309.363863 234.326695 365.321776 375.133310 292.207118 179.047480 378.450789 184.390889 142.442971 28.635642 400.196202 267.606054 292.058213 386.327581 167.083811 33.941125 361.487206 233.931614 144.499135 201.188966 239.733185 204.352636 128.456218 328.671569 398.287585 148.717854 242.738542 109.767937 190.184121 195.368882 409.079454 371.005391 377.003979 423.817178 352.302427 473.432149 233.555133 212.734576 165.387424 185.722912 186.316934 143.840189 384.033853 250.529439 174.427635 101.079177 189.718212 187.323250 415.481648 461.172419 305.124565 322.876137 181.727818 
115.000000 3.000000 1.000000 a 190.065778 190.536086 499.235415 205.119477 162.151164 496.568223 229.157151 401.011222 462.649976 247.842692 293.001706 236.027541 241.820181 291.496141 377.510265 347.696707 73.334848 402.800199 94.704805 363.716923 248.766959 391.843081 387.370624 443.978603 418.686040 252.491584 284.102094 282.143580 32.572995 140.128512 457.196894 297.800269 281.215220 276.146700 49.739320 201.400099 238.027309 123.975804 176.708800 175.137089 489.739727 467.680446 225.842866 341.320963 153.182897 124.579292 62.008064 328.024389 237.564728 307.717403 363.446007 513.471518 464.796730 420.297514 366.619694 352.676906 279.458405 211.101871 399.144084 257.449024 272.170902 248.316331 318.460359 351.455545 74.000000 357.805813 440.756168 220.193097 356.439336 385.498379 
228.000000 3.000000 3.000000 a 139.283883 119.970830 429.242356 153.287312 117.200683 429.968604 184.228119 333.384163 400.262414 181.342218 240.692750 165.680415 206.155281 258.520792 307.188867 298.171092 69.778220 332.200241 32.984845 298.390684 206.155281 321.263132 326.111944 374.339418 362.277518 186.196133 241.993802 238.650372 58.600341 97.247108 387.411925 230.551513 247.250885 222.611770 22.203603 134.718224 167.475371 61.032778 106.230881 113.322549 420.751708 398.045224 158.473973 270.977859 132.310241 54.561891 58.189346 276.030795 196.824795 251.962299 308.016233 444.292696 402.751785 354.830946 298.986622 289.399378 210.109495 140.758659 353.050988 215.473896 202.237484 178.997207 262.427133 285.047364 41.868843 301.599072 380.032893 162.443836 287.562167 323.511978 
196.000000 2.000000 4.000000 a 411.438938 296.892236 196.420467 410.410770 423.095734 388.212571 442.684990 120.801490 428.028036 216.566387 432.560978 287.179386 481.142391 225.763150 256.587217 472.038134 386.436282 230.384461 389.935892 353.871446 459.166636 216.462468 66.189123 297.200269 42.485292 211.482860 197.496835 470.561367 448.414986 423.137094 296.664794 178.179685 226.603177 420.326064 411.418279 259.855729 265.318676 378.868051 316.071195 277.041513 158.145503 305.944439 240.141625 205.506691 325.262971 341.269688 392.703450 448.384879 461.322013 417.757106 441.891389 174.155103 433.013857 81.467785 135.384637 107.004673 212.941306 276.305990 122.641755 465.459988 284.073934 235.002128 133.093952 130.268953 375.932175 433.889387 434.420303 387.858222 298.800937 71.007042 
151.000000 2.000000 2.000000 a 118.460964 72.346389 381.965967 130.000000 105.645634 386.359936 165.653252 288.124973 360.611980 138.159328 212.565284 118.595953 194.517351 244.180261 260.000000 271.184439 100.000000 284.608503 38.327536 256.538496 188.438319 273.629311 286.457676 327.867351 326.459798 143.171226 220.735135 218.680132 103.600193 91.923882 340.777053 186.067192 232.551070 193.868512 69.310894 92.347171 119.854078 40.000000 59.059292 79.227520 374.241900 351.557961 114.634201 223.486017 137.058382 11.045361 92.655275 247.293348 181.320159 220.227155 275.544915 397.619165 363.397854 311.364738 253.818833 248.243832 163.600122 93.348808 325.849659 197.853481 155.682369 132.638607 228.265197 241.049787 69.065187 268.508845 342.005848 131.867358 242.043385 283.240181 
173.000000 9.000000 5.000000 a 343.739727 326.377083 166.643332 330.847397 373.209057 53.758720 334.551939 238.025209 125.143917 314.515500 274.007299 276.703813 359.200501 481.414582 142.688472 265.753645 488.335950 138.917242 414.121963 156.984076 333.024023 156.348969 320.951710 70.178344 371.429670 313.269852 438.693515 317.050469 485.412196 390.366494 61.294372 280.643902 474.071725 278.548021 459.011982 342.940228 283.282544 385.548959 335.440010 377.985449 203.147729 49.365980 322.615871 205.197466 482.672767 391.042197 484.162163 258.631011 343.838625 249.615705 222.748737 201.457191 129.034879 270.651067 246.738728 302.689610 268.419448 311.194473 445.656819 331.882509 238.799079 291.487564 364.347362 268.292751 459.810831 220.065899 149.933319 305.655034 152.200526 313.440584 
206.000000 9.000000 2.000000 a 73.817342 101.242284 310.409407 64.404969 101.118742 255.785066 88.141931 254.196774 221.903132 161.987654 87.726849 74.303432 126.003968 337.010386 163.266653 143.405021 240.133296 198.116128 148.070929 122.196563 102.825094 194.794764 292.769534 215.724361 346.733327 165.680415 301.310471 116.468880 215.473896 117.004273 229.836899 181.231896 325.871140 70.604532 194.164878 147.512711 98.979796 118.456743 95.078915 169.955877 316.760162 238.597988 146.986394 164.347193 266.595199 142.274383 232.019396 117.413798 106.004717 86.092973 138.235307 336.162163 224.396970 290.110324 226.221131 252.001984 145.206749 106.066017 378.219513 109.041277 74.006756 132.003788 268.955387 226.417755 209.059800 130.602450 202.089089 37.161808 126.621483 286.567619 
198.000000 7.000000 5.000000 a 43.011626 164.283292 405.315926 38.327536 57.775427 320.039060 14.764823 350.121408 268.365423 241.373155 83.934498 161.009317 36.359318 396.061864 256.181576 132.242202 244.730464 292.289240 142.667445 191.689854 31.780497 290.303290 383.146186 299.686503 434.802254 245.880052 366.154339 65.115282 185.083765 78.746428 313.869400 270.407100 384.443754 72.401657 180.579622 212.877899 183.635509 121.016528 148.529458 222.503933 413.098051 321.014018 221.449769 260.931025 296.445611 167.705098 232.937760 115.952577 21.954498 105.190304 155.589203 432.085640 269.222956 385.129848 321.099673 341.973683 235.227549 179.301422 456.838046 40.804412 170.064694 215.745220 349.116027 319.352470 215.594527 151.921032 242.076434 61.073726 214.462118 377.457282 
262.000000 9.000000 1.000000 a 216.002315 109.772492 209.442116 214.457455 229.836899 282.407507 246.789384 110.941426 291.158033 50.159745 242.495361 91.197588 285.259531 219.462981 127.011810 288.764610 247.200324 132.672529 212.614675 192.041662 263.797271 116.709040 131.400152 198.123699 185.310550 47.434165 177.200451 277.331931 281.000000 232.658548 207.038644 20.808652 210.722566 228.405341 245.601303 92.195445 70.349129 194.617574 128.514591 124.807852 197.648678 219.036527 67.475922 63.387696 221.045244 169.026625 247.751892 263.427409 265.505179 231.205536 266.069540 221.461058 295.611231 138.246157 76.967526 90.470990 17.000000 87.464278 224.735400 270.440382 92.590496 45.177428 118.190524 68.593003 225.144398 257.614052 286.419273 191.908833 144.003472 125.447200 
194.000000 9.000000 3.000000 a 292.061637 183.393021 168.549696 290.139622 305.895407 301.902302 321.596020 51.894123 327.502672 108.706026 311.488363 167.002994 360.011111 213.084490 152.003289 352.933421 302.299520 137.480908 283.386662 241.132744 337.721779 120.341182 60.901560 210.090457 118.190524 103.831594 171.572142 349.012894 348.531204 308.131465 214.448129 61.400326 207.617437 298.904667 312.078516 155.309369 146.492321 267.912299 202.526541 181.400110 145.120639 225.787511 131.946959 90.138782 259.326050 237.033753 305.368630 328.671569 340.129387 297.484453 325.161498 169.446157 332.338683 64.845971 27.658633 28.635642 93.134312 161.533278 176.400113 343.925864 162.505385 118.878089 92.086915 8.944272 284.803441 316.938480 328.933124 266.908224 187.018716 53.665631 
192.000000 9.000000 1.000000 a 280.713377 263.205243 167.442527 268.203281 309.864487 69.892775 274.262648 205.380135 107.823931 257.280003 217.313138 213.321354 301.204250 431.236594 86.492774 218.050453 425.131744 95.963535 349.731325 97.082439 274.612454 112.507778 285.686892 28.178006 340.036763 256.563832 388.542147 261.705942 421.001188 326.602205 36.221541 228.319951 423.122914 219.718001 394.685951 282.391572 221.287144 321.137042 271.648670 317.165572 196.977156 36.878178 263.229938 153.052279 422.622763 327.299557 420.630479 206.700266 284.822752 193.000000 175.390992 203.066492 112.769677 242.662317 206.021844 261.197243 211.532503 248.871453 408.354013 274.344674 175.282629 232.137890 318.352006 225.397427 396.289036 171.026314 122.527548 242.528349 88.022724 277.913656 
273.000000 8.000000 5.000000 a 220.537979 296.651310 374.766594 205.912603 247.396443 196.086716 181.011049 378.359617 123.130013 344.934776 118.067777 260.278697 179.513231 528.034090 244.008197 62.008064 426.487983 277.016245 325.848124 144.027775 163.783394 286.539701 443.497463 235.849528 500.899191 347.416177 489.767292 131.685231 378.160019 269.417891 246.245812 346.382736 517.304552 136.341483 368.879384 340.687540 283.211935 298.509631 290.826409 365.531120 399.586036 246.002033 335.411687 293.301892 461.641636 333.937120 416.356818 82.764727 176.139150 110.308658 60.307545 409.518009 120.540450 418.607214 363.235461 407.456746 313.287408 298.197921 550.245400 156.416112 237.118114 312.929705 443.518883 373.872973 395.608392 68.767725 95.603347 197.952014 199.010050 436.033256 
130.000000 8.000000 3.000000 a 282.078003 159.765453 265.414770 285.245508 286.356421 381.320076 321.701725 148.313856 394.007614 83.862983 332.362754 171.679935 359.137857 120.353646 225.497228 383.470990 227.774011 222.173356 238.411409 294.823676 341.812814 204.787695 100.124922 293.001706 127.816274 80.156098 77.646635 361.322571 291.770458 281.575922 299.866637 84.581322 113.282832 316.183491 254.921557 113.600176 146.996599 232.484408 177.293542 121.926207 240.033331 311.717821 101.950969 158.521292 171.119841 189.264365 233.927339 357.498252 340.617087 324.852274 364.891765 264.007576 398.503450 147.827602 122.331517 76.941536 112.614386 144.308697 133.540256 349.755629 188.095720 114.402797 28.071338 99.297533 217.469538 356.407071 389.477856 268.365423 246.941289 100.419122 
188.000000 7.000000 4.000000 a 181.024860 197.314470 507.354905 196.155551 151.743204 494.158881 217.002304 412.437874 456.968270 260.163410 282.936389 240.208243 226.384628 314.249901 381.005249 336.000000 96.690227 407.942398 95.801879 360.634164 235.478237 397.819054 403.000000 445.623159 436.400046 264.969810 305.321142 268.745233 23.323808 129.988461 459.105652 309.554519 303.797630 266.807046 56.859476 213.515807 244.658946 123.308556 181.892826 189.873642 499.601841 469.265383 237.453153 348.638782 176.567268 133.405397 84.593144 317.510630 223.807953 299.107004 354.265437 523.054490 458.877979 433.503172 378.038358 367.208388 288.922135 218.753286 419.815436 243.821656 275.045451 257.856549 336.122002 363.925817 92.913939 349.044410 434.079486 213.677327 357.102226 400.761775 
248.000000 6.000000 2.000000 a 297.058917 185.852092 372.210962 305.275286 290.110324 471.080672 342.986880 255.219513 472.527248 146.986394 373.412640 221.472346 376.085097 59.135438 316.425347 430.202278 162.249807 320.076553 217.706224 367.288715 365.403886 303.199604 200.302272 387.569349 208.338667 146.891116 53.225934 391.737157 246.710356 277.713882 396.126243 177.025422 47.801674 355.178828 213.964950 140.132081 200.449495 225.523835 195.971937 118.802357 346.923623 408.122531 148.384635 252.097203 85.615419 175.786803 173.002890 404.223948 360.555128 372.586903 421.200665 370.815318 476.593118 253.237043 227.984649 183.575598 191.525455 182.649938 168.002976 374.476969 251.077677 176.465294 121.490740 205.231577 166.460205 412.972154 463.017278 297.106042 327.426328 202.484567 
172.000000 8.000000 2.000000 a 309.583591 187.181730 282.603963 313.440584 312.233887 409.518009 350.271323 165.894545 424.117908 114.039467 362.829161 202.039600 387.362879 96.046864 254.096438 414.342853 237.143417 248.501509 259.156323 325.651654 370.742498 231.041122 103.464970 320.156212 116.297033 110.602893 55.108983 391.019181 307.766145 306.138857 326.377083 114.612390 90.934042 346.459233 271.398231 139.474012 177.409132 255.837839 203.973037 142.225174 254.310833 338.115365 130.598622 187.032083 172.534055 210.401996 244.761108 388.336195 369.120577 355.686660 396.020202 277.650860 428.654873 158.230844 144.031247 92.227978 143.680200 173.080906 106.042444 378.841656 219.203102 145.086181 25.961510 121.103262 230.653420 387.535805 420.077374 297.472688 277.218326 106.066017 
225.000000 2.000000 4.000000 a 111.427106 97.308787 407.338925 124.919974 92.086915 400.705628 157.442053 315.792653 370.256668 166.784292 211.624668 139.807010 182.043951 266.692707 281.000000 269.462428 97.123633 307.416655 10.198039 268.732209 179.788765 297.257464 315.317301 346.943799 355.123922 171.816763 245.692898 211.702622 77.781746 74.276510 360.199944 214.238185 255.156815 193.380454 47.423623 121.165177 144.360659 31.256999 81.344945 107.004673 400.839120 370.642685 143.171226 248.421014 149.913308 39.458839 86.683332 246.910915 171.172428 222.299348 278.312774 424.004717 372.726441 339.736663 281.575922 277.041513 190.541334 119.201510 352.841324 189.190380 175.328264 159.849930 256.632032 269.317656 66.850580 271.812435 349.967141 132.740348 259.422435 312.083322 
214.000000 8.000000 2.000000 a 184.707877 285.797131 426.000000 172.307864 205.905318 266.660833 138.538803 410.845470 195.726850 348.209707 99.488693 260.224903 122.918672 523.276218 283.693497 54.744863 392.390112 319.812445 290.077576 185.218790 116.709040 326.013803 466.450426 291.871547 522.932118 351.602048 488.305232 84.172442 331.633834 227.059464 303.916107 360.451106 511.994141 116.726175 328.892080 333.757397 284.803441 266.101484 275.408787 352.625864 446.296986 305.805494 334.073345 320.655578 438.872419 308.700502 380.879246 77.252832 126.921235 108.673824 94.260278 459.213458 193.793705 450.468645 390.356248 427.575724 325.000000 293.018771 562.512222 107.517440 247.202346 317.245961 453.467750 396.939542 362.684436 100.005000 166.883193 174.622450 235.764713 459.452936 
165.000000 8.000000 5.000000 a 148.647233 27.658633 307.826250 153.561063 151.419946 338.923295 191.049732 210.838801 326.401593 61.846584 214.869728 67.896981 227.200352 210.021427 197.648678 271.400074 152.947703 216.944693 114.017543 219.346757 212.461761 204.083316 212.077816 269.091063 256.017578 66.940272 176.604077 235.987288 180.560239 147.339743 280.855835 108.673824 198.698264 196.824795 145.000000 21.931712 54.918121 100.841460 42.720019 44.384682 298.073816 292.328582 38.078866 151.476071 149.405489 68.505474 151.267974 245.415973 209.618701 213.843401 263.472959 321.726592 329.965150 234.138848 176.490793 172.696265 87.692645 28.017851 267.254560 221.054292 104.019229 56.568542 162.098735 163.719272 127.581347 255.378151 312.929705 140.868733 190.672494 208.278659 
277.000000 2.000000 3.000000 a 395.339095 273.788239 266.720828 397.404076 401.154584 436.646310 432.916851 166.018071 465.571692 194.365635 436.084854 278.548021 470.919314 145.910932 290.024137 482.830198 330.190854 272.426137 353.022662 377.976190 452.040927 255.994141 83.186537 344.216502 41.976184 189.842040 124.555209 468.901909 402.647489 396.913089 346.705927 173.404152 148.519359 421.303928 366.292233 228.844926 254.230211 347.899411 291.852703 236.052960 230.783448 357.341573 215.195260 227.692775 260.800690 304.000000 338.462701 457.558739 451.890473 425.339864 458.629480 250.049995 470.425339 137.032843 163.003067 111.018017 208.942576 256.632032 42.755117 459.504081 286.644379 221.208047 87.823687 146.509385 325.189176 450.245489 467.052460 378.582884 324.568945 90.824006 
293.000000 5.000000 1.000000 a 226.814903 148.553021 162.431524 220.966061 247.541916 219.271521 246.594809 97.867257 234.931905 112.969022 224.075880 109.293184 283.853836 281.584801 63.324561 260.416973 302.274709 68.963759 251.382179 145.086181 259.192978 54.561891 156.473640 133.240384 213.901847 111.157546 238.918396 265.000000 323.185705 255.812431 142.031687 78.644771 273.441036 213.936907 290.134452 148.141824 101.118742 228.214811 164.201096 182.923481 161.136588 154.029218 125.000000 6.324555 283.769272 214.336185 301.039864 237.191905 263.918548 207.369236 230.358416 182.529450 239.633053 136.565003 76.485293 122.331517 67.446275 127.781063 269.651627 264.007576 85.866175 95.273291 171.303824 87.321246 277.358973 222.272355 234.183689 194.743421 91.219515 148.946299 
275.000000 3.000000 3.000000 a 396.823638 291.204396 137.419067 393.672453 412.316626 335.195465 423.000000 82.377181 379.817061 215.615398 404.259817 271.773803 461.039044 268.152941 214.350181 438.457524 402.683499 183.847763 390.928382 314.391476 437.370552 172.177234 79.649231 246.002033 95.047357 210.618138 234.303222 444.932579 454.872510 415.427491 243.977458 169.248338 266.986891 393.935274 418.150691 261.858741 252.857667 375.768546 310.306300 285.280564 98.979796 252.485643 239.175668 173.954017 350.018571 344.023255 407.152306 416.192263 441.040814 387.145967 405.153057 115.260574 384.816840 45.099889 109.114619 107.912001 199.461776 269.258240 178.044938 442.764046 261.068956 226.550215 158.672619 114.477072 387.963916 397.513522 388.702971 369.135476 259.832638 78.492038 
Type de surveillance de chaque endroit(target):tab[nombre de target]
a a a a a a a a a a a a a a a a a a a a a a a a a a a a a a a a a a a a a a a a a a a a a a a a a a a a a a a a a a a a a a a a a a a a a a 