Nombre des capteurs:
150
Nombre des targets:
50
Nombre de type de surveillance:
1

Caracteristiques:
254.000000 7.000000 5.000000 a 431.689703 321.446730 53.935146 359.649830 373.105883 208.396257 150.920509 355.332239 433.139700 340.260195 184.458667 201.682919 295.418347 104.752088 391.337450 512.371935 460.600695 259.277843 251.445819 241.660919 460.469326 295.974661 223.080703 371.553495 372.776072 411.311318 133.454112 261.308247 380.465504 119.854078 269.683147 243.248844 338.320854 252.293480 464.608437 219.203102 211.813597 292.227651 501.665227 372.625818 429.516007 320.880040 403.441446 392.312376 108.503456 327.940543 382.154419 187.555325 268.901469 480.926190 
243.000000 1.000000 2.000000 a 418.208082 235.053185 154.935470 373.719146 392.563371 75.953933 38.948684 319.788993 425.699424 337.664034 233.574399 81.596569 206.634944 29.681644 320.338883 434.056448 448.282277 311.237851 292.610663 297.593683 352.956088 188.448932 191.324332 423.133549 291.430952 296.150300 124.402572 194.010309 428.695696 74.168727 293.000000 205.387439 241.646436 123.036580 451.545125 285.243755 136.605271 267.927229 455.923239 273.766324 339.308120 188.663722 431.375706 431.375706 92.417531 327.714815 299.252402 56.080300 336.514487 387.742182 
132.000000 8.000000 3.000000 a 313.249102 331.802652 138.311243 218.433056 223.143452 328.441776 266.007519 281.996454 306.869679 225.077764 74.953319 300.561142 316.987381 250.954179 361.499654 475.556516 336.867927 93.509358 104.201727 76.400262 481.768617 346.369745 200.504364 190.538710 362.829161 454.616322 170.425937 265.369554 201.357890 211.400095 141.152400 216.584856 360.555128 354.317654 341.320963 48.259714 251.113520 223.181540 417.124682 391.281229 423.562274 422.952716 240.507796 219.863594 189.023808 212.809774 372.699611 309.612661 83.934498 472.978858 
208.000000 6.000000 1.000000 a 196.697738 63.890531 332.398857 229.141877 250.571347 253.308113 251.023903 96.607453 213.953266 177.519013 263.759360 219.476650 89.005618 297.558398 30.805844 151.396830 220.737401 283.825651 257.108926 287.252502 156.722685 132.909744 146.972787 338.434632 31.112698 160.701587 229.172424 100.498756 334.520552 247.194256 221.776915 127.011810 83.096330 224.147273 221.822001 302.839892 156.028843 122.004098 175.914752 86.764048 86.683332 243.741667 291.926361 316.083850 253.142252 179.635743 38.832976 256.095685 325.960120 134.951843 
160.000000 2.000000 4.000000 a 398.045224 247.814447 99.824847 342.461677 359.694315 124.887950 65.764732 307.605267 403.209623 311.969550 188.066478 116.619038 220.336107 26.925824 325.651654 444.356839 427.987149 266.992509 251.000000 252.039679 380.089463 214.394496 173.358011 380.525952 302.076149 328.373263 89.810912 194.612435 387.104637 48.795492 256.976653 191.023559 260.892698 167.355908 431.584291 237.002110 139.430987 249.537572 450.155529 294.757527 355.584027 236.541751 396.122456 392.562097 54.083269 300.913609 310.885831 103.870111 288.735173 406.115747 
239.000000 7.000000 1.000000 a 333.286663 147.851277 173.565550 300.239904 320.755358 84.929382 52.201533 231.233648 342.441236 258.698666 193.600103 48.332184 119.883277 98.737024 230.202085 346.151701 363.192786 262.520475 239.117126 252.800316 279.807076 115.156415 111.018017 366.824209 203.297811 231.008658 85.428333 103.004854 370.202647 62.072538 229.200785 120.838736 159.702849 99.156442 366.203495 248.600080 45.793013 184.165686 365.053421 193.582024 254.950976 167.475371 362.106338 367.729520 80.280757 250.161948 211.683726 74.006756 295.743132 305.158975 
100.000000 5.000000 1.000000 a 457.039386 340.642041 78.447435 385.176583 398.548617 215.336945 162.012345 379.602424 458.607675 365.715737 209.652093 213.037555 314.033438 112.008928 412.884972 533.541001 486.004115 283.816842 276.568256 266.062023 476.819672 311.416120 246.629276 395.566682 393.005089 425.699424 156.604598 282.214457 404.683827 137.876757 295.194851 266.602701 356.089876 261.222128 490.000000 243.016460 230.932891 316.812247 525.738528 390.247357 448.808422 328.123452 428.621045 417.041964 129.251692 353.417600 402.235006 194.987179 292.104433 499.956998 
201.000000 7.000000 3.000000 a 239.002092 43.931765 259.478323 237.693079 260.034613 179.011173 170.531522 130.096118 252.388589 187.032083 213.506440 142.667445 34.205263 216.640255 111.664677 230.097805 267.269527 253.805043 226.400088 252.178508 194.550765 82.637764 87.595662 332.604871 89.196412 168.940818 154.932243 24.000000 331.789090 167.358896 198.708329 73.430239 72.917762 158.145503 269.475416 261.174271 75.213031 110.476242 249.435362 103.324731 147.492373 195.780489 303.488056 319.889043 175.114248 183.480244 98.671171 179.011173 294.852506 199.278699 
296.000000 4.000000 2.000000 a 448.728203 203.678668 420.630479 469.400682 491.708247 210.052374 265.345058 345.337516 465.893765 417.502096 429.802280 215.520301 200.601595 312.860991 262.819330 304.765484 472.245699 483.694118 456.790981 479.279668 157.800507 156.984076 311.207326 567.409024 224.617453 102.078401 333.294164 250.049995 566.484775 308.172030 432.356335 303.586890 173.528096 163.771182 473.087730 482.892328 248.310290 344.200523 404.446535 166.388101 214.021027 99.080775 534.838293 553.624421 328.867755 415.740304 222.245360 229.965215 523.011472 229.444983 
247.000000 3.000000 3.000000 a 91.416629 190.538710 295.574018 77.155687 98.858485 326.741488 293.710742 58.309519 97.082439 25.806976 179.108905 287.696020 198.305320 322.006211 159.762323 250.639183 121.235308 159.254513 138.101412 169.849934 307.416655 248.583990 137.360839 188.045207 183.142021 310.654149 218.057332 161.372240 183.218449 260.775766 99.247166 125.447200 220.911747 318.064459 124.907966 194.054116 204.626489 62.289646 177.406313 235.841048 231.924557 361.863234 141.173652 164.054869 253.179778 31.780497 190.318155 319.640423 198.123699 271.029519 
268.000000 6.000000 1.000000 a 74.094534 233.893138 314.249901 38.910153 58.258047 366.034151 329.455612 96.896852 70.767224 25.317978 188.957667 327.013761 241.698159 353.933610 197.739728 277.331931 99.824847 150.216510 135.118467 164.395864 346.666987 291.878399 173.277235 153.447059 224.089268 352.829987 246.981781 203.577995 146.860478 292.617498 100.603181 164.012195 264.092787 359.580311 104.139330 191.415778 244.002049 102.591423 185.779439 278.064741 269.773979 404.853060 98.858485 124.631457 282.660574 35.846897 230.729279 357.805813 183.983695 305.712283 
281.000000 4.000000 4.000000 a 404.565199 268.888453 76.837491 343.110769 359.200501 151.538774 92.574294 318.728725 408.471541 316.180328 180.099972 143.265488 241.960741 50.000000 343.685903 463.534249 434.264896 259.017374 245.381336 243.074063 404.283316 239.018828 184.043473 373.048254 322.063658 353.748498 95.441081 212.492353 380.380073 66.211781 255.409475 202.940878 283.651194 194.280725 438.015981 225.621364 159.411417 258.402786 463.168436 317.762490 377.000000 263.417919 393.845147 387.858222 62.225397 304.607945 331.126864 130.545011 277.346354 427.954437 
177.000000 2.000000 1.000000 a 83.725743 193.685312 303.349633 76.485293 97.621719 333.096082 300.760702 57.628118 89.844310 27.513633 186.432293 294.064619 202.410474 329.461682 159.201131 246.975707 113.600176 164.684547 144.156165 175.755512 307.522357 252.881395 144.544111 189.002645 184.043473 312.405186 225.743217 166.769302 183.673624 268.262931 105.513032 132.196823 223.707398 323.681943 117.239072 200.339711 211.047388 68.883960 170.792271 237.621548 231.400086 366.521486 139.201293 163.465593 260.823695 36.013886 190.924069 326.259099 203.002463 269.436449 
212.000000 2.000000 1.000000 a 155.389832 325.407437 314.650600 65.863495 48.764741 425.000000 376.920416 199.200904 140.014285 115.624392 184.100516 387.362879 327.649203 388.217722 300.800598 380.879246 166.868211 110.909873 117.153745 129.251692 448.769429 375.213273 233.077240 49.335586 324.104921 449.694341 280.007143 281.780056 42.190046 330.074234 111.646764 232.155121 356.876729 428.805317 171.058470 156.064089 308.358558 183.611002 278.958778 375.089323 373.001340 483.001035 40.360872 27.658633 314.128954 113.899078 331.517722 412.641491 121.696343 410.238955 
133.000000 6.000000 1.000000 a 178.280678 291.650476 525.894476 277.848880 286.251638 482.432379 476.341264 210.800854 193.023315 255.931631 419.200429 448.232083 318.025156 519.119447 201.258540 138.755180 167.967259 395.339095 377.318168 408.240125 286.251638 358.436884 342.760850 380.336693 238.717406 335.626280 432.899526 321.263132 369.716107 463.159800 339.324329 323.137742 301.942047 451.707870 164.222410 433.887082 378.746617 275.138147 64.498062 286.122351 224.588513 460.538815 304.290979 340.154377 463.608671 267.860038 234.917007 484.830898 429.893010 213.677327 
100.000000 3.000000 2.000000 a 328.694387 130.919823 193.196791 301.701840 322.744481 83.024093 66.068147 224.207493 338.859853 258.001938 206.206207 44.000000 102.625533 115.883562 215.668727 329.819648 358.369921 272.170902 247.824535 263.491935 260.099981 95.189285 112.449989 373.630834 187.002674 211.009478 101.872469 92.574294 376.364185 82.054860 234.974467 119.004202 140.943251 87.132084 361.199391 261.078532 39.204592 181.540629 354.039546 174.568038 237.065392 152.735065 364.802686 372.323784 99.824847 250.241883 195.064092 76.922038 306.894119 286.848392 
128.000000 1.000000 2.000000 a 362.932501 131.893897 400.765517 393.629267 415.600770 221.677694 260.731663 263.948859 380.864805 341.439599 382.393776 210.447143 139.671042 312.968049 174.244082 214.972091 384.974025 425.352795 397.915820 423.834874 75.286121 114.424648 257.303323 497.931722 138.224455 10.440307 302.076149 192.130164 495.558271 290.387672 368.756017 244.969386 100.124922 173.458929 385.519131 432.030092 210.278387 273.651238 312.640368 81.301906 122.016392 138.621788 457.900644 479.784327 307.566253 341.474743 134.260940 237.244600 466.519024 141.315250 
168.000000 4.000000 3.000000 a 307.162823 78.644771 246.811669 298.276717 320.357613 113.877127 121.235308 198.494332 320.039060 249.595673 237.621548 81.344945 50.803543 172.812037 168.107109 276.586334 335.657564 293.233695 266.833281 287.793329 202.388241 40.024992 121.210561 384.386524 135.103664 155.929471 147.962833 69.634761 385.176583 138.520757 246.044711 117.647779 83.630138 89.560036 337.926027 290.656154 57.271284 171.230838 314.084384 116.811814 180.944743 133.540256 363.661931 376.597929 154.051939 244.364482 142.172431 117.686023 331.633834 229.871703 
253.000000 2.000000 1.000000 a 99.322706 262.268946 461.573396 199.271172 207.241405 445.486251 430.162760 150.711645 114.109596 180.941980 348.175243 408.779892 285.161358 468.523212 177.476759 168.600119 90.244113 318.797742 302.129111 332.434956 298.223071 331.475489 285.394464 301.537726 217.589062 335.171598 374.476969 276.378364 291.075592 409.802391 265.005660 267.239593 280.071419 421.161489 86.833173 358.771515 332.568790 212.136748 37.802116 273.000000 224.555116 441.693333 226.000000 261.725047 407.295961 193.328736 217.082933 444.760610 352.205906 231.812424 
185.000000 7.000000 2.000000 a 197.311936 369.258717 328.896640 112.160599 94.021274 458.646923 407.343835 245.415973 180.471604 161.644672 203.157574 421.886241 370.135110 413.817593 347.023054 426.385975 205.156038 124.486947 139.517024 141.421356 494.772675 416.692933 270.386760 12.806248 369.802650 494.490647 307.743400 322.778562 4.242641 357.967876 145.248064 271.591605 400.895248 465.725241 209.086107 164.201096 345.231806 226.920691 321.278695 420.059520 419.223091 522.352371 69.028979 33.060551 340.324845 159.226254 377.351295 445.053929 119.012604 456.554487 
240.000000 2.000000 1.000000 a 268.477187 407.180550 303.237531 174.195293 161.009317 466.091193 408.902189 299.347624 253.017786 216.335388 194.537914 432.120354 403.073194 405.523119 399.425838 489.359786 279.257945 121.593585 146.823023 131.590273 543.164800 445.458191 292.207118 66.753277 416.924454 534.947661 307.327187 352.241395 78.854296 355.844067 170.531522 298.613463 438.958996 480.882522 283.346078 142.863571 363.093652 267.029961 391.846909 462.222890 470.880027 543.153754 144.682411 109.238272 335.524962 210.297408 425.377479 450.005556 91.214034 512.181608 
225.000000 5.000000 3.000000 a 226.384628 59.548300 351.757018 263.047524 284.383544 249.881972 256.204996 129.957685 244.311277 211.520685 292.035957 219.221349 87.965902 305.366992 40.012498 139.617334 248.887525 316.077522 289.131458 318.788331 122.873919 121.708669 171.011696 372.486241 4.000000 128.798292 247.386338 115.948264 368.575637 259.470615 254.521119 152.118375 64.845971 215.448370 249.609695 333.286663 166.364059 154.741720 190.247208 57.271284 57.078893 225.534920 325.504224 350.018571 268.024253 213.693706 6.000000 255.431008 358.231769 108.166538 
238.000000 6.000000 4.000000 a 142.172431 111.628849 300.323159 159.452187 181.176709 273.484917 254.283307 33.136083 156.553505 107.517440 210.489905 235.594991 124.679589 293.001706 83.486526 193.582024 170.047052 218.769285 192.981864 224.243172 226.814903 175.385290 114.201576 268.151077 101.316336 228.403152 204.276773 102.142058 264.251774 235.274308 155.769060 94.366308 140.527577 255.431008 172.185946 242.744722 156.977705 59.008474 166.207701 153.600130 153.847327 290.118941 223.212903 246.219414 234.865919 109.343495 109.018347 270.835744 260.578203 197.648678 
145.000000 7.000000 3.000000 a 361.005540 333.636029 79.624117 272.237029 280.166022 292.205407 228.319951 312.525199 357.224019 269.313943 100.239713 270.142555 314.167153 202.800394 378.803379 497.839332 386.846223 152.820156 155.589203 134.525091 483.860517 334.607232 206.038831 256.563832 373.048254 448.448436 147.258277 266.084573 267.029961 176.011363 186.638688 225.319773 359.235299 325.055380 391.216053 107.186753 237.924358 249.238841 454.964834 392.200204 434.010369 395.536345 302.049665 283.989436 153.687996 256.550190 383.046995 271.974263 150.216510 485.148431 
131.000000 4.000000 1.000000 a 409.497253 308.058436 31.064449 336.475854 349.794225 208.971290 148.313856 335.149220 410.621480 317.800252 161.049682 197.909070 282.821498 107.615055 374.882648 496.230793 438.265901 236.027541 228.037278 218.476543 449.964443 287.006969 204.266982 348.528335 357.997207 403.044663 115.870618 246.028454 357.337376 110.004545 246.473122 224.664194 326.547087 250.455585 442.304194 196.351725 199.100477 271.597128 481.680392 360.912732 415.740304 320.224921 380.032893 368.978319 95.189285 305.412835 367.535032 187.949461 246.398052 467.369233 
228.000000 1.000000 5.000000 a 376.430604 130.230565 288.091999 372.521140 394.654279 90.757920 135.532284 267.366789 390.397234 323.371304 303.448513 84.593144 110.018180 186.002688 217.882996 308.423410 404.060639 364.243051 338.421335 357.502448 198.957282 61.000000 193.981958 458.261934 179.203795 137.233378 201.717624 143.589693 459.305998 175.513532 319.526212 191.880171 115.952577 42.941821 406.011084 357.796031 122.674366 245.203997 368.960703 137.411790 206.813926 59.093147 438.001142 451.039910 196.094365 318.498038 183.068293 106.887792 401.322813 247.503535 
220.000000 9.000000 4.000000 a 173.528096 206.349219 462.887675 259.676722 274.175127 398.016331 396.828678 155.540991 192.774480 223.322637 369.384623 365.217743 233.657870 442.240885 116.400172 67.357256 178.440466 361.199391 339.076687 371.057947 202.869416 271.530845 275.363396 372.247230 151.716842 248.243832 364.321287 243.577503 363.716923 389.185046 299.961664 254.892134 214.282524 365.206791 176.400113 393.814677 300.621024 217.919710 63.812225 197.408207 136.528385 371.903213 303.244126 336.875348 392.337865 233.034332 147.166572 401.807168 400.020000 132.853303 
242.000000 7.000000 5.000000 a 323.310996 172.702056 133.540256 278.125871 297.378547 119.419429 65.276336 228.536649 330.163596 241.580214 153.834326 87.965902 146.758305 90.049986 246.132078 365.941252 353.390719 226.373585 204.687567 215.188290 313.843910 152.947703 96.254870 334.463750 224.802135 269.163519 42.426407 114.908659 338.892313 32.015621 200.002500 112.160599 190.223553 141.484982 356.770234 208.614477 63.063460 173.219514 369.802650 224.588513 280.816666 210.679852 337.005935 339.135666 41.194660 231.613903 234.000000 103.464970 257.235301 332.174653 
180.000000 8.000000 3.000000 a 34.058773 257.472329 361.260294 67.052218 74.000000 404.431700 371.393323 113.547347 24.207437 70.235319 235.476113 365.403886 269.466139 398.222300 205.642894 265.294176 54.083269 191.407941 179.178682 206.891276 353.909593 320.257709 214.897650 170.317351 237.777207 368.408740 292.318320 237.170825 160.853971 336.875348 146.577624 203.376498 285.700893 394.248653 58.523500 234.610315 282.391572 140.160622 157.276826 294.716813 275.288939 434.695296 99.403219 133.150291 327.873451 82.152298 242.853866 397.548739 221.359436 304.699852 
158.000000 1.000000 2.000000 a 284.675254 139.441744 161.124176 246.008130 266.270539 139.832042 98.270036 187.832372 292.441447 206.050965 146.413797 102.489024 116.017240 130.633074 207.183494 327.867351 314.745929 210.430511 186.067192 202.039600 286.111866 133.899216 58.249464 312.525199 188.472810 247.420694 57.008771 76.694198 315.635866 72.835431 174.450566 72.013888 161.012422 148.862353 318.001572 200.863137 37.161808 134.406101 328.694387 195.023076 246.446749 212.809774 307.371111 312.827428 76.478755 196.918765 197.994949 128.316016 245.601303 298.171092 
210.000000 1.000000 1.000000 a 145.784087 141.495583 256.674892 126.716218 149.053682 267.824569 236.592477 58.668561 154.353490 76.655072 157.689568 228.790297 144.474911 267.884303 136.565003 247.244818 175.840837 165.722660 139.463257 170.425937 274.249886 193.545860 81.841310 225.656819 148.124947 267.320033 168.514094 103.368274 223.555362 207.272767 103.247276 67.446275 173.112680 259.408944 179.075403 188.597455 145.773797 5.830952 204.980487 193.507106 204.834079 305.262182 192.509740 209.695017 202.272094 72.498276 156.974520 261.082362 207.761883 250.577333 
121.000000 2.000000 2.000000 a 285.959787 39.051248 323.125363 304.566906 326.804223 185.348321 203.105884 180.360750 302.332598 252.491584 291.001718 159.477271 48.507731 255.001961 110.643572 201.221271 311.081983 331.789090 304.345199 330.510212 123.016259 53.740115 165.196852 405.927333 70.830784 90.553851 220.184014 99.924972 404.085387 218.874393 275.288939 151.818971 8.246211 146.604911 312.358768 339.453973 129.096863 181.466250 261.841555 34.539832 101.414989 154.042202 369.756677 389.666524 232.348876 251.340407 73.736016 194.010309 373.037532 148.354306 
230.000000 9.000000 4.000000 a 246.910915 410.931868 336.291540 160.552172 143.377125 486.201604 431.502028 292.369629 229.836899 208.312266 219.672483 450.778216 409.718196 432.379463 393.837530 475.752036 253.870045 141.908421 163.413586 155.540991 540.600592 454.605323 304.243324 46.141088 414.956624 537.492326 330.219624 360.600887 53.450912 379.815745 178.891028 307.949671 442.730166 497.301719 257.701378 172.142383 377.655928 268.700577 370.859812 463.548271 465.958153 556.863538 117.515956 81.743501 360.538486 204.611828 422.834483 471.221816 121.016528 504.453169 
242.000000 6.000000 3.000000 a 183.024589 337.084559 299.046819 88.600226 75.166482 423.897393 372.887382 217.974769 168.297356 133.958949 171.058470 387.104637 337.001484 380.295937 319.288271 404.461370 195.604192 93.621579 106.004717 111.400180 465.800386 383.020887 235.790161 29.832868 340.147027 463.155481 273.649411 289.012110 31.048349 323.896588 110.494344 237.402612 368.826517 431.010441 199.832430 136.308474 310.543073 194.671518 306.022875 389.034703 391.348949 487.969261 67.742158 41.340053 306.589302 129.849913 348.022988 410.386403 96.674712 430.488095 
204.000000 9.000000 2.000000 a 268.365423 82.607506 383.146186 309.741828 330.938061 254.466108 271.950363 176.184562 286.918107 258.373760 333.642024 229.093867 107.703296 323.396042 78.771822 134.525091 289.006920 361.581250 334.456275 363.593179 76.157731 122.918672 209.745083 419.490167 50.219518 88.526832 278.729259 149.003356 415.530986 283.804510 300.554488 192.213423 67.119297 213.775583 289.318164 376.969495 191.366141 200.960195 216.009259 36.796739 32.802439 208.777393 371.721670 396.737949 295.243967 260.685634 42.449971 263.600076 403.707815 79.158070 
273.000000 6.000000 1.000000 a 343.493814 164.730082 159.364362 306.026143 326.055210 84.172442 39.000000 243.304336 351.923287 266.309970 189.528362 52.345009 136.850283 82.200973 246.221445 362.774034 373.503681 261.168528 238.799079 250.439613 296.593999 131.548470 118.376518 367.853232 219.968180 247.032387 77.987178 117.686023 371.809091 46.872167 231.657074 130.361037 176.785180 106.526992 376.633774 244.364482 60.207973 193.569109 379.225527 210.641876 271.977940 176.465294 366.721966 370.724965 66.850580 257.217807 228.442553 69.634761 292.745623 322.232835 
213.000000 7.000000 1.000000 a 165.469030 105.603030 264.357712 161.058995 183.412104 245.350769 221.415898 60.835845 177.138364 109.658561 180.024998 206.736547 110.308658 258.234390 108.115679 225.062214 194.815297 198.153981 171.233758 201.156655 239.766553 160.327789 77.801028 261.725047 114.236597 231.276890 167.886867 75.059976 259.557315 199.752347 136.883162 58.051701 137.131324 232.008621 197.496835 216.910120 125.542821 37.802116 202.237484 157.613451 172.800463 273.590936 226.744349 245.203997 198.708329 107.186753 123.490890 240.933601 240.308136 220.476756 
184.000000 3.000000 3.000000 a 375.378476 133.600150 384.067702 399.110260 421.318170 196.468827 239.169396 272.836948 392.674165 346.989913 374.593113 188.321534 135.369864 290.833286 189.451841 240.973028 398.760580 422.158738 394.867066 419.400763 104.235311 100.846418 251.340407 500.136981 151.119158 38.600518 288.133650 187.256509 498.510782 272.389427 367.763511 240.983402 102.342562 147.800541 399.592292 425.761670 197.585425 275.811530 333.000000 92.892411 144.682411 109.658561 464.174536 484.291235 290.688837 345.962426 148.852276 212.983567 462.649976 168.620877 
241.000000 9.000000 3.000000 a 99.297533 207.171427 420.020238 187.541995 200.878072 391.429432 378.350367 105.000000 118.701306 156.041661 314.230807 355.128146 230.269407 418.445934 123.016259 138.220838 106.794195 295.994932 275.951083 307.519105 251.602862 276.371127 238.346387 298.804284 163.076669 283.783368 328.344331 223.647043 289.968964 360.867012 237.227739 219.221349 225.177708 366.284043 105.380264 332.051201 280.479946 169.189243 41.617304 219.276082 175.191324 386.745394 228.965063 262.786986 359.934716 167.035924 163.076669 391.311896 333.016516 189.994737 
128.000000 9.000000 4.000000 a 246.448778 113.635382 191.901016 215.696546 236.907155 169.026625 136.014705 147.492373 255.219513 172.046505 148.060798 130.096118 95.817535 171.143215 170.698565 292.099298 276.441676 199.649693 173.233946 194.609866 264.047344 128.062485 28.178006 292.924905 156.348969 233.238076 88.391176 46.097722 294.552203 113.216607 153.883072 33.541020 140.185591 167.931534 279.556792 199.160739 47.853944 96.881371 288.175294 172.455791 216.335388 224.510579 279.270478 288.402497 114.621115 164.109719 166.207701 160.798010 238.379949 268.039176 
197.000000 7.000000 1.000000 a 156.284996 111.772090 270.407100 154.184954 176.502125 254.566298 230.412673 51.884487 168.074388 102.420701 182.395175 215.956014 117.987287 266.810794 106.920531 221.774660 185.607112 196.758736 170.141118 200.591625 242.365427 168.291414 85.041167 256.680736 116.297033 236.190601 175.171345 84.148678 254.135790 208.038458 134.736780 65.795137 143.003496 241.000000 188.281704 217.368351 134.714513 34.928498 194.558475 162.052461 173.623155 281.902465 219.713450 239.018828 206.494552 100.687636 125.239770 250.139961 238.882816 220.292987 
208.000000 1.000000 3.000000 a 133.540256 252.936751 476.388497 231.216349 241.207380 441.418169 431.745295 161.400124 150.096636 206.649462 369.120577 406.099741 278.001799 473.102526 163.884105 133.093952 128.390031 346.439028 327.881076 358.988858 270.083320 321.297370 294.431656 337.148335 203.246156 312.230684 384.506177 276.573679 327.110073 416.185055 289.689489 275.109069 266.810794 413.358198 125.251746 384.376118 333.865242 225.534920 14.866069 255.274362 200.302272 427.790837 262.800304 298.221394 415.800433 218.403297 201.019900 442.556211 381.744679 200.810856 
253.000000 6.000000 3.000000 a 459.234145 342.257213 80.653580 387.411925 400.784231 215.928229 163.000000 381.681805 460.818836 367.925264 211.879683 214.009346 315.601014 112.751940 414.705920 535.321399 488.205899 286.008741 278.792037 268.246156 478.167335 312.705932 248.646335 397.723522 394.707487 426.878203 158.600126 283.989436 406.853782 139.459672 297.430664 268.600074 357.576565 261.961829 492.200163 245.165250 232.561820 318.924756 527.795415 391.716734 450.422024 328.694387 430.846841 419.243366 131.061054 355.630426 403.923260 195.634864 294.210809 501.543617 
244.000000 3.000000 2.000000 a 150.960260 278.217541 268.972118 51.078371 54.488531 371.076811 323.215099 163.370744 141.155942 81.043198 137.382677 333.492129 278.210352 335.788624 263.609560 355.316760 170.985379 75.604233 71.344236 92.763139 408.633087 324.579728 179.671923 88.729927 282.618117 404.504635 227.140925 230.670761 87.982953 277.016245 58.034473 179.780422 309.974192 375.421097 175.453698 121.082616 254.892134 135.830777 267.748016 330.552568 335.292410 430.712201 82.462113 81.584312 261.690657 74.323617 290.745593 358.719946 103.445638 376.192770 
236.000000 4.000000 3.000000 a 278.614429 165.704556 464.207928 343.712089 362.626530 339.689564 358.353178 213.122031 298.429221 296.508010 401.976367 315.382308 192.566872 409.649850 115.952577 68.007353 291.672762 417.929420 391.950252 422.906609 81.498466 208.664803 283.451936 457.866793 116.841773 139.846344 359.694315 228.280529 451.756572 368.490163 354.949292 264.121184 153.561063 297.257464 290.656154 439.931813 275.436018 256.743062 189.362087 122.065556 57.567352 282.619886 399.080192 428.822807 378.725494 302.167172 106.920531 349.566875 459.758632 8.944272 
222.000000 9.000000 4.000000 a 108.226614 197.436066 417.137867 193.196791 207.424685 383.019582 371.389284 102.215459 127.863208 159.154013 313.904444 347.051869 221.054292 412.310563 112.160599 128.701204 117.413798 298.613463 277.834483 309.588436 239.927072 266.552059 233.863208 305.491407 152.266214 272.209478 323.989197 216.363121 296.966328 355.308317 238.901653 214.394496 214.704448 357.022408 116.180893 333.594065 273.481261 166.709328 46.097722 208.117755 163.490061 376.336286 236.883938 270.248034 355.038026 169.664375 152.003289 383.356231 336.334655 178.675684 
207.000000 9.000000 4.000000 a 256.532649 369.606548 259.001930 157.114608 149.281613 420.830132 363.235461 271.370595 243.476898 191.415778 148.761554 387.253147 363.688053 359.680414 369.001355 465.645788 271.830830 78.102497 104.661359 86.353923 509.439889 404.474968 250.459578 75.663730 383.412311 497.610289 261.696389 312.123373 88.413800 310.048383 133.146536 258.311827 401.203190 436.633714 276.159374 97.082439 319.803064 232.331659 377.047742 426.010563 439.382521 499.812965 145.794376 114.856432 289.665324 183.357574 392.256294 404.534300 45.354162 482.830198 
177.000000 3.000000 4.000000 a 201.434853 364.071422 316.001582 111.892806 95.603347 448.848527 396.778276 243.526179 185.326738 159.477271 191.010471 412.378467 364.005494 402.274782 345.028984 427.552336 211.037911 112.111552 128.269248 128.763349 492.036584 409.928042 262.070601 2.828427 366.576049 490.029591 296.745682 315.901884 12.727922 346.919299 136.473441 264.109826 395.804245 456.946386 215.083705 151.109232 336.590255 221.650626 325.269119 415.838911 417.171428 514.470602 76.295478 41.436699 328.975683 156.028843 374.350104 434.935627 105.603030 455.580948 
117.000000 3.000000 1.000000 a 121.066098 300.121642 320.789651 34.713110 14.317821 412.419689 368.021738 168.505193 106.381389 86.833173 189.214164 374.065502 304.599737 383.888005 269.773979 346.701601 134.164079 124.579292 123.166554 142.523682 418.474611 353.411941 218.160491 83.934498 294.932196 422.303209 274.869060 261.275716 75.769387 324.126519 106.301458 214.441134 331.167631 412.554239 138.462991 170.660482 293.001706 160.580198 244.386988 347.506834 341.878633 463.600043 34.234486 52.497619 309.996774 87.817994 301.935424 401.442399 144.585615 377.763153 
128.000000 4.000000 2.000000 a 54.817880 291.109945 439.317653 147.135992 148.959726 459.464906 434.108281 154.932243 57.454330 147.139390 315.905049 421.047503 309.316990 466.051499 218.284218 237.604714 27.459060 272.547244 260.714403 288.293253 355.101394 359.034817 280.071419 236.611496 256.719691 383.418831 363.748540 288.105883 225.222113 405.176505 227.547797 265.173528 314.531397 442.308716 23.021729 316.096504 339.841139 203.105884 109.402925 314.784053 277.713882 473.067648 159.078597 195.064092 398.647714 159.831161 258.814605 455.370179 300.847137 294.001701 
204.000000 1.000000 1.000000 a 276.586334 28.425341 316.456948 294.054417 316.303652 186.034943 200.412075 170.461139 292.769534 242.002066 281.519093 158.404545 40.199502 251.859088 104.292857 200.122463 302.001656 321.479393 294.028910 320.362295 130.138388 55.470713 155.618122 395.297356 65.192024 100.702532 213.002347 90.476516 393.459019 213.693706 264.781042 141.823834 5.000000 149.251466 303.356226 329.596723 122.690668 170.836179 255.632549 39.319207 102.078401 161.009317 359.289577 379.084423 226.417755 240.775829 69.354164 193.610434 362.794708 150.711645 
190.000000 1.000000 3.000000 a 189.235303 312.656361 544.155309 289.527201 296.624342 503.369645 496.855110 229.200785 202.632673 270.490296 435.588108 469.077819 338.989675 539.315307 222.272355 156.540730 176.002841 409.088010 391.899222 422.480769 305.014754 379.458825 361.995856 389.011568 259.730630 355.489803 452.110606 341.713330 378.021163 483.041406 354.317654 342.531750 322.931881 472.730367 172.002907 448.539853 399.180410 293.293368 82.619610 306.887602 244.806046 481.358494 312.129781 348.116360 483.140766 282.660574 255.890602 505.668864 442.675954 232.137890 
213.000000 8.000000 5.000000 a 453.475468 312.160215 100.623059 389.994872 405.408436 171.058470 122.983739 367.821968 457.088613 364.588809 221.939181 173.158887 284.541737 70.576200 389.955126 508.846735 483.111788 299.821614 288.487435 283.019434 441.909493 276.023550 233.111561 413.569825 366.565137 387.985824 144.616735 258.801082 421.627798 112.200713 301.365227 251.829307 324.445681 218.229237 486.893212 263.017110 203.924005 307.605267 511.953123 358.064240 419.761837 283.436060 438.799499 430.935030 111.198022 352.869664 375.353167 151.330764 314.057320 470.082971 
203.000000 2.000000 3.000000 a 42.201896 224.243172 342.593053 73.979727 88.955045 373.483601 342.584296 80.411442 48.052055 51.613952 221.400090 334.522047 236.323930 371.615393 174.774140 243.462523 71.693793 187.925517 171.493440 201.546521 323.711291 287.123667 186.574382 186.893018 205.642894 336.154726 267.598580 205.000000 179.011173 310.409407 135.203550 173.669226 252.578701 362.034529 75.471849 228.081126 251.733987 110.353976 147.488983 262.177421 245.448569 401.627937 123.223374 153.883072 302.790357 64.404969 211.066340 367.271017 222.272355 277.418456 
121.000000 9.000000 4.000000 a 159.765453 172.154001 227.969296 112.538882 133.660016 271.665235 231.948270 94.371606 163.685674 72.801099 119.641130 232.948492 169.920570 256.144490 176.504957 287.085353 189.335681 126.649122 99.929975 130.495211 311.276405 215.824002 77.058419 197.040605 185.809042 299.873307 150.269757 121.938509 196.735864 194.797331 65.513357 72.422372 203.960781 270.431137 193.132079 148.408221 151.082759 35.693137 237.118114 227.501648 243.813453 322.888526 176.147665 187.243157 185.714835 62.801274 195.000000 262.000000 168.798697 290.318790 
179.000000 2.000000 1.000000 a 276.023550 113.600176 187.072179 246.594809 267.710665 138.014492 107.786827 174.470628 285.350661 203.022166 165.601932 99.080775 90.005555 147.322775 184.228119 304.138127 305.918290 224.200803 198.595065 217.497126 260.155723 110.462663 57.723479 321.361168 163.624570 222.427516 83.024093 53.000000 323.482612 93.744333 182.258059 64.195015 135.033329 138.351003 308.923939 219.000000 17.888544 127.279221 311.269979 169.011834 220.954746 197.770069 309.919344 318.286035 100.657836 195.125601 173.011560 130.115333 261.344600 272.618781 
209.000000 1.000000 1.000000 a 238.018907 359.050136 265.680259 139.000000 130.541181 418.628714 362.441719 256.222560 224.742074 175.111393 149.164339 384.157520 354.379740 361.643471 354.877444 449.437426 252.990118 73.348483 97.908120 85.164547 496.834983 396.474463 243.166610 59.405387 370.633242 486.957904 260.892698 303.369412 71.700767 310.048383 122.147452 249.689808 390.778710 432.394496 257.309153 101.019800 314.238763 219.968180 359.000000 414.662513 425.747578 494.272192 127.059041 96.829747 290.327401 167.630546 379.300672 402.959055 50.487622 468.385525 
205.000000 5.000000 1.000000 a 58.137767 195.489130 340.506975 100.657836 118.118584 352.852660 326.197793 51.623638 71.847060 63.285069 226.019911 314.178293 209.380037 358.687887 142.902064 215.353198 87.298339 203.226475 183.600109 214.979069 291.821863 260.101903 172.652831 215.081380 174.269906 304.888504 258.306020 182.214160 207.966343 298.088913 145.206749 157.308614 222.946182 338.378486 90.027773 239.970832 232.355331 95.880134 131.041978 231.209861 213.588389 374.833296 154.457114 184.024455 292.617498 74.330344 179.471446 348.041664 240.407987 246.223476 
296.000000 8.000000 3.000000 a 264.251774 222.685877 120.341182 192.106741 207.135222 233.019313 175.840837 199.904977 264.803701 172.104619 41.109610 200.262328 206.516343 179.136819 262.606169 381.662154 292.697796 114.017543 95.257546 101.769347 373.241209 235.669260 91.923882 225.621364 258.234390 343.912780 74.330344 155.502412 231.553450 123.975804 103.092192 110.113578 250.567356 251.453773 296.789488 96.046864 141.400141 135.565482 345.231806 282.072686 319.307062 317.668066 241.238471 236.414890 105.574618 159.624560 268.225651 216.674872 143.655839 370.033782 
101.000000 7.000000 5.000000 a 96.772930 262.908729 309.741828 4.123106 25.238859 382.883794 341.774780 130.384048 86.815897 49.091751 180.000000 344.140959 268.411997 361.651766 231.767125 311.852529 116.730459 128.631256 118.928550 144.779142 380.348524 317.770357 188.265770 118.595953 256.758642 384.346198 252.976283 226.753170 112.004464 300.885360 91.268834 182.321145 293.751596 380.269641 121.202310 172.861216 261.961829 125.251746 216.002315 309.536751 303.916107 429.121195 68.425142 90.609050 288.617394 51.865210 263.751777 373.065678 157.800507 340.471732 
143.000000 8.000000 3.000000 a 233.499465 309.854805 209.296440 134.617978 136.242431 357.459089 300.820545 224.750973 224.615227 152.947703 87.664132 323.471792 302.235008 300.361449 317.441333 421.517497 254.521119 15.652476 43.046487 23.537205 453.107051 341.656260 187.416648 108.342051 328.006098 437.658543 199.248588 250.199920 117.388245 248.364651 78.339007 196.468827 341.140733 372.593612 258.992278 44.944410 255.837839 177.451402 346.066468 367.396244 385.914498 435.800413 151.647618 132.382023 228.711609 142.284925 337.235823 341.539163 26.570661 431.601668 
154.000000 5.000000 4.000000 a 212.602916 344.005814 274.548721 114.157786 104.938077 414.797541 360.733974 235.170151 199.123078 152.738338 151.330764 379.230800 341.063044 363.671555 334.982089 426.690755 227.299362 72.339477 92.027170 88.022724 478.752546 384.812942 233.257369 43.174066 352.525176 471.500795 259.788375 291.029208 53.310412 309.685324 108.706026 237.861304 375.825757 425.751101 231.613903 109.444050 306.249898 203.039405 334.053888 398.399297 406.388976 485.707731 102.396289 74.276510 290.986254 146.154028 360.934897 400.031249 64.498062 447.904008 
113.000000 2.000000 4.000000 a 116.619038 235.601358 275.436018 38.052595 58.549125 346.480880 304.474958 114.965212 112.044634 33.241540 147.827602 307.883095 238.403020 324.211351 215.585250 307.390631 141.650980 108.669223 92.590496 122.196563 361.601991 286.665310 151.845316 133.416641 235.987288 360.168016 215.615398 194.077304 130.115333 263.410326 58.728187 147.220922 267.067407 345.392530 146.030819 148.976508 226.214500 94.154129 225.228773 285.702643 287.471738 396.313008 101.138519 115.433964 251.286689 25.942244 243.823707 336.251394 144.499135 327.832274 
245.000000 8.000000 2.000000 a 365.373781 144.506055 420.904977 401.429944 423.161908 243.813453 282.434063 269.824017 383.775976 349.383743 398.528544 232.297223 155.467038 334.755134 175.764046 203.393707 386.172241 438.799499 411.340492 438.015981 57.706152 134.450734 272.882759 507.773572 142.562267 18.248288 321.278695 207.576492 504.892068 311.102877 381.005249 259.538051 113.371072 195.576072 386.462159 447.235956 229.261859 284.290345 307.743400 89.106678 116.558998 158.902486 464.939781 488.058398 327.879551 350.178526 137.200583 259.347258 480.285332 128.062485 
208.000000 2.000000 3.000000 a 187.856328 120.673112 226.417755 162.265215 184.200977 226.267541 194.486503 92.849340 196.540072 115.433964 145.495704 187.216452 116.180893 226.991189 143.349224 262.207933 217.882996 173.738309 146.290806 173.994253 265.363901 161.755989 41.868843 251.097591 143.178211 248.654379 131.590273 68.000000 250.798724 166.976046 116.777566 25.298221 152.200526 220.131779 221.054292 186.601179 104.120123 38.327536 238.096619 178.134780 203.690942 269.818457 227.404925 240.634578 163.783394 108.853112 152.970585 219.063918 215.448370 253.140277 
134.000000 9.000000 2.000000 a 211.851363 201.526673 476.155437 293.960882 309.633655 391.795865 397.091929 180.044439 231.354706 254.326562 390.947567 361.415274 229.819494 444.846041 117.046999 27.202941 218.215490 389.371288 366.005464 398.001256 171.105231 261.812910 288.201319 407.623601 144.972411 222.445499 374.786606 248.268000 399.586036 394.993671 327.038224 267.591106 203.435493 355.382892 216.300717 419.386457 303.644529 238.729973 103.600193 181.176709 114.232220 354.667450 340.484948 373.462180 400.384815 263.077935 138.191896 397.645571 429.270311 98.615415 
122.000000 9.000000 5.000000 a 423.515053 197.739728 456.168828 458.537894 480.392548 260.403533 308.318018 327.612576 441.946829 406.398819 446.060534 257.280003 204.413796 359.001393 233.893138 251.161303 444.112598 490.831947 463.415580 488.979550 102.004902 173.458929 321.735917 563.617778 200.561711 70.936591 360.855927 256.859884 561.110506 344.095917 434.557246 310.098371 165.951800 211.766381 444.342210 496.488671 270.248034 339.437770 362.625151 145.715476 172.525360 157.813181 522.409801 544.940364 362.836051 406.767747 195.358645 278.582124 531.846782 175.045708 
243.000000 9.000000 2.000000 a 207.617437 312.193850 241.350368 107.280007 105.588825 377.224071 323.109888 212.776878 197.030454 134.536240 115.004348 341.790872 307.631273 326.671088 309.932251 407.953429 226.592145 36.221541 54.424259 53.600373 450.618464 350.137116 197.408207 78.006410 324.507319 440.113622 222.245360 256.797586 85.586214 272.209478 75.286121 203.216633 343.918595 388.711976 231.041122 78.721026 269.595994 173.556907 324.390197 367.925264 380.295937 449.369558 117.796435 98.488578 253.712436 125.602548 333.294164 362.397572 47.423623 423.812459 
158.000000 3.000000 3.000000 a 256.400078 288.258564 160.853971 163.685674 170.742496 314.696679 256.070303 225.977875 250.768818 167.547008 41.593269 282.349075 276.725496 252.622248 309.467284 421.010689 280.692002 44.944410 47.434165 26.925824 436.161667 311.602311 159.154013 157.152792 314.097119 414.236647 154.741720 224.269927 165.737745 202.607996 83.570330 172.235304 318.427386 333.402160 285.124534 15.652476 220.658107 169.357610 359.601168 347.311100 374.097581 398.959898 193.494186 178.392825 182.148291 155.241747 323.785423 297.845598 62.393910 422.356485 
266.000000 5.000000 5.000000 a 189.612763 75.610846 342.163704 227.114509 248.195487 265.480696 263.047524 93.380940 207.337888 176.051129 270.185122 231.682973 101.118742 309.347701 19.697716 141.152400 212.776878 287.141080 260.722074 291.295383 157.114608 144.367586 155.756220 337.800237 35.341194 165.945774 239.384628 111.772090 333.438150 258.495648 224.610774 135.517527 93.048375 236.019067 213.677327 307.774268 167.737891 125.283678 164.137138 93.300589 83.671979 254.332460 288.918674 314.111445 264.007576 179.025138 40.607881 268.302069 329.194471 129.634100 
207.000000 4.000000 2.000000 a 75.769387 220.782699 415.740304 168.145770 180.036107 400.524656 383.658702 103.711137 94.810337 141.400141 305.004918 363.407485 242.216845 421.601708 140.911320 162.800491 82.036577 281.257889 262.640439 293.736276 274.606992 289.913780 238.411409 277.504955 180.468834 304.384625 327.611050 230.488611 268.262931 362.800221 224.521714 220.229426 241.051862 377.874318 80.659779 319.156701 286.251638 165.614009 52.469038 237.775104 197.395542 401.976367 206.189233 240.520269 360.322078 153.160047 181.463495 399.171642 316.930592 214.245187 
204.000000 3.000000 1.000000 a 277.735486 30.083218 287.210724 284.880677 307.240948 162.609963 172.185946 169.168555 292.638002 233.555133 257.235301 132.321578 14.866069 223.163617 120.307938 225.304239 304.657184 301.728355 274.404810 299.347624 159.000000 40.049969 132.098448 381.435447 84.811556 123.693169 184.133104 67.119297 380.479960 184.092368 247.491414 120.602653 34.525353 130.387883 306.418015 306.863162 93.263069 158.473973 269.809192 68.883960 129.865315 154.392357 350.616600 368.048910 196.860357 230.824609 91.285267 168.297356 342.404731 179.513231 
219.000000 6.000000 4.000000 a 219.865868 390.493278 335.514530 135.325533 117.273185 474.352190 421.549523 268.302069 202.704218 184.401735 213.396345 438.115282 390.600819 425.603101 369.899986 449.615391 226.715681 134.372616 152.610616 150.003333 517.406030 436.554693 288.461436 23.853721 392.210403 516.236380 321.043611 342.527371 27.294688 371.098370 162.788206 290.690557 422.203742 483.103509 230.555850 170.179317 362.836051 248.068539 343.792088 441.946829 442.091619 540.948242 90.354856 54.589376 352.706677 181.570923 399.861226 460.160841 121.511316 479.688441 
141.000000 2.000000 5.000000 a 364.001374 123.713378 266.371920 355.489803 377.482450 78.549348 116.000000 255.049015 377.259857 307.174218 281.442712 65.030762 100.224747 167.505224 213.527516 310.757140 392.183630 343.208392 317.619269 336.108613 210.297408 56.603887 174.063207 438.749359 176.298043 151.380316 179.245642 127.283149 440.123846 153.733536 299.766576 173.254149 114.856432 37.215588 394.324739 335.912191 101.400197 228.757514 363.446007 140.716026 210.069036 78.771822 420.689910 432.670776 174.040225 301.728355 181.276033 91.760558 379.885509 253.647393 
171.000000 5.000000 4.000000 a 174.774140 132.400906 397.231670 237.592087 256.222560 323.945983 323.148573 110.113578 194.370780 191.637679 314.631531 291.015464 159.505486 369.330475 42.201896 89.358827 191.230228 319.476134 294.742260 326.475114 161.623018 198.708329 209.286884 351.980113 79.120162 192.033851 296.060805 171.207476 345.583564 317.705839 256.400078 188.679623 142.621878 292.030820 190.895259 346.208030 227.668619 163.110392 113.534136 130.552671 83.773504 302.962044 292.617498 322.355394 322.256109 198.275061 76.157731 327.604945 360.546807 108.074049 
262.000000 3.000000 1.000000 a 231.864184 64.288413 242.553087 223.080703 245.326313 180.499307 164.614702 124.338248 244.051224 173.487752 192.924856 142.621878 53.150729 207.894204 122.800651 243.343379 260.848615 233.824721 206.465493 231.872810 214.767316 98.112181 67.052218 314.917450 105.323312 189.404329 138.322088 9.433981 314.542525 155.331903 179.694185 53.000000 93.520051 165.000000 263.336287 240.601330 66.843100 95.519631 252.675681 123.761868 165.096941 208.434642 288.766342 303.713681 160.996894 168.908259 115.121675 178.084250 274.694376 216.815590 
203.000000 6.000000 3.000000 a 49.648766 297.356688 399.459635 94.175368 90.824006 447.790129 414.663719 153.375357 30.870698 112.008928 271.182595 408.770107 310.729786 440.821960 238.947693 283.210169 41.109610 219.020547 210.836429 235.841048 384.724577 361.521784 258.147245 174.645355 273.534276 403.923260 334.252898 280.016071 163.196201 379.473319 181.950543 246.789384 324.607455 437.073220 44.384682 264.092787 325.779066 183.575598 162.692962 331.308014 305.929730 476.173288 97.046381 133.033830 369.908097 123.166554 277.742687 440.964851 243.772435 330.552568 
158.000000 7.000000 4.000000 a 320.731975 70.774289 327.035166 336.013393 358.336434 165.855359 193.829822 214.410821 336.899095 284.200633 308.706981 145.962324 68.622154 246.454864 144.886162 226.927301 346.066468 355.316760 328.030486 352.614520 125.574679 41.109610 184.715998 434.632028 104.809351 75.802375 227.299362 120.420098 433.401661 218.082553 301.227489 174.140748 43.289722 122.429572 347.381635 359.339672 135.366170 210.874370 295.609540 56.080300 125.207827 120.303782 401.529575 420.192813 234.213578 282.294173 106.512910 177.589414 395.824456 166.508258 
182.000000 2.000000 4.000000 a 318.441517 66.910388 310.177369 328.732414 351.091156 151.400132 177.200451 210.774761 333.995509 277.308492 294.336542 129.865315 58.249464 229.804265 148.707767 237.861304 344.569296 342.986880 315.825901 339.689564 142.172431 24.083189 171.400117 425.000000 109.201648 92.541882 210.857772 108.208133 424.199246 201.062179 290.193039 162.003086 45.607017 109.786156 346.092473 345.579224 119.104996 202.370947 300.041664 67.208630 136.693087 116.520384 394.446448 411.946598 217.278623 274.707117 112.361025 162.246726 383.109645 180.235956 
232.000000 5.000000 2.000000 a 337.415175 97.000000 364.496914 361.702917 383.860652 194.550765 228.280529 234.797785 354.644893 309.535135 344.804292 179.011173 102.396289 280.845153 152.453272 214.238185 360.998615 388.803292 361.400055 386.906966 93.941471 78.102497 219.913619 463.893307 113.564959 38.209946 264.954713 154.870914 461.966449 255.001961 333.016516 208.021633 65.299311 148.003378 361.889486 394.680884 173.002890 239.420133 298.377278 55.578773 114.162165 127.769323 426.600516 447.200179 271.532687 308.804145 111.879399 208.355465 429.773196 146.400137 
204.000000 1.000000 1.000000 a 310.522141 175.328264 126.099167 261.961829 280.862956 137.742513 83.024093 218.826415 316.622804 226.920691 135.679770 105.603030 150.850920 102.318131 243.772435 364.588809 340.559833 207.992788 186.400107 196.824795 320.056245 162.594588 84.599054 316.303652 225.162164 278.188785 26.419690 113.463651 320.851991 41.146081 182.463695 102.303470 195.368882 158.417171 344.047962 190.541334 68.007353 161.136588 362.082863 229.630137 282.800283 226.909674 320.039060 321.498056 39.962482 216.584856 234.644412 121.840059 238.947693 334.463750 
171.000000 8.000000 2.000000 a 149.241415 208.626460 236.135554 81.614950 101.000000 304.637489 261.155126 112.160599 148.677503 56.586217 113.718952 266.332499 207.251055 280.492424 204.919496 308.933650 176.980225 98.152942 74.000000 106.004717 344.576552 253.254812 110.634533 159.615162 218.442212 335.931541 171.991279 159.326708 159.326708 219.672483 35.128336 108.853112 240.453738 305.929730 181.157390 128.565159 185.784822 67.675697 243.846263 262.855474 274.563290 359.762422 142.021125 150.632002 207.692080 43.840620 227.237761 293.751596 139.488351 319.075226 
190.000000 6.000000 4.000000 a 329.317476 102.927159 385.332324 361.233996 383.105730 221.840032 253.450192 230.783448 347.263589 309.090602 357.850527 204.924376 115.108644 306.080055 140.730238 189.781453 351.404326 397.216566 369.758029 396.547601 66.708320 100.841460 232.019396 466.692618 104.651804 26.400758 284.042250 166.769302 464.000000 277.461709 339.400943 218.256730 72.006944 175.641681 351.973010 406.073885 192.044266 242.909448 281.087175 48.414874 92.227978 153.941547 425.202305 447.639364 293.000000 309.510904 100.657836 235.170151 438.736823 119.816526 
263.000000 2.000000 4.000000 a 331.412130 159.731024 155.540991 293.042659 313.039934 96.566040 50.960769 232.131428 339.599764 253.568531 178.058979 63.007936 132.400906 89.827613 238.824203 356.585193 361.448475 248.863416 226.241022 238.415604 295.584167 132.003788 105.721332 355.080273 214.084096 248.163253 67.941151 108.903627 358.954036 45.177428 218.689277 118.270876 173.922396 115.974135 364.621722 232.997854 52.009614 181.320159 369.423876 208.096132 267.615396 185.067555 353.684888 357.733141 62.169124 244.386988 222.827287 82.565126 280.944834 318.352006 
226.000000 4.000000 3.000000 a 320.632188 160.003125 459.573716 376.203402 396.369777 311.826875 339.095857 242.495361 340.195532 326.475114 412.237795 292.426059 182.792232 391.515006 140.911320 122.016392 336.466937 437.687103 410.818695 440.546252 29.546573 185.520888 288.513431 488.713618 125.542821 94.201911 355.562934 227.220158 483.707556 356.931366 375.800479 270.933571 138.600144 266.257394 335.871999 454.802155 266.180390 276.007246 240.684441 104.235311 68.796802 241.580214 435.083900 462.750473 369.962160 330.408838 116.107709 324.237567 479.838515 46.529560 
292.000000 1.000000 4.000000 a 402.504658 274.521402 65.000000 338.600059 354.189215 162.963186 103.077641 318.968650 405.842334 313.249102 172.652831 153.394915 247.987903 62.008064 347.432008 467.795896 432.056709 251.286689 238.581223 235.019148 411.847059 247.072864 184.588732 365.308089 326.955654 362.310640 94.847246 216.480946 372.907495 71.840100 250.193925 203.960781 290.318790 205.080472 435.872688 216.748702 164.805946 257.738239 464.122829 324.548918 382.687862 274.521402 388.063139 381.136459 64.070274 301.478026 336.154726 141.947173 268.361696 433.866339 
199.000000 2.000000 1.000000 a 462.066013 328.476788 97.005155 395.379564 410.030487 190.163088 141.421356 379.138497 464.944083 372.155881 223.861564 191.846293 301.086366 89.274856 404.813537 524.307162 491.495676 300.532860 290.836724 283.282544 459.861936 293.972788 244.658946 413.672576 382.393776 406.452949 155.051604 273.585453 422.190715 126.909417 306.026143 263.865496 341.584543 237.303603 495.358456 261.925562 219.604189 317.921374 524.103997 375.362491 436.331296 302.517768 442.162866 432.781700 123.328829 360.199944 391.311896 170.423003 312.270716 486.893212 
224.000000 9.000000 5.000000 a 427.931069 192.200416 436.323275 456.737342 478.841310 235.257306 285.580111 328.319966 445.839657 404.544188 433.232039 234.676373 194.917931 335.431066 239.135945 269.031597 449.911102 481.684544 454.402905 478.812072 120.220631 158.518138 310.628395 559.071552 203.177263 73.375745 343.547668 246.756965 557.218987 323.805497 427.242320 300.507903 160.561515 187.010695 450.422024 484.814397 254.483791 334.619187 374.711889 145.825238 183.447540 130.080744 521.428806 542.409439 343.281226 404.004950 199.251098 254.007874 522.115888 193.041446 
167.000000 4.000000 4.000000 a 402.244950 150.880748 349.124620 411.588387 433.941240 144.346805 195.473783 294.923719 418.025119 360.568995 359.538593 144.931018 140.630722 244.663034 226.221131 295.296461 427.964952 416.185055 389.651126 410.829648 164.793811 91.923882 243.836010 504.504708 186.131674 99.005050 261.375209 185.841330 504.453169 236.541751 367.404409 238.212090 125.483067 96.005208 429.355331 413.164616 177.730133 284.429253 375.825757 132.018938 195.225511 48.795492 477.378257 493.617261 257.029181 357.404533 186.775266 163.003067 454.674609 225.887140 
254.000000 5.000000 3.000000 a 451.948006 247.517676 202.410474 414.532267 434.139379 59.682493 72.027772 349.368001 460.887188 375.616826 281.513765 87.800911 219.592805 76.694198 336.621449 444.119353 481.867202 358.468967 338.907067 345.324485 347.966952 190.536086 227.705951 469.396421 303.863456 286.775173 170.425937 218.277347 474.494468 120.540450 336.856052 239.175668 247.814447 106.775465 484.883491 333.803835 163.272778 302.512810 479.037577 277.064974 345.463457 161.111762 474.037973 475.857121 140.406553 366.415065 310.601030 51.224994 384.864911 391.005115 
102.000000 1.000000 5.000000 a 229.211693 401.031171 341.597717 145.773797 127.475488 483.517321 430.261548 278.878110 211.811237 195.000000 221.000000 447.448321 401.011222 433.503172 380.479960 459.705340 235.331681 142.144293 161.297861 157.257750 528.024621 446.838897 298.357169 34.205263 402.839919 526.832991 329.520864 352.800227 37.735925 379.485178 172.652831 300.832179 432.750505 492.757547 239.108762 176.408617 372.581535 258.605878 353.058069 452.557179 452.674276 550.921047 99.141313 63.788714 360.855927 192.200416 410.487515 469.144967 126.751726 490.163238 
198.000000 1.000000 5.000000 a 405.380069 193.847879 205.854317 375.341178 395.854771 16.124515 48.104054 300.566132 415.438323 333.337667 259.422435 34.885527 166.027106 88.294960 283.210169 390.415164 435.056318 332.580817 310.541463 321.361168 297.699513 137.411790 186.010752 439.691938 250.137962 238.449156 146.372812 167.967259 443.600045 102.176318 303.199604 194.743421 194.262709 62.008064 437.878979 313.823199 115.741090 257.751819 426.896943 224.020088 292.063349 128.316016 437.120121 442.115370 124.739729 325.038459 256.844311 5.099020 363.137715 338.178947 
263.000000 4.000000 1.000000 a 137.528179 297.270920 504.980198 237.928561 243.823707 483.736499 470.851357 193.331322 149.626201 223.161377 391.189213 447.662820 321.512053 510.240140 209.344214 175.308300 122.200655 359.684584 343.902602 373.804762 316.180328 366.083324 328.032011 335.120874 249.070271 359.200501 417.387110 316.291005 324.006173 451.970132 307.247457 309.593282 312.488400 457.351069 118.105885 400.484706 373.026809 255.344865 58.051701 301.920519 247.244818 473.820641 258.017441 294.015306 449.947775 235.688354 247.256951 483.901850 391.890291 245.943083 
162.000000 7.000000 1.000000 a 134.406101 221.000000 453.583509 226.072997 238.723690 410.299890 402.412723 139.118654 153.013071 195.028203 351.240658 375.410442 246.440662 444.875263 131.552271 110.535062 136.528385 334.902971 314.582263 346.238357 240.401747 289.115894 269.091063 336.364386 170.765922 280.577975 359.200501 247.242796 327.189548 388.908730 275.746260 249.288989 234.350165 381.461663 134.238594 370.519905 304.699852 203.592731 22.561028 222.766694 168.857928 395.248023 265.005660 299.446155 389.566426 205.912603 168.466614 411.946598 372.055103 172.930622 
260.000000 2.000000 4.000000 a 355.035210 261.093853 39.458839 285.029823 299.536308 193.847879 129.957685 280.044639 356.707163 263.797271 114.982607 173.280120 237.474209 107.782188 323.037150 444.527839 384.011719 193.372697 181.408379 177.025422 407.030711 248.477363 150.296374 307.366231 308.519043 364.544922 65.115282 196.540072 315.074594 78.771822 195.542834 170.844959 282.214457 228.109623 388.001289 159.022011 155.012903 216.390850 426.616924 316.404804 367.535032 298.800937 332.001506 323.878063 57.384667 251.557151 318.251473 173.565550 210.736803 419.318495 
203.000000 4.000000 2.000000 a 302.476445 186.868938 113.951744 248.298208 266.443240 158.420327 101.651365 215.761442 307.379245 216.178167 114.738834 126.822711 164.000000 113.564959 249.617708 371.021563 332.356736 188.162164 167.370846 176.476627 334.149667 180.080538 81.394103 297.704552 234.047004 294.762616 9.486833 122.024588 302.671439 53.150729 166.003012 101.044545 209.038274 179.655225 336.001488 169.499263 83.743656 155.206314 360.959832 243.002058 293.018771 247.975805 304.593171 304.474958 42.059482 205.243758 243.758077 141.947173 218.256730 344.804292 
168.000000 3.000000 3.000000 a 286.111866 416.076916 296.521500 190.378570 178.280678 467.004283 408.589036 312.712328 271.046122 230.531993 194.115945 433.907824 410.745663 402.677290 411.962377 504.401626 297.672639 125.606528 152.108514 133.146536 554.285125 451.886048 297.934557 85.906926 428.077096 544.045035 307.275121 359.346629 98.234414 354.926753 179.201004 305.551960 447.755514 483.706523 301.802916 140.577381 367.228812 277.411247 409.101454 471.968219 483.011387 547.200146 163.771182 128.549601 334.073345 223.787846 436.726459 450.352084 90.354856 525.244705 
123.000000 1.000000 2.000000 a 406.355755 162.828130 398.246155 428.664204 450.924606 199.007538 247.891105 303.400725 423.590604 376.629792 397.175024 196.918765 162.052461 298.107363 220.435932 267.327514 429.802280 447.698559 420.556774 444.181269 124.422667 122.319254 275.811530 528.341745 182.167505 62.817195 305.851271 212.934262 527.034154 285.727143 394.656813 266.737699 132.098448 150.402793 430.639060 449.298342 217.412051 304.401051 363.088144 123.939501 173.565550 98.838252 493.916997 513.429645 305.221231 375.257245 179.847157 217.278623 487.693551 193.258894 
190.000000 9.000000 5.000000 a 351.980113 135.594985 417.809765 389.566426 411.195817 246.789384 282.639346 257.419890 370.475370 337.616647 391.260783 233.105126 148.627050 335.167122 162.360710 190.044732 372.533220 429.628910 402.180308 429.308747 47.010637 132.034087 265.384627 496.678971 130.000000 19.416488 317.067816 200.179919 493.578768 309.058247 371.194019 251.348364 105.190304 199.123078 372.780096 439.222040 225.008889 273.775455 293.601771 78.409183 102.420701 166.883193 452.765944 476.324469 325.153810 338.710791 124.257797 261.520554 471.281232 115.134704 
169.000000 8.000000 2.000000 a 397.826595 286.457676 39.962482 328.892080 343.351132 186.935818 125.590605 319.476134 399.944996 307.039085 157.496032 174.888536 260.863949 87.321246 355.168974 476.299276 426.985948 234.923392 224.350173 218.013761 427.375713 264.047344 186.818093 348.565632 337.146852 380.011842 97.097889 225.441788 356.723983 87.022985 239.384628 206.939605 304.304124 227.705951 430.930389 198.000000 177.124250 256.688527 465.671558 338.662073 394.362777 297.674319 375.474367 366.547405 73.246160 294.898288 346.594864 165.918655 249.162598 445.896849 
203.000000 8.000000 5.000000 a 283.134244 354.295075 205.548048 183.109257 181.573677 381.494430 321.309819 276.322276 273.058602 204.792578 109.480592 350.258476 344.292027 312.464398 367.447955 473.144798 302.694566 66.272166 91.443972 61.098281 500.156975 380.468133 227.178344 128.160056 376.091744 481.269155 221.117616 291.830430 140.089257 267.016853 129.259429 238.907932 385.019480 401.991293 307.148173 54.561891 289.968964 226.808289 397.553770 412.782025 434.885042 468.052347 188.986772 162.788206 245.540221 194.257561 385.519131 363.939555 28.792360 481.453009 
293.000000 9.000000 5.000000 a 290.826409 330.925974 165.193826 193.793705 196.814634 344.245552 283.148371 268.315113 283.241946 205.360658 76.609399 314.229216 318.421105 272.472017 353.141615 464.026939 313.249102 68.095521 84.172442 53.141321 479.407968 351.404326 200.800896 160.461833 357.740129 456.163348 184.200977 266.101484 171.330091 228.615398 122.983739 214.853438 360.756150 366.895080 317.718429 29.017236 258.311827 212.849712 398.743025 390.151253 417.808569 434.165867 211.945748 190.286626 206.787330 193.569109 367.447955 326.197793 53.851648 466.092266 
148.000000 1.000000 5.000000 a 414.695069 166.973052 307.455688 410.545978 432.629171 92.439169 149.602807 305.655034 428.777331 361.636558 334.790980 102.000000 148.054044 195.532606 252.723169 336.667492 442.191135 398.393022 373.037532 390.824769 215.870331 98.127468 229.941297 494.647349 213.321354 150.801194 228.809965 181.730570 496.018145 196.491730 355.647297 229.002183 149.723078 47.539457 444.091207 389.566426 156.706732 283.381368 404.064351 166.811271 234.955315 24.083189 475.925414 488.394308 218.323155 356.602019 216.300717 112.449989 434.497411 271.591605 
175.000000 6.000000 5.000000 a 110.063618 161.474456 287.841971 105.422958 127.412715 302.034766 272.281105 37.215588 119.364986 53.263496 180.013888 263.077935 169.499263 303.659349 135.118467 234.036322 140.089257 172.838075 149.013422 181.002762 281.016014 219.920440 117.630778 213.827033 155.794737 282.214457 203.214173 134.238594 209.780838 242.942380 110.113578 103.092192 191.908833 291.290233 143.279447 202.800394 180.346888 40.706265 175.823775 207.422275 206.828431 333.541602 170.038231 191.919254 237.413142 55.000000 163.376865 295.967904 213.564978 248.169297 
258.000000 6.000000 5.000000 a 133.899216 152.410630 263.643699 114.494541 136.853937 280.713377 248.760929 54.405882 141.890803 63.890531 159.624560 241.671264 156.540730 279.112880 141.039002 248.008064 163.981706 161.300961 135.793962 167.323041 281.859894 205.936884 93.230896 215.678001 155.618122 277.218326 178.216161 116.297033 213.103261 218.256730 98.234414 79.831072 183.831445 272.442655 167.314076 187.010695 158.619040 16.492423 198.768710 203.000000 210.791366 318.001572 180.272017 198.338095 212.461761 60.415230 164.124952 273.791892 203.039405 255.211677 
247.000000 3.000000 3.000000 a 144.806768 133.809566 263.761256 132.834483 155.193428 266.807046 237.857100 51.400389 154.573607 81.706793 167.194498 227.853023 138.293167 270.795126 126.372465 237.356272 174.722637 175.863583 149.646250 180.623919 264.622372 187.968082 85.146932 234.053413 138.423264 258.804946 173.484870 99.724621 231.613903 210.622886 113.296072 68.942005 165.239221 256.563832 177.775139 198.728458 145.168867 15.033296 198.002525 184.718705 194.794764 300.567796 198.564851 216.933169 206.634944 78.892332 147.176764 260.837114 217.882996 240.401747 
288.000000 6.000000 2.000000 a 57.982756 211.966979 327.519465 72.235725 90.210864 357.917588 326.528712 69.462220 64.031242 39.000000 207.761883 318.926324 222.912539 355.461672 167.597733 243.813453 87.709749 178.317133 160.365208 191.086368 316.812247 273.658546 170.449406 186.724396 196.458647 326.498086 251.563113 190.094713 179.788765 294.260089 123.065023 157.708592 240.950202 347.174308 91.416629 217.006912 236.044487 94.366308 155.364089 252.103153 239.152671 387.930406 128.082005 156.425701 286.714143 51.429563 202.425295 351.489687 214.238185 273.481261 
114.000000 4.000000 4.000000 a 252.833938 418.001196 341.118748 167.263266 149.856598 492.668245 437.748786 299.282475 235.594991 215.230109 225.534920 457.341229 416.760123 438.180328 400.771755 482.255119 259.306768 148.081059 169.923512 161.409417 547.602958 461.601560 311.117341 53.000000 421.982227 544.562209 336.400059 367.604407 59.808026 385.914498 185.827877 314.917450 449.799956 504.012897 263.096940 177.406313 384.439852 275.771645 376.745272 470.613429 472.902738 563.717128 123.044707 87.475711 366.521486 211.603403 429.847647 477.598157 126.035709 511.285634 
112.000000 4.000000 4.000000 a 402.274782 163.049072 408.805577 428.248759 450.418694 212.983567 260.276776 301.014950 419.863073 376.090415 403.368318 209.239098 165.012121 311.001608 214.704448 255.440795 425.017647 451.716725 424.445521 448.812879 110.494344 128.825463 280.631431 529.744278 177.451402 52.038447 314.745929 216.778689 528.050187 296.529931 397.456916 270.542048 131.605471 164.222410 425.699424 454.854922 225.108863 305.368630 354.622334 119.402680 164.003049 114.529472 493.173397 513.626323 315.559820 375.254580 174.324410 230.867928 492.122952 180.646063 
139.000000 2.000000 1.000000 a 126.289350 216.760236 445.466048 217.221086 230.054341 405.211056 396.214588 130.736376 145.096520 185.973116 342.467517 369.995946 241.754007 438.200867 128.062485 115.965512 129.529919 325.849659 305.555232 337.201720 241.960741 285.240250 261.457454 327.781940 167.693172 280.303407 351.592093 241.008299 318.692642 381.879562 266.732075 241.770552 231.157955 377.153815 127.412715 361.514868 298.402413 195.233194 23.345235 220.818930 169.011834 392.429612 256.783956 291.084180 382.214599 196.860357 165.894545 406.480012 363.005510 175.764046 
234.000000 5.000000 2.000000 a 409.882910 158.619040 355.135186 419.623641 441.977375 148.030402 200.631503 302.696217 425.734659 368.582420 367.081735 150.372870 148.647233 249.256896 233.077240 300.041664 435.500861 424.053063 397.548739 418.616770 167.260276 99.984999 251.747890 512.550485 193.023315 101.533246 268.287160 193.891722 512.509512 242.637590 375.410442 246.223476 132.849539 100.179838 436.862679 420.792110 185.270073 292.480769 382.314007 138.311243 200.489401 47.201695 485.412196 501.678184 263.319198 365.443566 193.437328 167.107750 462.467296 229.839074 
236.000000 6.000000 2.000000 a 322.820383 76.400262 281.186771 323.482612 345.775939 123.166554 146.164291 213.845739 337.148335 273.247141 273.221522 99.282425 56.080300 198.761163 165.462987 263.351476 350.205654 326.710881 299.976666 322.013975 173.219514 8.485281 154.175225 414.401979 127.941393 122.016392 183.806964 95.880134 414.512967 171.026314 277.200289 148.003378 66.843100 85.586214 352.090897 325.829710 93.520051 195.923454 315.912963 95.000000 163.526756 109.658561 389.235147 404.296921 187.962762 269.258240 132.924791 132.574507 365.771787 209.153054 
129.000000 8.000000 3.000000 a 417.200192 304.401051 47.381431 347.056191 361.092786 195.358645 136.341483 339.324329 419.087103 326.173267 173.761331 186.761880 278.431320 92.590496 374.327397 495.327165 446.279061 250.081987 240.800748 232.800344 443.806264 279.580042 206.603485 363.185903 355.688066 395.126562 116.764721 244.233495 371.712254 103.097042 257.303323 226.684803 321.435841 238.209991 450.245489 211.532503 194.794764 276.501356 485.518280 355.755534 412.456058 307.375991 392.439804 382.498366 91.416629 313.963374 365.067117 174.393234 262.068693 463.881450 
256.000000 6.000000 3.000000 a 174.040225 288.586209 254.096438 74.094534 75.432089 369.509134 318.943569 181.220860 164.158460 101.118742 123.081274 332.701067 286.457676 328.001524 280.016071 375.197281 193.940713 54.451814 56.044625 72.346389 423.057916 331.217451 182.024724 82.764727 296.816442 415.895420 220.445004 237.200337 85.440037 270.667693 56.364883 184.715998 320.413795 376.852756 198.406149 100.498756 256.478069 147.271857 290.258505 342.654345 351.126758 434.559547 96.607453 87.206651 254.017716 92.892411 305.286750 356.102513 80.361682 393.395475 
214.000000 4.000000 5.000000 a 124.779806 126.751726 321.908372 156.083311 176.867182 295.711008 277.713882 22.022716 140.684043 105.948101 227.299362 258.104630 143.003496 316.602274 79.630396 179.044687 151.330764 228.694119 203.982842 235.766834 227.969296 193.165732 137.000000 268.197688 106.018866 236.171548 227.138724 124.787820 263.210942 258.799150 165.604952 117.456375 153.443801 276.061587 153.117602 256.000000 180.247053 75.186435 142.835570 162.012345 151.822265 307.717403 217.340746 242.991769 258.118190 110.476242 112.160599 293.586444 269.862928 191.509791 
245.000000 7.000000 4.000000 a 384.533484 200.643963 155.913438 343.770272 363.232708 66.400301 4.123106 284.887697 392.581202 305.805494 213.927558 55.009090 172.284648 48.507731 285.070167 399.606056 414.575687 289.456387 269.007435 277.073997 323.484157 157.800507 158.382449 399.301891 256.811215 269.141227 101.192885 158.404545 404.108896 53.338541 265.911639 171.405951 208.856410 105.650367 417.757106 267.507009 101.019800 234.386433 420.354612 241.660919 305.996732 175.482193 403.019851 404.980246 75.451971 296.285335 264.824470 46.010868 317.770357 355.105618 
284.000000 7.000000 1.000000 a 193.186438 59.033889 311.801219 216.640255 238.480607 241.495342 235.104232 87.726849 209.353768 164.541788 242.997942 206.312869 79.555012 280.371183 50.159745 171.592541 218.929212 265.001887 238.075618 267.845104 173.404152 127.475488 125.936492 323.711291 47.423623 171.026314 208.923431 82.006097 320.382584 228.569464 203.494472 105.929222 84.770278 215.520301 220.422322 282.809123 138.708327 103.768974 186.045693 96.213305 106.512910 241.008299 280.631431 303.199604 233.692105 165.462987 56.648036 242.853866 307.156312 155.630974 
204.000000 2.000000 4.000000 a 365.000000 134.970367 241.598841 349.292141 370.951479 57.982756 90.000000 256.877403 377.190933 302.654919 263.503321 39.051248 108.687626 141.598023 225.375243 328.173734 393.837530 328.420462 303.555596 320.263954 234.164472 73.756356 163.272778 427.463449 190.065778 176.589920 157.800507 125.015999 429.540452 129.096863 288.360885 165.423698 131.529464 32.756679 396.232255 318.347295 88.238314 224.396970 373.048254 160.240444 228.790297 95.482983 413.772885 423.745206 149.966663 296.249895 196.022958 68.000000 363.803518 274.235300 
161.000000 5.000000 1.000000 a 312.694739 344.746284 156.348969 215.745220 218.600091 346.711696 284.459136 288.001736 305.188466 226.753170 87.846457 318.399121 330.904820 269.742470 370.751939 483.037266 335.196957 90.049986 105.361283 74.846510 494.143704 361.708446 213.740497 178.443268 373.807437 468.684329 188.138247 278.926514 189.789357 229.828197 143.836713 228.962879 373.995989 371.938167 339.666012 49.030603 267.097361 231.138487 419.935709 404.163333 434.246474 440.265829 232.819673 210.059515 207.511445 214.841802 383.603962 328.001524 72.401657 483.098334 
100.000000 4.000000 1.000000 a 367.103528 115.572488 325.751439 375.341178 397.694606 135.977939 178.011236 259.341474 382.623836 324.326995 327.404948 127.062977 104.388697 229.490741 194.612435 273.031134 393.192065 381.879562 355.147857 377.079567 155.038705 56.035703 209.346603 468.735533 154.573607 92.195445 233.334524 150.083310 468.539219 213.377600 332.054212 202.871881 92.086915 87.846457 394.689752 380.443163 146.184815 248.213618 345.428719 104.177733 171.432202 70.604532 441.130366 457.475682 232.606965 321.160396 156.310588 151.855194 420.862210 207.935086 
134.000000 9.000000 4.000000 a 448.017857 211.782908 449.721025 476.629835 498.754449 244.100389 296.905709 348.414982 465.946349 424.444343 450.454215 246.333108 213.663287 345.775939 259.131241 286.008741 469.920206 500.136981 472.911197 496.954726 136.718689 175.570499 328.635056 578.556825 223.289050 93.300589 358.733885 265.198039 576.813661 337.083076 446.211833 319.001567 180.235956 196.651977 470.409396 502.436066 270.712024 354.153921 393.720713 165.945774 202.543822 135.203550 541.388031 562.200142 357.044815 423.803020 219.312562 263.486243 540.370243 209.861859 
117.000000 2.000000 5.000000 a 183.182969 254.636997 504.088286 278.258872 289.772324 446.256653 443.969594 191.313878 200.584147 248.815192 404.491038 413.206970 281.822639 488.623577 164.502280 95.126232 180.013888 388.768569 368.517299 400.169964 242.206523 319.882791 317.844302 386.683333 200.084982 292.104433 407.570853 289.913780 377.001326 434.521576 329.674081 297.634003 262.528094 413.574661 176.977400 424.436096 347.224711 255.485812 59.228372 244.789706 181.603965 419.356650 313.383152 348.518292 436.688676 259.794149 195.432853 449.814406 425.699424 169.664375 
125.000000 1.000000 5.000000 a 404.249923 310.654149 21.189620 329.317476 342.125708 218.240693 156.732256 332.404874 404.850590 312.193850 152.712148 205.645326 285.954542 118.004237 375.293219 496.758493 432.782855 226.550215 219.492597 208.830074 454.059467 292.138666 203.118192 338.540987 359.610901 408.354013 116.378692 247.523736 347.539926 115.624392 239.267633 223.651515 330.080293 258.785626 436.867257 186.118242 202.427765 268.471600 479.009394 364.428319 417.940187 328.867755 371.576372 359.762422 99.080775 299.701518 369.242468 197.223224 235.766834 469.659451 
275.000000 6.000000 3.000000 a 132.242202 296.438864 305.314592 36.769553 24.738634 402.125602 356.315871 169.401889 118.869677 85.796270 173.726797 364.032966 299.446155 370.751939 271.007380 352.682577 147.461859 108.300508 107.354553 126.253713 418.936749 347.541364 208.597699 77.820306 294.322952 420.220180 261.843465 254.578082 71.847060 311.411304 92.655275 206.189233 327.800244 403.841553 151.832144 154.382642 283.769272 155.206314 254.385534 345.557521 343.208392 456.464676 46.529560 54.378304 296.730517 84.386018 301.705154 390.600819 128.996124 380.728250 
295.000000 9.000000 3.000000 a 150.296374 249.617708 249.435362 59.405387 72.449983 341.247711 294.435052 142.442971 144.267113 66.272166 119.037809 303.488056 248.646335 308.988673 240.337263 337.843159 174.183811 74.215901 59.076222 87.846457 383.099204 294.550505 149.271565 118.224363 256.859884 376.563408 200.002500 200.561711 118.207445 249.451398 31.622777 149.375366 281.432052 345.028984 178.616908 114.947814 224.521714 107.712581 259.478323 303.065999 311.276405 400.281151 108.295891 111.570605 235.053185 56.035703 265.324330 329.229403 111.018017 353.939260 
175.000000 5.000000 3.000000 a 312.129781 72.006944 266.176633 309.110013 331.344232 120.739389 136.308474 203.061567 325.884949 259.383885 256.019531 92.417531 47.296934 188.557683 162.413054 265.905998 340.005882 309.793480 283.128946 304.947536 184.545387 20.396078 137.295302 398.453259 126.826653 136.528385 167.609666 80.529498 398.779388 157.155973 260.860116 131.745968 70.000000 88.865066 342.052628 308.637328 76.694198 181.554400 311.237851 101.533246 168.002976 122.527548 374.774599 389.101529 173.233946 254.943131 132.909744 127.561750 348.724820 215.585250 
287.000000 6.000000 4.000000 a 262.291822 20.615528 283.196045 269.252669 291.611042 171.965113 176.232801 153.583853 277.050537 217.848571 246.617112 139.603009 7.810250 226.035395 109.836242 219.617850 289.389012 288.600069 261.204900 286.790865 164.684547 55.081757 120.830460 366.541948 77.155687 134.647688 179.178682 55.542776 365.410728 183.412104 233.413796 107.912001 40.024992 142.621878 291.207830 295.237193 90.708324 143.122325 257.559702 73.109507 127.769323 169.755707 334.965670 352.661311 194.586742 215.244048 84.811556 176.051129 329.577002 178.675684 
256.000000 5.000000 1.000000 a 146.013698 299.205615 511.316927 246.446749 252.578701 486.642579 474.852609 198.728458 158.398232 230.835439 398.418122 450.848090 323.857994 514.801904 210.582525 171.128607 131.137333 367.821968 351.774075 381.811472 313.694119 367.789342 333.318166 344.093011 250.059993 358.012570 422.887692 320.028124 333.001501 456.846801 314.930151 314.671257 313.600064 459.504081 127.062977 408.384623 376.968168 261.268062 59.464275 302.076149 246.008130 474.653558 267.029961 303.026401 455.197759 243.304336 247.891105 487.176559 400.289895 242.853866 
115.000000 9.000000 4.000000 a 319.920303 70.349129 292.646544 324.507319 346.850112 134.825814 158.808060 211.286535 334.755134 273.715180 281.016014 111.825757 54.120237 211.400095 157.486507 252.400475 346.831371 332.415403 305.473403 328.324535 160.589539 6.324555 160.031247 417.737956 119.100798 110.163515 194.280725 99.201814 417.464969 183.002732 281.439159 152.397507 56.603887 95.441081 348.574239 333.054050 103.121288 197.225759 308.520664 83.096330 152.042757 112.218537 390.302447 406.388976 199.564526 270.296134 123.470644 144.803315 371.963708 197.040605 
170.000000 5.000000 4.000000 a 220.029543 149.000000 181.835090 175.000000 195.256242 210.152326 168.077363 134.714513 225.807440 136.565003 108.240473 172.002907 136.693087 193.132079 186.118242 306.111091 250.012000 152.741612 126.063476 148.677503 298.638578 174.040225 19.798990 246.058936 181.397354 274.186068 90.603532 84.219950 248.090709 131.848398 106.929884 33.541020 178.600112 213.740497 253.570503 155.708060 93.230896 72.470684 281.113856 208.405854 242.464430 271.825312 236.545979 243.298171 124.867930 126.751726 191.376592 199.303788 192.200416 293.061427 
235.000000 1.000000 1.000000 a 117.085439 279.694476 482.827091 217.497126 224.287762 464.562159 450.355415 171.703232 130.311166 201.295802 369.066390 428.141332 303.263911 489.172771 193.189027 171.540083 104.172933 338.378486 322.232835 352.302427 307.293020 348.769265 306.414752 317.025236 233.205918 347.298143 395.607128 296.177312 306.197649 430.639060 285.390960 288.140591 296.249895 439.259604 100.319490 378.846935 352.638625 233.362379 44.553339 287.445647 235.790161 457.856965 240.532742 276.463379 428.329313 213.775583 232.045254 464.249933 371.102412 238.799079 
237.000000 2.000000 2.000000 a 240.565999 218.220072 144.170038 167.547008 182.789496 248.308276 193.785964 180.867355 240.669898 148.165448 39.051248 213.784939 204.831638 201.039797 250.097981 367.283269 268.776859 97.082439 75.186435 87.658428 367.853232 238.430283 87.321246 205.543183 249.194703 342.614944 93.648278 152.610616 210.736803 143.892321 78.847955 102.615788 247.541916 262.937255 272.904745 88.600226 147.827602 117.341382 324.826107 277.650860 310.096759 327.035166 217.524711 214.021027 127.000000 135.591298 259.110015 233.085821 131.209756 360.013889 
107.000000 9.000000 3.000000 a 325.055380 140.730238 437.330539 373.289432 394.138301 283.241946 312.473999 239.269722 344.245552 322.397270 396.608119 265.000000 161.049682 365.034245 138.657852 144.256716 343.080166 426.755199 399.572271 428.463534 10.816654 158.808060 271.488490 484.050617 115.433964 64.899923 334.001497 208.319466 479.784327 332.628922 365.890694 254.960781 116.000000 237.227739 342.864405 441.208567 243.347488 266.326867 254.921557 82.152298 68.796802 211.945748 434.165867 460.247759 346.574667 325.219926 107.074740 296.141858 468.859254 68.447060 
186.000000 5.000000 5.000000 a 94.667840 321.462284 378.841656 73.006849 57.706152 454.186085 414.566038 179.412932 75.179785 113.863954 247.582310 415.270996 330.796010 434.793054 274.614275 331.567489 94.366308 184.783657 182.496575 202.726417 423.161908 381.215162 260.017307 123.166554 305.712283 436.124982 326.049076 293.393933 111.157546 374.049462 161.384634 252.507426 350.823317 449.161441 97.862148 230.867928 332.543230 192.200416 215.058132 361.933696 344.595415 494.540190 45.354162 80.752709 361.653149 121.066098 311.191260 445.040448 203.002463 373.737876 
290.000000 3.000000 3.000000 a 328.811496 276.523055 60.166436 249.353163 261.375209 240.482848 177.138364 267.447191 327.867351 236.173665 71.554175 215.520301 256.400078 160.224842 325.950917 446.286903 356.519284 145.910932 138.159328 128.565159 426.381285 276.394645 151.327460 258.984556 317.762490 390.243514 89.470666 209.153054 267.478971 123.044707 159.505486 171.303824 301.532751 270.223981 360.724271 108.004630 179.688620 203.036942 412.815940 334.731235 378.477212 340.260195 290.244724 278.729259 100.419122 223.450218 327.739226 220.984162 159.314155 429.912782 
136.000000 6.000000 5.000000 a 456.004386 263.058929 182.002747 412.800194 431.675804 82.540899 73.925638 356.130594 463.881450 376.384112 270.852358 103.711137 234.759451 59.236813 350.703579 461.238550 486.054524 349.022922 330.963744 334.974626 370.448377 209.954757 229.532133 461.410880 319.640423 310.394910 163.150238 227.793766 467.172345 113.017698 332.013554 242.903273 266.016917 131.041978 489.249425 321.561814 171.046777 305.805494 489.820375 296.502951 364.005494 188.010638 470.468915 470.239301 130.249760 366.552861 326.879183 69.115845 373.100523 410.757836 
231.000000 3.000000 1.000000 a 344.907234 244.239636 56.320511 278.361276 293.777126 181.107703 117.379726 266.833281 347.362923 254.515225 114.017543 158.685223 220.510771 101.192885 307.148173 428.621045 374.168411 193.064756 178.907797 177.552809 390.032050 231.659232 135.484316 307.006515 292.015411 347.669383 48.507731 179.969442 314.128954 64.404969 189.763010 155.913438 265.228204 213.600094 378.082002 161.830158 138.014492 203.725305 413.237220 299.427788 350.851821 284.191837 327.698032 321.375170 42.190046 242.507732 301.716755 161.226549 213.581366 402.627620 
163.000000 2.000000 5.000000 a 267.316292 34.669872 269.742470 268.972118 291.317696 160.015624 162.200493 158.256122 281.396517 218.194867 237.118114 126.657017 7.071068 211.804155 122.200655 233.600086 295.006780 282.072686 254.795997 279.460194 177.228666 51.546096 112.004464 363.419867 90.906545 143.781084 166.012048 47.201695 362.789195 169.189243 228.527898 100.895986 52.086467 133.154046 297.006734 286.775173 76.687678 141.777995 268.152941 86.023253 142.077444 165.559657 334.767083 351.142421 180.623919 214.767316 98.812955 163.220709 322.605022 192.924856 
177.000000 3.000000 3.000000 a 37.483330 266.001880 365.800492 67.119297 71.449283 412.167442 378.549865 122.090131 23.086793 76.157731 239.069028 373.128664 277.908258 404.783893 213.901847 271.768284 52.801515 192.509740 181.400110 208.396257 362.012431 328.694387 222.031529 166.207701 246.221445 376.860717 298.464403 245.293702 156.348969 343.432672 149.906638 210.867257 294.244796 402.359292 57.271284 236.315467 290.079300 147.763324 161.446586 303.211148 283.346078 443.099312 93.637599 128.062485 334.080829 87.658428 251.246891 405.097519 221.208047 312.257906 
256.000000 6.000000 2.000000 a 336.074397 208.369863 95.336247 280.174945 297.754933 144.045132 81.835200 248.638291 340.851874 249.393264 134.406101 118.600169 183.308483 82.298238 277.281445 398.177096 365.941252 211.624668 193.145023 198.217053 351.513869 191.157004 113.951744 323.607787 258.712195 307.371111 27.202941 147.078210 329.369094 27.294688 195.829007 132.966161 227.378539 173.441633 369.595725 187.243157 99.724621 188.671672 393.214954 261.725047 316.091759 243.790894 334.940293 333.000000 8.544004 238.296034 268.164129 125.207827 237.945372 367.695526 
209.000000 6.000000 4.000000 a 418.551072 169.106475 319.631037 417.110297 439.273263 104.690019 161.919733 309.657876 433.013857 367.720002 345.172421 114.039467 151.845316 207.884583 252.990118 333.160622 445.701694 407.825943 382.256458 400.585821 208.798946 101.242284 238.403020 502.884679 213.243992 143.282937 240.052078 188.162164 504.012897 208.470621 364.046700 236.636853 149.833241 59.808026 447.493017 399.846220 166.012048 289.689489 404.253633 164.538749 231.708869 14.317821 482.644797 495.816498 230.208601 363.034434 215.668727 124.779806 444.325331 266.602701 
288.000000 7.000000 1.000000 a 367.458841 186.681547 154.029218 327.441598 347.070598 73.109507 15.132746 267.882437 375.558251 289.013840 201.725060 51.865210 158.473973 59.941638 269.816604 385.368655 397.498428 276.081510 254.960781 264.246097 313.614413 147.732867 141.439033 384.959738 242.495361 261.199158 88.566359 142.126704 389.486842 44.598206 250.569352 154.324334 196.573142 105.990566 400.675679 255.882786 84.646323 217.331544 403.853934 229.895628 293.001706 176.663522 387.129177 389.724261 67.208630 279.594349 250.726943 54.708317 305.565050 342.660182 
171.000000 2.000000 3.000000 a 295.846244 76.216796 370.264770 328.549844 350.321281 224.828824 248.278070 197.474049 313.746713 276.481464 333.304665 202.605528 94.260278 300.566132 107.703296 169.446157 318.135191 368.762796 341.344401 368.978319 76.059187 95.257546 207.480120 435.036780 71.112587 59.682493 267.029961 143.097869 432.042822 266.007519 309.803163 192.200416 49.091751 181.892826 318.763235 379.869715 176.283862 212.084889 251.127458 17.000000 67.977938 172.722321 392.226975 415.145758 279.614020 277.276036 67.357256 235.648043 410.566682 107.056060 
144.000000 7.000000 3.000000 a 293.061427 97.514102 396.063126 334.462255 355.731640 253.885801 277.077606 201.062179 311.700176 282.969963 352.933421 231.708869 119.268604 329.256739 103.585713 144.506055 313.336879 383.713435 356.463182 385.129848 54.083269 124.354332 227.899100 443.775844 74.411021 66.272166 292.207118 165.096941 439.978409 293.410975 323.246036 211.284169 74.966659 210.535033 313.560202 397.619165 202.548760 223.986607 236.611496 40.607881 46.270941 197.466453 396.625768 421.445133 306.323359 285.047364 67.208630 264.801813 425.775763 78.492038 
161.000000 9.000000 5.000000 a 228.116198 50.249378 342.861488 261.137895 282.688875 241.018671 246.811669 129.034879 245.692898 209.322717 284.903492 210.069036 78.644771 295.935804 45.541190 149.030198 251.372234 310.695993 283.622989 312.968049 127.141653 113.595775 163.027605 369.541608 6.403124 128.280942 238.430283 106.962610 365.935787 250.107977 249.559612 144.419528 57.723479 207.183494 252.253840 326.920480 156.977705 149.966663 196.756194 54.781384 65.030762 219.146070 324.222146 348.000000 258.785626 210.950231 14.866069 246.333108 352.835656 116.520384 
271.000000 3.000000 4.000000 a 382.460455 176.204427 457.664724 425.699424 447.034674 279.401145 319.269479 292.412380 401.429944 374.076195 432.301978 268.990706 189.736660 371.517160 194.023194 199.000000 401.294156 469.754191 442.326802 469.765899 50.990195 171.292148 306.400065 534.329486 165.462987 55.036352 357.572370 241.234326 530.812585 348.070395 410.761488 292.154069 146.154028 230.867928 401.199452 480.035415 265.505179 312.616378 313.847097 117.991525 127.011810 189.156020 487.976434 512.656805 364.725924 375.825757 158.549677 295.413270 511.519306 123.101584 
113.000000 5.000000 3.000000 a 75.392307 178.549713 357.414325 134.833230 152.052622 348.483859 327.812446 45.793013 93.477270 95.189285 249.617708 310.567223 196.163197 364.232069 114.738834 181.198786 99.463561 233.694245 212.577045 244.376758 262.068693 246.002033 180.069431 249.230817 149.485785 279.651569 269.001859 177.115781 242.012396 304.921301 173.611636 162.289864 203.393707 329.514795 100.841460 268.287160 231.233648 106.962610 105.546198 207.523493 183.357574 360.272119 187.277868 217.680959 301.915551 105.019046 153.447059 345.689167 272.007353 213.490047 
251.000000 3.000000 1.000000 a 62.801274 298.026844 447.219186 153.883072 154.983870 467.184118 442.064475 162.594588 64.637450 154.987096 323.556796 428.802985 316.512243 474.093873 224.198573 239.943743 34.828150 279.451248 267.972013 295.330324 359.694315 366.110639 288.105883 241.197015 262.880201 389.005141 371.809091 295.787086 229.630137 413.227540 235.076583 273.162955 321.137042 449.755489 30.479501 323.199629 347.690955 211.142132 110.634533 320.851991 282.630501 480.016666 163.441121 199.361481 406.709970 167.657389 264.775376 463.185708 307.258849 297.754933 
295.000000 7.000000 1.000000 a 136.623570 147.410990 263.600076 119.406867 141.767415 276.956675 245.782424 52.924474 145.134420 68.622154 161.533278 237.928561 151.637726 276.826661 136.970800 245.008163 166.688332 165.169610 139.445330 170.839106 277.189466 201.109423 90.801982 220.621848 150.943698 272.259068 176.816289 111.803399 218.082553 216.122650 102.200783 76.655072 178.832324 268.167858 169.944108 190.094713 154.935470 13.892444 198.338095 198.070694 206.421898 313.320922 185.172892 203.334699 210.800854 65.368188 159.511755 270.283185 207.002415 251.149358 
209.000000 6.000000 2.000000 a 241.118228 242.705583 149.093930 159.530561 172.191754 273.366055 217.267117 193.062166 239.006276 148.677503 21.470911 239.520354 230.412673 220.510771 269.267525 384.173138 268.069021 72.422372 54.009258 61.400326 391.522669 265.000000 112.769677 183.983695 271.035053 368.066570 115.948264 178.011236 190.168346 165.737745 69.634761 126.649122 272.530732 289.292240 272.347205 62.128898 174.691156 131.973482 333.541602 301.973509 331.593124 353.771112 203.442867 196.237101 147.231111 135.871263 280.855835 257.559702 104.623133 380.788655 
Type de surveillance de chaque endroit(target):tab[nombre de target]
a a a a a a a a a a a a a a a a a a a a a a a a a a a a a a a a a a a a a a a a a a a a a a a a a a 