Nombre des capteurs:
150
Nombre des targets:
30
Nombre de type de surveillance:
1

Caracteristiques:
246.000000 5.000000 1.000000 a 136.561342 269.675731 81.614950 192.800415 441.838206 161.969133 146.030819 323.396042 17.464249 280.777492 435.690257 79.831072 174.562310 345.978323 144.886162 394.620070 377.933857 349.585469 67.208630 321.309819 372.200215 245.747838 288.209993 185.550532 66.007575 344.815893 246.564393 318.611048 391.051148 312.800256 
289.000000 2.000000 5.000000 a 89.805345 291.898955 49.244289 208.556947 435.588108 115.108644 133.405397 345.637093 32.202484 305.601047 441.354733 71.505245 137.186005 315.158690 125.299641 390.032050 345.175318 313.690931 86.492774 288.173559 363.159744 201.444782 259.208410 141.354165 106.042444 355.879193 202.054448 287.027873 366.956401 313.968151 
194.000000 6.000000 1.000000 a 143.265488 205.000000 138.654246 119.616052 356.753416 169.499263 67.119297 258.311827 75.927597 220.336107 353.782419 25.317978 132.966161 279.401145 74.672619 309.556134 313.882143 292.318320 28.861739 259.383885 287.445647 220.000000 220.465417 165.218038 76.843998 266.537052 221.815238 254.017716 315.006349 228.674441 
292.000000 1.000000 2.000000 a 126.605687 296.096268 59.135438 218.325445 462.195846 150.146595 162.692962 349.847109 30.805844 307.327187 459.621583 96.607453 177.386583 354.001412 158.398232 415.491275 384.629692 353.841773 92.200868 327.673618 391.414103 241.051862 297.329783 181.176709 91.547802 369.821579 241.536747 326.075145 403.272860 335.335653 
246.000000 1.000000 5.000000 a 190.515091 157.175062 184.396312 73.925638 331.472472 216.335388 80.919713 210.722566 115.663304 172.130764 316.570687 73.006849 168.240899 290.193039 98.493655 283.097156 326.167135 310.697602 52.630789 274.985454 266.810794 257.497573 232.124966 206.494552 81.608823 225.088871 259.624729 267.447191 314.006369 197.091349 
227.000000 9.000000 2.000000 a 441.403444 346.365414 502.355452 338.000000 91.350972 448.377073 333.803835 343.902602 466.652976 363.785651 202.311641 400.181209 355.257653 210.430511 339.328749 124.615408 215.967590 257.157539 421.294434 241.859463 117.068356 380.063153 234.053413 393.620375 461.468309 255.425136 382.990862 231.008658 131.228808 206.813926 
140.000000 1.000000 2.000000 a 452.085169 305.785873 504.647402 311.887800 37.483330 462.553781 329.795391 295.880043 460.765667 321.076315 141.873183 394.827811 367.720002 247.606543 339.249171 84.291162 260.461130 297.523108 409.547311 275.771645 99.984999 405.879292 258.118190 410.542324 445.570421 207.161773 408.949875 263.281218 172.386194 174.269906 
113.000000 7.000000 4.000000 a 219.009132 279.114672 286.225436 215.629312 227.237761 225.055549 141.056726 311.713009 264.833910 301.317109 289.126270 202.022276 132.740348 76.321688 136.014705 197.040605 112.898184 109.553640 236.603043 71.021124 154.870914 165.469030 26.248809 170.531522 283.804510 255.440795 168.600119 59.033889 112.058021 176.567268 
282.000000 6.000000 2.000000 a 127.953116 321.104344 48.104054 243.559028 485.182440 148.717854 184.260685 374.817289 55.154329 332.079810 484.409950 119.037809 189.169236 368.543078 178.137587 438.802917 398.001256 365.317670 117.413798 341.000000 413.782552 245.326313 312.963257 186.601179 114.542569 394.964555 245.489307 340.288113 420.880030 359.562234 
192.000000 5.000000 3.000000 a 372.542615 444.544711 452.683112 396.788357 267.720003 367.495578 329.848450 463.939651 446.374282 466.078320 372.780096 387.517742 295.243967 117.098249 322.262316 272.800293 86.145226 125.000000 424.859977 143.055933 235.321057 271.088546 175.755512 311.826875 472.508201 386.870779 273.058602 144.346805 109.123783 312.123373 
176.000000 3.000000 5.000000 a 397.914564 348.264267 463.777964 325.510368 125.801431 402.717022 302.423544 354.496827 434.384622 367.642489 235.127625 368.469809 311.700176 156.012820 304.803215 141.449638 159.539964 201.357890 394.312059 188.353391 115.602768 328.811496 185.800969 346.883266 437.323679 269.007435 331.651926 178.392825 76.837491 206.671237 
134.000000 1.000000 4.000000 a 229.026199 153.000000 260.969347 88.509886 222.910296 248.128999 85.211502 192.169196 208.856410 175.025712 230.243350 144.461067 162.929433 203.482186 102.420701 175.866427 239.941660 237.394187 156.169779 198.841646 154.651220 241.466354 152.751432 212.077816 194.373352 159.248234 244.401309 187.608635 209.028706 100.209780 
100.000000 4.000000 2.000000 a 450.693909 238.212090 490.025510 264.847126 59.169249 465.714505 313.383152 218.552053 436.037842 250.071990 53.907328 373.209057 372.155881 292.207118 327.786516 66.219333 313.576147 343.327832 378.403224 314.305584 109.658561 427.200187 285.224473 419.314917 407.461655 133.033830 430.360314 300.541179 228.396585 131.605471 
102.000000 8.000000 5.000000 a 212.002358 351.745647 291.830430 282.124086 286.881509 208.710326 187.106921 386.581169 289.705022 373.879660 360.272119 235.594991 135.092561 55.000000 173.994253 263.751777 74.966659 43.863424 276.927788 21.400935 219.965906 121.037184 49.729267 152.200526 325.000000 331.312541 123.693169 31.384710 132.457540 252.210230 
188.000000 6.000000 1.000000 a 184.621234 180.335798 162.594588 104.690019 368.419598 211.400095 104.923782 234.138848 89.493016 192.270643 350.955838 69.835521 179.744263 318.460359 117.660529 320.001562 353.816337 335.013433 29.068884 300.752390 303.725205 266.810794 259.724854 211.473403 44.643029 257.421833 268.600074 294.328048 347.086445 233.529441 
151.000000 9.000000 2.000000 a 396.868996 88.119237 409.224877 152.322027 200.860648 418.688428 251.318523 58.694122 341.849382 93.861600 119.364986 291.405216 338.422812 342.614944 272.209478 163.477827 374.945329 387.731866 278.490574 350.545290 187.683244 417.097111 307.761271 387.284133 292.412380 32.802439 420.076184 337.083076 309.698240 108.784190 
110.000000 8.000000 1.000000 a 518.028957 303.608300 560.207105 335.858601 94.868330 531.854303 383.293621 277.304886 507.290844 313.249102 101.079177 444.058555 437.471142 338.529172 396.868996 128.600156 354.379740 389.292949 449.928883 364.424203 166.883193 486.642579 340.939877 483.497673 478.900825 197.517088 489.780563 351.240658 266.371920 203.088651 
172.000000 9.000000 2.000000 a 469.938294 346.770818 527.530094 347.972700 79.699435 478.264571 355.598088 338.422812 487.975409 362.625151 183.600109 421.582732 384.240810 246.531945 362.972451 123.490890 253.402841 294.049316 439.567970 277.317508 129.282636 413.716086 266.608327 424.379547 477.646313 249.609695 416.692933 265.996241 167.720005 212.021225 
146.000000 4.000000 5.000000 a 353.543491 59.841457 336.732832 112.871608 328.092975 379.444331 228.816520 88.549421 262.710868 46.690470 259.665169 235.688354 323.839466 398.131888 250.503493 283.444880 434.310949 432.668464 203.482186 394.167477 292.514957 412.688745 348.070395 366.525579 195.133288 163.370744 415.145758 383.020887 391.388554 200.489401 
231.000000 5.000000 4.000000 a 308.734514 76.059187 290.056891 82.462113 334.121235 334.905957 190.118384 122.331517 216.020832 76.367532 279.631901 190.779978 283.894347 373.728511 211.101871 287.027873 410.290141 404.487330 157.114608 366.415065 289.013840 373.250586 320.600998 324.766070 149.000000 180.249827 375.576890 356.186749 375.666075 198.816498 
263.000000 5.000000 4.000000 a 384.105454 130.311166 409.078232 164.614702 141.650980 403.350964 238.815829 117.392504 347.639181 143.282937 82.800966 289.822359 316.091759 293.163777 257.390754 102.474387 323.542887 340.658186 286.379119 304.909823 128.035151 387.393856 264.886768 365.301246 309.401034 28.635642 390.486876 291.054978 253.221247 63.007936 
205.000000 7.000000 3.000000 a 430.831754 144.803315 401.210668 204.247399 402.921829 457.450544 316.638595 144.734239 327.551523 124.422667 318.567104 313.639921 410.410770 490.734144 337.675880 361.784466 526.851972 525.304673 275.394263 486.823377 376.621826 499.796959 440.728942 450.608478 254.031494 233.077240 502.108554 475.714200 481.730215 285.364679 
286.000000 4.000000 5.000000 a 306.493067 171.842952 346.831371 150.003333 135.070352 322.262316 169.852878 188.281704 296.816442 192.481168 155.900609 232.034480 229.889104 195.657865 183.447540 87.920419 227.774011 241.919408 243.343379 205.681793 71.175839 293.204707 165.469030 278.111488 278.915758 118.105885 296.346081 191.901016 167.026944 38.483763 
152.000000 8.000000 4.000000 a 275.697298 385.648804 355.950839 325.087680 270.815435 271.189970 242.538657 414.107474 352.285396 407.806327 359.494089 295.893562 199.002513 35.227830 232.124966 258.311827 12.806248 32.557641 335.524962 47.853944 214.832493 177.544361 88.684835 215.195260 383.584411 348.264267 179.788765 53.225934 97.984693 268.838241 
221.000000 2.000000 5.000000 a 275.965578 170.742496 316.652807 133.364163 163.453357 291.979451 139.703257 195.532606 268.061560 192.462983 184.954048 202.743681 200.124961 183.382115 152.898659 117.443603 217.623528 226.433213 216.335388 188.854441 94.556861 266.176633 145.880088 248.646335 253.938969 136.132289 269.295377 175.559107 167.585799 59.076222 
184.000000 3.000000 5.000000 a 295.332017 424.199246 378.033067 362.745090 301.006644 287.656045 276.378364 452.642243 380.295937 446.363081 393.824834 326.663435 224.294449 73.817342 264.461717 292.138666 41.109610 47.853944 367.680568 80.622577 249.272943 188.223272 125.000000 233.548710 415.779990 386.038858 189.973682 89.202018 126.003968 306.789830 
235.000000 6.000000 3.000000 a 154.019479 281.328989 222.800359 203.943620 284.604989 160.863296 100.687636 322.406576 208.345866 302.927384 332.687541 150.372870 67.742158 121.202310 87.321246 249.130488 153.574086 130.587136 190.546582 97.800818 209.995238 116.400172 64.498062 107.935166 238.650372 282.001773 119.519873 93.904207 175.231276 208.626460 
178.000000 8.000000 1.000000 a 98.655968 380.432648 39.560081 297.294467 512.824531 107.228727 212.981220 434.222293 112.787411 393.680073 526.613710 157.952525 181.648011 360.922429 199.649693 469.093807 385.593050 347.427690 174.324410 329.951512 438.699214 210.608642 310.987138 159.803004 184.067922 443.497463 209.861859 332.320628 423.571718 397.683291 
162.000000 2.000000 1.000000 a 186.818093 208.655218 233.822582 134.825814 245.733596 202.425295 63.348244 249.353163 195.788151 230.412673 273.941600 129.541499 111.328343 161.533278 68.600292 203.216633 197.959592 188.223272 157.012738 150.446004 171.478862 185.024323 105.209315 160.352736 202.556165 212.941306 188.010638 141.014184 186.324985 144.837840 
285.000000 8.000000 1.000000 a 150.073315 242.870336 205.718254 162.889533 280.142821 163.636793 59.481089 286.331975 178.907797 264.092787 314.230807 116.155069 70.774289 155.467038 50.249378 239.804087 190.065778 171.327172 152.800524 136.473441 205.080472 145.495704 96.540147 119.540788 200.683831 253.663162 148.408221 130.299655 197.144617 185.647515 
159.000000 8.000000 3.000000 a 506.805683 286.782147 547.307957 320.295176 89.944427 521.207252 370.567133 260.276776 493.365990 296.285335 84.053554 430.592615 427.145174 334.388995 384.667389 118.338498 351.819556 385.389413 435.469861 359.250609 158.619040 478.636605 333.985030 473.679216 463.732682 180.712479 481.785222 345.861244 264.189326 188.830612 
193.000000 6.000000 1.000000 a 166.433170 176.555940 175.025712 88.684835 318.059743 191.010471 45.607017 228.543213 115.108644 194.002577 315.158690 55.946403 134.614264 257.029181 63.411355 270.651067 292.692672 275.943835 61.400326 240.651200 249.575640 224.055797 198.539669 175.282629 104.000000 229.636670 226.294056 233.555133 285.187658 189.496702 
189.000000 9.000000 3.000000 a 220.907220 215.796200 272.737969 154.029218 209.346603 234.019230 103.324731 249.775900 235.936432 237.993697 248.284111 169.640797 139.817739 137.535450 108.226614 169.257201 174.002874 172.861216 195.576072 134.272112 134.357731 201.069640 88.509886 186.954540 240.008333 199.812412 204.198433 122.441823 149.933319 124.326184 
159.000000 7.000000 3.000000 a 323.215099 372.907495 398.900990 324.901524 217.517815 322.386414 263.058929 393.801981 385.032466 394.549110 314.968252 323.558341 240.684441 60.926185 257.629579 213.213508 51.971146 96.046864 358.644671 93.941471 172.325274 235.476113 113.357840 265.548489 405.738832 319.231891 237.993697 89.196412 43.680659 242.695282 
280.000000 9.000000 4.000000 a 433.102759 143.951381 404.123743 204.980487 400.824151 459.687938 317.971697 142.414887 330.387651 123.308556 315.767319 315.784737 411.928392 490.740257 339.094382 359.947218 526.806416 525.624391 277.834483 487.119082 375.225266 501.283353 441.021541 452.382581 257.001946 230.930726 503.611954 475.934869 481.050933 284.121453 
276.000000 2.000000 5.000000 a 382.562413 180.005555 418.760075 194.640695 88.362888 398.909764 242.639651 173.326282 363.901085 195.532606 79.831072 301.390113 306.843608 253.396922 258.001938 46.065171 280.765026 303.065999 306.235204 269.742470 75.802375 368.663803 234.213578 355.069007 335.943448 85.000000 371.818504 255.706863 204.377102 59.405387 
166.000000 6.000000 5.000000 a 249.609695 112.805142 269.118933 51.244512 233.702803 271.182595 103.812331 155.193428 208.607287 134.617978 220.780434 149.843251 193.002591 244.182309 124.779806 185.054046 280.528073 278.625196 149.201206 240.070823 173.046237 276.061587 193.981958 241.207380 179.513231 136.894120 278.883488 228.790297 244.902021 98.112181 
287.000000 6.000000 2.000000 a 251.525347 110.981981 270.756348 50.695167 233.060078 273.130006 105.759160 153.222061 210.011904 132.823191 219.317122 151.476071 195.002564 245.538184 126.751726 184.382754 281.858120 280.178515 150.416090 241.615397 172.838075 278.039566 195.532606 243.205674 180.335798 135.085158 280.862956 230.288949 245.717317 97.128780 
163.000000 8.000000 5.000000 a 264.682829 451.908177 349.721318 381.376454 360.423362 251.718096 280.166022 486.128584 364.709473 474.046411 446.705720 319.526212 208.432243 118.342723 264.007576 346.324992 99.247166 68.249542 363.473520 104.403065 302.478098 148.337453 148.475587 203.383874 410.742011 427.562861 149.164339 117.953381 187.299226 347.908034 
162.000000 7.000000 4.000000 a 192.093727 241.205307 136.124943 176.819117 444.740374 218.002294 168.428026 293.462093 71.400280 248.573933 424.222819 110.063618 219.237314 379.684079 174.347354 396.307961 413.537181 389.298086 73.006849 358.107526 379.684079 296.892236 320.851991 237.124440 32.249031 328.434164 297.981543 353.638233 416.120175 309.472131 
118.000000 1.000000 3.000000 a 385.700661 172.351385 419.886890 191.191004 96.337947 402.591604 244.436086 163.783394 363.688053 187.259179 74.000000 301.935424 311.207326 262.611881 260.449611 56.080300 290.413498 312.032050 305.203211 278.312774 86.284413 374.766594 242.018594 359.701265 333.654012 75.153177 377.915334 264.282046 214.674172 59.413803 
218.000000 3.000000 1.000000 a 459.836928 289.084763 508.192877 303.026401 29.732137 471.831538 331.810187 274.972726 460.682103 303.033002 114.039467 395.504741 376.941640 268.495810 343.011662 76.485293 283.924286 319.112833 406.988943 295.061011 104.737768 420.672081 273.707873 421.400047 440.692637 187.106921 423.784143 282.081548 195.923454 164.842349 
181.000000 8.000000 2.000000 a 284.485501 153.323188 246.077224 129.387016 402.246193 311.411304 198.977386 198.715878 173.441633 152.895389 355.461672 172.887246 282.072686 405.294954 215.761442 354.045195 441.661635 428.248759 129.251692 391.996173 350.051425 369.817523 348.175243 314.610871 98.994949 255.923817 371.651719 383.817665 420.689910 264.092787 
168.000000 1.000000 1.000000 a 289.927577 332.448492 362.403090 281.810220 203.666394 291.707045 220.422322 355.924149 344.580905 354.295075 291.494425 282.028367 205.243758 41.785165 216.020832 190.163088 61.846584 91.983694 316.056957 72.422372 146.812806 212.896689 75.894664 235.053185 362.891168 285.077183 215.696546 62.241465 39.623226 206.700266 
236.000000 2.000000 4.000000 a 344.005814 465.536250 427.338274 408.099253 317.127735 335.089540 325.748369 490.819723 430.722649 487.570508 417.234946 376.969495 274.548721 116.824655 314.396247 315.601014 80.280757 98.270036 417.720002 129.865315 274.838134 233.788366 172.539850 282.028367 465.824001 419.662960 235.255181 136.952547 146.109548 341.708940 
118.000000 9.000000 2.000000 a 452.216762 235.669260 490.764709 263.865496 64.140471 467.466576 314.273766 215.127869 436.231590 247.202346 49.040799 373.676331 374.092235 296.108088 328.933124 69.426220 317.762490 347.207431 378.272389 317.932383 113.137085 429.912782 288.419833 421.411913 406.841492 130.188325 433.073897 304.138127 232.800344 131.654852 
288.000000 4.000000 2.000000 a 407.590481 106.254412 384.629692 171.046777 364.773903 433.849052 286.541446 107.563934 310.412629 85.586214 283.007067 289.675681 381.320076 454.103512 308.079535 323.187252 490.049997 489.776480 254.385534 451.217243 337.712896 470.366878 405.132077 423.265874 239.018828 195.143537 472.788536 439.829512 443.416283 246.473122 
132.000000 5.000000 4.000000 a 213.862105 281.519093 281.760537 216.670256 233.060078 219.617850 139.057542 314.853934 261.489962 303.713681 294.462222 199.160739 127.632284 76.478755 133.184083 202.714084 112.871608 107.200746 234.437625 68.600292 160.626897 159.655880 22.825424 164.939383 281.824413 259.676722 162.788206 57.280014 116.211015 181.024860 
248.000000 3.000000 2.000000 a 100.244701 393.086504 52.392748 309.386490 520.531459 105.233075 222.146348 446.829945 126.289350 406.605460 536.635817 169.118302 185.224188 362.829161 207.894204 477.322742 386.463452 347.381635 187.256509 331.354795 446.117697 208.009615 314.230807 159.840546 198.022726 454.587725 207.060378 334.306745 427.159221 407.313147 
190.000000 1.000000 3.000000 a 299.347624 121.247680 327.525572 103.576059 173.415686 318.487048 154.547727 143.669760 269.898129 142.435951 161.400124 208.865986 231.905153 235.229675 172.661519 124.663547 269.462428 277.722883 211.454487 239.841614 119.820699 306.235204 195.931110 281.149426 241.505694 91.137259 309.273342 226.753170 216.020832 35.777088 
195.000000 1.000000 5.000000 a 351.961646 85.375641 369.947294 118.928550 182.989071 372.936992 205.876176 87.114867 305.655034 101.390335 129.653384 250.928277 290.496127 295.771872 226.106170 138.740765 328.940724 339.838197 243.287895 302.317714 153.182897 368.005435 259.000000 339.554119 263.501423 34.669872 371.001348 289.006920 268.069021 65.053824 
159.000000 3.000000 1.000000 a 482.171131 204.384442 507.678048 258.816537 147.054412 500.803355 337.355895 167.609666 445.184232 208.925824 36.769553 388.397992 411.759639 363.671555 355.541840 138.322088 389.101529 413.937193 383.172285 381.379077 180.623919 478.524816 346.244134 460.743964 402.940442 106.150836 481.663783 367.348608 307.845741 155.595630 
214.000000 2.000000 4.000000 a 317.163995 43.139309 324.729118 67.230945 236.019067 340.261664 174.232603 80.752709 256.743062 65.115282 187.472665 207.867746 266.480769 307.683279 196.091815 189.264365 343.083080 346.413048 193.352011 307.876599 194.640695 350.502496 262.246068 314.039806 208.607287 89.050547 353.307232 295.677189 294.457128 102.839681 
194.000000 3.000000 3.000000 a 294.961014 62.433965 305.063928 50.209561 235.440014 317.800252 151.400132 103.817147 238.562361 84.599054 197.770069 187.243157 243.402958 288.918674 173.184872 187.451327 324.692162 326.308137 175.601822 287.716875 187.579317 327.482824 241.859463 291.015464 194.756258 102.552426 330.280184 275.800653 279.946423 98.005102 
108.000000 6.000000 4.000000 a 222.252109 154.207652 196.351725 92.135769 367.164813 249.040157 132.060592 207.171427 122.188379 163.232962 338.368143 106.929884 214.273190 341.970759 148.070929 318.402261 378.001323 362.415507 66.287254 326.840940 307.167707 302.378901 283.989436 248.072570 57.688820 241.456000 304.277834 319.330550 363.609681 229.270583 
224.000000 8.000000 5.000000 a 297.168302 428.561548 380.106564 366.895080 305.026228 289.126270 279.973213 457.083143 383.099204 450.728300 398.128120 329.837839 226.874415 78.236820 267.865638 296.420310 45.541190 50.695167 371.021563 84.380092 253.600079 189.187737 129.015503 235.306184 419.114543 390.509923 190.876924 93.236259 130.003846 311.261948 
138.000000 4.000000 3.000000 a 373.665626 177.070607 410.209702 188.162164 92.000000 389.975640 233.961535 173.072239 355.763967 193.310631 88.526832 293.018771 297.900990 246.337167 249.200722 46.840154 274.235300 295.758347 298.429221 262.101126 71.400280 359.923603 226.079632 346.135811 328.709598 85.702975 363.077127 248.068539 199.123078 51.623638 
249.000000 8.000000 4.000000 a 50.487622 292.617498 95.189285 204.626489 389.898705 75.059976 97.082439 344.216502 94.366308 310.058059 411.613897 70.519501 66.121101 246.172704 79.322128 347.311100 275.016363 242.507732 112.769677 218.036694 315.329986 135.247921 192.002604 75.690158 152.502459 336.300461 136.359818 217.745264 302.689610 281.325434 
106.000000 1.000000 2.000000 a 390.913034 69.634761 399.155358 141.364776 220.429127 413.494861 246.497464 38.327536 330.334679 73.375745 140.292551 282.540263 336.148777 351.318943 267.917898 181.573677 384.502276 395.102518 266.812668 357.418522 203.216633 417.080328 313.676585 384.573790 277.994604 50.695167 420.002381 344.204881 322.386414 119.632771 
154.000000 9.000000 5.000000 a 135.369864 264.168507 197.800404 182.937148 295.900321 146.492321 72.917762 308.131465 179.044687 285.240250 334.281319 120.303782 51.865210 150.748134 57.706152 257.108926 183.564702 160.224842 160.626897 127.882759 220.737401 123.490890 93.000000 99.403219 208.722304 275.426941 126.396202 123.794184 200.591625 206.460650 
102.000000 8.000000 3.000000 a 419.411492 126.625432 437.666540 183.861361 171.767284 439.955680 273.309349 95.047357 372.462079 132.698907 81.221918 318.778920 355.562934 339.649820 293.156955 140.264037 369.925668 387.082679 309.612661 351.193679 171.400117 429.912782 310.728177 404.783893 326.695577 33.837849 432.972285 337.369234 298.412466 108.189648 
253.000000 9.000000 1.000000 a 130.613935 381.874325 215.745220 299.040131 378.821858 118.004237 182.471916 425.967135 237.035862 402.766682 437.224199 202.232539 90.603532 159.298462 161.533278 348.579976 173.080906 129.618671 247.487373 125.733846 306.776792 17.000000 133.093952 70.228199 292.000000 389.005141 19.416488 134.357731 236.177899 315.336328 
159.000000 7.000000 2.000000 a 327.493511 114.978259 297.015151 125.399362 379.001319 354.255557 222.800359 152.315462 223.181540 108.337436 319.513693 211.286535 313.338475 415.701816 242.423184 332.295050 452.319577 444.302825 171.493440 406.650956 335.058204 402.617685 361.233996 350.753475 150.119952 221.054292 404.738187 396.993703 420.594817 244.607849 
247.000000 5.000000 4.000000 a 396.504729 54.332311 390.817093 142.031687 284.763059 421.118748 259.514932 26.305893 318.147764 36.674242 202.061872 281.186771 353.990113 396.872776 281.710845 244.769279 431.616728 437.164729 255.925770 398.734247 263.096940 439.942042 353.375155 400.209945 255.820249 114.843372 442.665788 386.264158 376.446543 174.450566 
180.000000 3.000000 4.000000 a 149.465715 224.008928 118.869677 145.426958 397.575150 176.366097 110.018180 277.848880 45.541190 236.222353 388.434036 50.695167 162.249807 320.062494 114.756263 349.885696 353.871446 329.953027 19.849433 298.484505 329.423739 243.977458 261.262320 185.526278 42.426407 297.309603 245.367072 293.972788 358.022346 266.580194 
265.000000 6.000000 4.000000 a 114.179683 385.051945 199.180822 300.566132 394.533902 99.408249 182.496575 430.633255 225.222113 405.526818 449.437426 195.389355 87.726849 179.201004 160.822884 362.856721 193.644003 150.233152 240.468293 145.602198 321.697062 4.000000 150.083310 56.859476 283.550701 397.555028 4.242641 153.717273 255.431008 325.557983 
191.000000 7.000000 3.000000 a 145.499141 206.286209 177.053664 119.854078 302.026489 166.628329 1.414214 255.017646 133.461605 225.887140 315.634282 67.052218 94.111636 212.551170 21.095023 256.970815 247.679228 229.340358 96.747093 194.589311 229.490741 182.584227 153.687996 139.606590 143.951381 240.077071 185.054046 188.111669 247.018218 185.647515 
272.000000 3.000000 3.000000 a 79.924965 302.925733 152.741612 216.723326 353.771112 88.617154 98.061205 350.690747 153.707514 322.721242 390.636660 111.865991 6.403124 186.761880 75.927597 315.093637 214.282524 181.000000 157.079598 157.457931 278.625196 88.323270 135.417872 44.407207 202.425295 326.932715 90.426766 158.151826 248.169297 261.604664 
123.000000 5.000000 5.000000 a 428.747012 195.734514 462.179619 227.607118 90.210864 445.588375 287.200279 175.647374 404.764129 207.154532 33.060551 343.840079 353.967513 295.736369 303.422148 70.936591 321.043611 346.134367 345.325933 314.039806 112.587744 415.996394 280.117832 402.323253 371.682660 90.138782 419.152717 300.026665 240.333102 101.828287 
232.000000 9.000000 4.000000 a 326.879183 428.544047 408.313605 373.048254 281.822639 320.663375 295.530032 453.089395 406.162529 450.520810 380.217043 349.748481 252.239965 82.764727 285.721893 278.442095 46.615448 77.929455 389.075828 101.788997 237.255137 222.946182 140.769315 265.589909 437.092668 381.587474 224.839943 106.254412 108.931171 303.698864 
299.000000 2.000000 4.000000 a 226.612003 267.800299 291.171771 206.813926 214.953483 233.961535 139.359248 299.294170 266.309970 290.000000 275.234446 202.299283 140.427917 84.504438 136.528385 183.730781 121.037184 121.433109 234.940418 83.186537 141.947173 178.101095 39.812058 180.346888 281.575922 241.813978 181.245690 70.491134 109.658561 162.788206 
231.000000 4.000000 5.000000 a 392.828207 96.798760 408.333197 153.222061 185.946229 414.064005 246.840029 73.006849 342.286430 105.076163 108.171161 289.806832 331.929209 329.887860 267.277010 148.222805 361.813488 375.586208 279.234668 338.681266 172.678893 409.019559 296.445611 380.990814 295.570635 17.691806 412.030339 325.112288 295.408192 95.754895 
144.000000 5.000000 3.000000 a 166.868211 385.332324 251.588950 306.414752 355.461672 156.204994 194.805031 426.240542 266.737699 406.863614 421.734514 225.204352 112.329871 125.207827 175.823775 328.878397 135.484316 91.235958 270.046292 92.314679 285.847862 55.659680 109.895405 105.076163 316.311555 381.701454 57.584720 102.902867 203.835718 305.132758 
209.000000 3.000000 3.000000 a 242.958844 177.428859 284.627827 123.482792 194.249839 259.140888 108.004630 209.811820 238.379949 199.619638 217.186556 172.409396 167.868997 173.415686 120.216471 149.402142 209.308385 211.683726 189.560017 173.216627 122.543870 237.023206 127.941393 216.667949 229.836899 161.077621 240.104144 160.863296 172.525360 88.769364 
223.000000 6.000000 2.000000 a 372.155881 261.266148 425.734659 249.000000 64.513564 382.733589 252.253840 264.801813 384.346198 279.851746 155.270731 318.022012 287.862815 181.107703 260.547500 54.589376 201.248602 232.243407 335.836270 205.448290 28.284271 328.975683 182.082399 331.113274 374.486315 179.011173 332.085832 192.093727 116.498927 119.920807 
180.000000 2.000000 4.000000 a 246.758992 205.548048 296.243143 153.404694 183.869519 260.278697 123.166554 235.053185 255.890602 227.668619 222.524156 189.409609 166.207701 145.086181 130.923642 143.003496 180.546393 185.647515 211.442664 147.597425 109.224539 226.152603 103.730420 213.358853 253.870045 178.709261 229.296751 134.647688 142.947543 101.079177 
261.000000 3.000000 1.000000 a 78.771822 280.401498 67.268120 194.797331 412.403928 105.546198 110.258786 333.743914 45.793013 295.435272 421.691831 53.225934 113.357840 290.043100 100.647901 367.348608 320.399750 289.675681 80.504658 263.427409 339.477540 182.784026 233.856794 122.641755 111.018017 338.614825 183.673624 262.001908 341.463029 293.233695 
171.000000 8.000000 3.000000 a 225.583687 443.693588 310.692774 367.925264 380.465504 210.601519 259.453271 481.750973 331.400060 465.563100 459.017429 291.400069 178.440466 136.308474 241.174211 361.087247 128.128841 86.377080 336.264777 112.218537 317.067816 107.707938 148.788440 165.746795 382.460455 430.098826 108.060168 126.142776 212.809774 351.336021 
202.000000 6.000000 5.000000 a 434.004608 95.078915 423.615392 181.220860 314.391476 459.069711 299.553000 60.827625 350.031427 74.813100 222.461233 317.455509 394.442645 438.292140 321.753011 277.416654 472.822377 478.995825 289.181604 440.600726 299.232351 480.983368 395.315064 440.109077 284.007042 146.372812 483.674477 428.065416 415.778787 212.934262 
201.000000 2.000000 2.000000 a 383.083542 53.263496 371.646337 132.672529 308.585482 408.396866 251.318523 54.744863 298.095622 31.144823 230.703273 266.092089 346.597750 403.832886 273.441036 266.602701 439.317653 441.742006 237.227739 403.150096 281.298774 434.200415 357.274404 391.311896 232.690782 139.441744 436.806593 391.214775 389.185046 190.394328 
201.000000 2.000000 2.000000 a 299.207286 475.420866 384.246015 407.921561 365.005479 286.094390 310.407796 507.311541 398.538580 497.618328 456.869785 352.120718 241.867732 131.244047 295.113537 355.394147 103.817147 86.821656 395.682954 125.363472 312.193850 182.701943 171.233758 237.892833 443.198601 444.740374 183.461168 137.713471 190.002632 365.086291 
106.000000 3.000000 2.000000 a 163.343197 242.892981 220.483559 165.855359 266.992509 175.801024 70.519501 284.494288 193.372697 264.461717 304.424046 130.003846 81.633327 143.293405 64.000000 227.501648 178.488095 162.289864 165.326949 126.269553 191.846293 150.013333 84.433406 129.356098 212.953046 247.455046 153.029409 119.100798 182.584227 177.053664 
138.000000 7.000000 2.000000 a 419.577168 304.868824 475.946426 299.376018 54.378304 428.695696 303.705449 302.167172 436.092880 322.121095 165.601932 369.693116 334.260378 207.183494 311.207326 82.855296 219.672483 256.889081 388.021907 235.868607 78.771822 368.089663 220.292987 375.554257 426.620440 213.775583 371.128010 223.617978 131.594073 166.090337 
114.000000 4.000000 3.000000 a 221.027148 142.298981 202.200396 74.793048 349.040112 247.523736 119.753914 195.880065 128.844868 153.212271 321.794966 103.580886 206.072803 326.932715 137.295302 300.281535 363.141846 348.906864 68.183576 312.822633 288.923865 295.001695 269.356641 242.439683 71.421285 225.610283 297.038718 304.888504 346.659776 211.286535 
101.000000 3.000000 3.000000 a 298.839422 132.382023 265.188612 119.816526 387.242818 325.714599 202.970441 176.025566 191.668985 130.430058 336.026785 184.317661 290.172363 403.887361 221.269067 339.477540 440.438418 429.420540 142.621878 392.458915 338.001479 378.893125 347.805980 325.301399 118.004237 236.579796 380.875308 383.594838 414.797541 250.031998 
217.000000 8.000000 4.000000 a 424.199246 258.311827 471.343824 267.290105 10.049876 436.818040 294.803324 248.887525 423.472549 273.561693 104.623133 358.336434 342.052628 243.977458 306.307036 39.560081 263.001901 295.083039 369.849970 268.343064 69.892775 389.101529 243.460469 387.253147 403.887361 160.056240 392.237173 254.921557 176.479461 129.073622 
258.000000 5.000000 3.000000 a 181.276033 164.975756 177.687929 80.112421 331.308014 206.968597 72.201108 218.304833 110.602893 180.471604 319.724882 64.195015 158.473973 283.007067 89.140339 283.155434 318.822835 302.535948 48.918299 267.121695 265.414770 247.697396 224.697575 196.654519 83.360662 229.617073 249.815932 259.855729 308.734514 198.338095 
209.000000 4.000000 5.000000 a 211.021326 150.711645 192.634369 79.404030 351.027064 237.539470 112.614386 204.435809 119.549153 162.249807 326.810343 93.680307 197.273921 321.773212 129.402473 302.314406 357.833760 342.603269 58.309519 306.863162 289.527201 286.001748 263.856021 233.002146 65.436993 231.467060 288.001736 299.242377 343.595693 213.927558 
143.000000 5.000000 1.000000 a 370.418682 110.643572 342.000000 150.615404 378.803379 397.045337 258.631011 132.672529 268.067156 96.005208 307.611768 253.298243 351.512446 441.128099 279.250783 334.248411 477.586641 473.080331 215.034881 434.871245 342.838154 440.954646 388.931871 390.888731 195.207582 213.009389 443.203114 424.379547 438.727706 250.856533 
191.000000 9.000000 1.000000 a 116.481758 383.760342 201.558924 299.527962 391.369391 102.239914 181.648011 429.106047 226.596558 404.308051 446.753847 195.780489 87.206651 175.601822 160.078106 359.877757 190.065778 146.700375 240.919074 142.003521 318.628310 2.236068 146.731046 58.309519 284.288586 395.409914 5.000000 150.146595 251.872984 323.148573 
127.000000 6.000000 4.000000 a 217.706224 154.155765 247.632793 82.975900 236.799493 237.488947 72.718636 196.122411 194.982050 175.866427 242.687041 130.728727 154.547727 208.403455 91.000000 189.747200 245.000000 239.943743 142.442971 201.586210 168.309239 235.552542 155.569920 203.420746 181.218101 168.834238 238.421895 190.965966 218.403297 113.070774 
237.000000 8.000000 2.000000 a 407.103181 284.494288 461.238550 279.646205 42.953463 417.214573 287.647354 282.306571 419.572401 301.811199 150.943698 353.305817 322.443794 205.185282 296.057427 63.063460 220.907220 255.765518 370.374135 232.142198 59.908263 360.513523 212.849712 365.000000 408.270744 194.123672 363.593179 219.337639 133.135270 145.773797 
197.000000 2.000000 2.000000 a 142.688472 284.675254 212.249853 205.428820 295.502961 149.482440 97.836598 326.955654 199.904977 306.066986 341.948827 143.589693 56.435804 130.000000 82.492424 259.538051 161.372240 135.930129 184.894565 104.923782 220.771375 108.374351 74.525164 96.829747 232.937760 289.110705 111.449540 102.176318 186.096749 216.843261 
132.000000 9.000000 4.000000 a 466.043989 183.371208 489.523237 239.039746 152.108514 485.223660 320.663375 146.986394 426.198311 187.968082 41.400483 370.266121 397.310961 357.593344 339.328749 136.473441 384.419042 407.295961 363.902459 373.737876 176.773867 466.235992 337.053408 446.444845 382.832862 86.313383 469.359138 359.706825 305.360443 141.661569 
173.000000 8.000000 5.000000 a 39.204592 373.005362 118.105885 285.001754 438.265901 15.231546 170.695636 423.571718 159.928109 391.154701 475.213636 153.052279 91.268834 251.015936 149.459024 400.216192 271.330057 230.417013 193.496770 218.233820 363.209306 89.050547 208.904284 47.801674 228.615398 408.009804 88.204308 223.161377 321.286477 345.615393 
190.000000 9.000000 3.000000 a 371.553495 44.944410 376.852756 119.268604 234.610315 394.711287 228.560714 31.622777 307.262103 51.351728 161.830158 261.231698 320.126537 347.286625 250.337772 192.924856 381.435447 389.236432 243.741667 351.091156 209.914268 402.990074 306.414752 368.005435 253.645422 66.068147 405.848494 338.236604 323.882695 121.379570 
247.000000 5.000000 3.000000 a 188.087745 170.847886 170.765922 93.509358 356.910353 214.667184 98.412398 224.697575 98.615415 183.521116 339.425986 71.168813 177.730133 311.096448 112.800709 308.462315 346.701601 329.074460 35.902646 294.271983 292.514957 265.759290 252.549005 211.653018 55.973208 246.174735 267.660232 287.445647 337.877197 221.882852 
115.000000 3.000000 3.000000 a 280.016071 170.988304 236.907155 143.003496 417.627825 306.894119 203.590275 216.510970 165.677397 170.698565 372.649970 171.816763 283.015901 412.825629 219.111844 369.265487 449.003341 433.963132 127.062977 398.278797 364.034339 369.672828 355.135186 313.287408 91.394748 273.130006 371.381206 390.590578 431.074240 279.202436 
170.000000 7.000000 4.000000 a 286.881509 357.145629 363.049583 302.592135 230.783448 286.000000 232.131428 382.404236 351.091156 379.138497 320.249902 290.766229 204.748626 24.596748 225.144398 218.798995 32.984845 67.230945 327.317888 57.982756 175.581890 200.204895 79.101201 229.157151 374.855972 313.081459 202.800394 52.810984 59.236813 234.303222 
220.000000 6.000000 5.000000 a 387.764104 130.648383 412.331178 167.002994 142.720006 407.082301 242.390181 116.056021 350.618026 143.087386 80.448741 293.061427 319.953122 296.946123 261.047888 104.446158 327.230805 344.511248 289.214453 308.807383 130.969462 391.369391 268.843821 369.167983 311.809237 27.202941 394.461658 294.945758 256.563832 67.007462 
158.000000 4.000000 1.000000 a 343.104940 113.265176 368.207822 128.413395 157.000000 362.596194 197.668915 118.444080 307.657277 130.973280 121.622366 249.008032 276.278845 267.464016 216.393161 110.765518 299.933326 312.742706 247.072864 275.757140 122.118795 349.757059 233.574399 325.522657 272.369235 48.373546 352.817233 262.207933 237.118114 34.205263 
178.000000 2.000000 4.000000 a 110.168053 367.495578 195.164034 283.365488 378.704370 99.408249 165.641178 412.835318 215.585250 388.061851 432.039350 181.837840 71.693793 168.964493 144.180443 346.255686 186.252517 144.367586 227.070474 135.484316 305.452124 18.439089 135.723985 49.040799 271.154937 379.581348 21.213203 142.411376 243.526179 307.766145 
185.000000 5.000000 5.000000 a 468.721666 323.215099 522.289192 330.492057 55.009090 478.711813 347.816043 311.910243 479.026095 338.143461 153.117602 413.010896 383.990885 258.487911 356.949576 102.703457 269.215527 307.702779 428.077096 287.626494 118.118584 419.915468 272.091896 426.206523 464.224084 223.439030 422.962173 275.485027 181.603965 192.761511 
187.000000 9.000000 5.000000 a 25.238859 321.224221 97.020616 233.173755 405.310992 46.173586 121.840059 372.377497 116.038787 339.001475 433.202031 100.284595 64.078077 243.829859 101.950969 364.396762 269.903687 234.008547 141.792101 213.564978 330.255961 113.251932 193.352011 53.225934 179.613474 361.137093 113.877127 215.195260 306.080055 302.882816 
138.000000 6.000000 5.000000 a 258.544000 462.429454 343.681539 389.666524 379.332308 243.823707 284.971928 498.137531 362.779547 484.487358 463.907318 320.619712 208.201825 136.003676 267.738679 364.034339 119.104996 85.052925 365.136961 118.878089 320.076553 140.811931 161.049682 198.295234 411.865269 441.889126 141.230308 132.774244 206.951685 362.403090 
120.000000 8.000000 3.000000 a 273.124514 71.449283 277.836283 20.248457 262.710868 296.971379 133.734812 121.593585 209.773688 91.443972 228.569464 161.607549 228.354987 293.824778 155.929471 214.254522 330.193882 327.566787 146.441114 289.084763 210.401996 315.065073 242.991769 274.432141 164.015243 132.966161 317.723150 278.044960 292.924905 124.169239 
132.000000 9.000000 4.000000 a 229.139695 114.424648 228.868958 29.154759 297.692795 254.007874 99.403219 167.370846 160.377679 131.095385 274.554184 114.337221 194.200927 289.069196 120.904921 248.943769 325.656260 316.284682 97.082439 278.772309 237.775104 283.185452 233.600086 237.227739 118.190524 181.218101 285.608123 269.401188 301.438219 160.256045 
192.000000 1.000000 5.000000 a 191.700287 203.177263 237.261459 130.299655 241.770552 207.663189 64.845971 243.559028 197.648678 224.984444 268.477187 131.244047 117.004273 164.477962 71.847060 198.798893 200.997512 192.353841 157.203690 154.382642 167.800477 191.023559 108.853112 166.087326 202.200396 206.968597 194.010309 144.627107 186.775266 139.176147 
198.000000 1.000000 4.000000 a 49.244289 391.751197 98.351411 303.907881 473.481784 31.144823 195.133288 443.676684 155.682369 408.705273 505.855711 165.048478 126.063476 289.918954 175.328264 434.222293 309.919344 268.555395 200.262328 257.099203 398.322733 124.787820 247.396443 86.284413 228.816520 434.513521 123.490890 262.070601 359.990278 375.659420 
111.000000 1.000000 2.000000 a 96.020831 247.167959 114.690889 159.389460 364.200494 121.264174 62.289646 299.252402 79.056942 264.229067 376.065154 27.018512 86.838931 250.966133 52.924474 319.330550 283.282544 256.602806 72.180330 226.920691 291.218131 170.941510 193.126901 114.908659 117.200683 296.096268 172.594901 223.758799 297.274284 246.756965 
265.000000 2.000000 1.000000 a 294.923719 112.871608 267.226496 100.244701 366.150242 321.628668 190.536086 158.619040 193.064756 112.698713 315.691305 178.353581 280.401498 387.195041 209.830884 318.402261 423.798301 414.208885 139.262342 376.872658 317.238081 369.628192 331.810187 317.647603 121.655251 216.178167 371.732431 367.613928 395.904029 229.008733 
234.000000 5.000000 5.000000 a 195.164034 411.928392 280.251673 334.786499 364.281485 182.274518 225.088871 451.270429 297.900990 433.665770 437.030891 256.813162 143.951381 124.422667 206.596225 341.298989 125.872952 80.622577 301.623938 94.921020 297.578561 79.006329 124.036285 134.123078 347.932465 402.800199 80.024996 107.856386 203.570627 324.890751 
221.000000 7.000000 1.000000 a 334.822341 291.207830 397.175024 259.755654 125.299641 341.878633 233.105126 304.699852 365.387466 311.777164 216.584856 299.292499 248.654379 119.239255 236.222353 114.725760 138.177422 170.155811 324.727578 145.838952 73.824115 277.252592 129.630243 287.433471 367.850513 224.964442 280.273081 133.154046 55.154329 152.751432 
225.000000 3.000000 5.000000 a 323.080485 72.449983 339.053093 88.090862 202.061872 344.653449 177.293542 93.536089 274.432141 92.649879 159.505486 220.193097 264.612925 285.686892 198.080792 155.206314 320.203061 327.136057 212.049523 288.949823 161.595173 344.702771 244.247825 313.344858 232.862620 65.802736 347.634866 276.139458 266.317480 69.570109 
200.000000 2.000000 2.000000 a 371.570989 115.572488 342.036548 154.175225 383.766856 398.246155 261.199158 137.539085 268.225651 101.004950 312.569992 254.686081 353.759806 444.937074 281.684220 339.171048 481.418737 476.592069 215.928229 438.426733 347.610414 443.199729 392.521337 392.770926 195.041021 218.009174 445.425639 428.010514 443.054173 255.644284 
286.000000 1.000000 1.000000 a 431.789300 297.405447 485.374083 298.303537 35.383612 441.969456 311.207326 291.084180 442.741460 313.682961 146.659470 376.605895 347.190150 227.107904 320.076553 73.824115 240.858880 277.245379 392.581202 254.960781 81.939002 384.786954 237.023206 389.740940 429.588175 202.249845 387.856932 242.392244 152.741612 162.027775 
277.000000 5.000000 1.000000 a 424.200424 148.060798 392.616862 202.566039 409.414216 450.911299 312.950475 152.190670 319.230324 128.549601 327.152869 307.467071 406.089892 490.935841 333.707956 367.535032 527.193513 524.550284 268.343064 486.157382 381.064299 495.529010 440.095444 445.486251 245.344656 239.852038 497.788108 475.278866 483.985537 289.435658 
246.000000 8.000000 1.000000 a 372.848495 34.409301 373.954543 118.258192 253.049402 396.637114 232.008621 22.000000 303.080847 34.481879 178.709261 260.249880 325.123054 360.627231 254.049208 211.243935 395.202480 401.513387 239.770724 363.176266 227.481867 409.518009 318.059743 372.343927 246.292509 84.291162 412.316626 350.553848 339.705755 138.003623 
211.000000 9.000000 4.000000 a 253.160028 196.758736 300.413049 147.461859 178.549713 267.366789 125.706006 225.375243 257.899205 218.826415 213.506440 191.509791 173.772840 154.201167 135.000000 136.359818 189.380569 195.440528 211.518321 157.496032 104.623133 235.535560 113.841996 221.382023 252.907098 168.514094 238.673417 144.450684 148.384635 91.021975 
169.000000 7.000000 4.000000 a 159.248234 194.833262 146.184815 112.378824 361.809342 185.809042 82.000000 248.555829 77.420927 208.904284 352.903670 42.544095 152.069063 295.601083 92.135769 314.006369 330.461798 309.982258 16.552945 276.501356 294.244796 239.008368 236.681220 183.847763 60.827625 262.855474 240.800748 270.702789 328.390012 230.531993 
207.000000 3.000000 1.000000 a 198.494332 144.499135 203.592731 56.718604 302.539254 223.035872 68.963759 196.621464 138.946033 162.003086 290.642392 86.034877 163.049072 268.365423 89.961103 254.243977 304.711339 292.200274 78.243211 255.454497 237.697286 252.239965 211.286535 205.679362 110.724884 201.695315 254.615396 246.981781 287.902761 168.964493 
212.000000 7.000000 4.000000 a 400.978802 58.034473 396.840018 146.085591 278.298401 425.381006 262.762250 19.697716 324.459551 42.720019 194.002577 286.248144 356.848707 395.540137 284.929816 239.014644 430.029069 436.496277 261.965647 398.151981 258.495648 442.245407 353.001416 403.435249 262.975284 108.503456 445.000000 385.538584 373.395233 170.836179 
266.000000 7.000000 1.000000 a 152.000000 364.472221 235.766834 284.880677 345.117371 144.183910 172.800463 406.078810 247.163913 385.902838 407.063877 203.906841 91.416629 124.402572 153.808322 316.291005 140.388746 98.716767 248.600080 90.801982 273.912395 51.739733 98.843310 90.022219 295.113537 363.666056 54.488531 99.035347 200.838243 288.043400 
284.000000 8.000000 5.000000 a 205.975727 142.274383 222.503933 57.384667 272.946881 228.694119 63.071388 191.002618 162.935570 162.188162 267.074896 103.227903 157.508730 242.853866 85.211502 224.948883 279.415461 269.987037 105.678759 232.398365 207.002415 244.640553 187.200427 203.710579 141.400141 182.945347 247.250885 223.002242 258.306020 141.820309 
270.000000 5.000000 1.000000 a 94.148818 250.071990 126.245792 162.027775 352.502482 117.426573 53.851648 301.124559 97.005155 268.091402 369.167983 43.011626 70.178344 232.697228 39.204592 308.506078 264.886768 238.212090 87.965902 208.492206 278.804591 156.604598 175.025712 102.956301 134.238594 292.473930 158.445574 205.406913 280.142821 239.133854 
102.000000 4.000000 4.000000 a 102.142058 245.073458 138.956828 157.257750 340.066170 123.967738 44.011362 295.332017 109.073370 263.685419 358.491283 51.078371 65.436993 221.199005 26.870058 296.346081 253.842471 228.324331 94.578010 197.732142 266.204808 154.019479 163.196201 103.445638 141.904898 283.478394 156.064089 194.177754 267.478971 228.267387 
190.000000 6.000000 5.000000 a 405.901466 270.296134 457.552183 268.680107 31.144823 416.990408 282.630501 266.833281 413.726963 287.236836 135.325533 347.726904 322.076078 213.410403 292.138666 47.539457 231.138487 264.357712 363.034434 239.008368 52.839379 363.940929 216.910120 365.759484 399.809955 178.440466 367.049043 225.858363 144.124946 133.060137 
172.000000 4.000000 4.000000 a 375.532955 280.793518 432.348239 265.318676 74.168727 384.759665 261.168528 285.245508 393.864190 299.643121 173.078017 327.391203 290.258505 170.836179 267.944024 74.060786 188.095720 221.639347 347.403224 197.327140 47.169906 325.960120 178.193715 331.850870 387.330608 199.619638 329.028874 184.458667 101.316336 139.176147 
225.000000 7.000000 3.000000 a 435.555967 104.656581 420.448570 186.510053 337.083076 461.111700 305.137674 80.454956 346.394284 82.764727 246.357464 318.077035 400.432266 453.207458 327.246085 299.187232 488.200778 492.589078 287.090578 454.059467 319.507433 488.043031 408.417678 445.000000 277.958630 168.190368 490.652627 441.820099 433.761455 231.624696 
291.000000 1.000000 1.000000 a 203.855341 414.730033 288.903098 338.567571 360.922429 191.211924 230.202085 453.322181 305.635404 436.554693 435.506602 263.546960 150.943698 119.436175 212.132034 339.000000 118.869677 73.878278 308.209344 91.214034 295.149115 88.000000 123.146255 142.635900 354.752026 403.298897 89.050547 104.560987 198.244798 324.992308 
290.000000 6.000000 4.000000 a 142.351677 203.214173 143.031465 116.760439 348.909730 168.193341 58.137767 256.195238 83.006024 219.209945 347.713963 25.495098 126.905477 270.680624 66.309879 301.887396 305.262182 284.121453 37.656341 250.936247 279.234668 214.720749 211.740407 160.996894 85.440037 261.612309 216.621790 245.422085 306.006536 221.822001 
174.000000 8.000000 4.000000 a 422.725679 112.485555 400.910214 182.937148 364.166171 448.878603 299.628103 105.513032 326.675680 90.785461 278.582124 304.770405 394.677083 462.481351 321.337828 323.871888 498.196748 499.231409 270.149958 460.636516 340.471732 483.497673 414.609455 437.224199 255.548430 194.247265 485.962962 449.000000 449.160328 250.059993 
238.000000 8.000000 4.000000 a 338.289817 452.689739 421.029690 396.011363 304.345199 330.310460 315.398161 477.648406 422.452364 474.700958 404.011138 367.720002 266.925083 104.861814 304.586605 302.337560 68.242216 90.448881 407.982843 119.870764 261.480401 230.063035 161.474456 276.463379 456.074555 406.281922 231.682973 126.142776 132.815662 328.385444 
154.000000 2.000000 1.000000 a 136.780847 263.501423 199.090432 182.471916 294.491086 147.898614 73.000000 307.332068 180.024998 284.604989 332.989489 121.049577 53.254108 149.856598 58.137767 255.720551 182.784026 159.731024 161.186228 127.200629 219.328521 124.402572 92.005435 100.722391 209.286884 274.331916 127.318498 122.983739 199.371513 205.231577 
129.000000 9.000000 3.000000 a 93.813645 278.059346 63.505905 194.339908 422.167029 120.108284 120.220631 331.748399 27.802878 292.027396 427.029273 57.280014 131.468627 307.006515 113.296072 376.400053 337.783955 307.600390 73.437048 280.862956 350.035712 200.808366 250.337772 140.616500 97.308787 341.458636 201.638290 279.114672 356.787051 299.813275 
152.000000 8.000000 2.000000 a 394.020304 60.033324 383.231001 142.579802 307.327187 419.233825 261.227870 50.039984 309.725685 38.013156 226.108381 277.218326 356.416891 409.799951 283.388426 266.390691 445.058423 448.491917 248.744849 409.928042 282.842712 443.703730 364.178528 401.462327 244.393126 137.539085 446.337316 397.819054 393.085232 192.761511 
171.000000 1.000000 5.000000 a 328.635056 273.197731 388.294991 242.853866 118.680243 337.010386 221.162836 286.839676 353.882749 293.751596 203.577995 287.543040 242.886805 127.251719 225.623580 101.965681 149.626201 178.404036 311.372767 151.109232 59.203040 277.189466 129.495174 283.571860 353.735777 207.711338 280.264161 137.786066 70.830784 134.825814 
108.000000 6.000000 2.000000 a 427.566369 85.094066 421.294434 173.002890 293.231990 452.159264 290.167193 42.438190 348.363316 67.601775 201.682919 312.200256 384.398231 421.318170 312.349164 256.517056 455.495335 462.916839 286.434984 424.662219 279.007168 469.895733 379.701198 430.860766 284.810463 125.538839 472.647860 411.928392 396.793397 193.767902 
200.000000 2.000000 3.000000 a 273.234332 200.471943 321.217995 159.480406 157.876534 286.900680 146.372812 224.474943 278.325349 222.193609 197.433533 212.002358 192.815974 154.922561 155.801155 116.400172 188.605408 199.449242 230.930726 162.560758 83.815273 251.033862 121.494856 239.827021 271.427707 160.723365 254.188906 148.946299 138.423264 81.252692 
141.000000 6.000000 4.000000 a 169.189243 272.038600 235.594991 197.408207 267.972013 176.918060 101.552942 311.520465 217.009216 293.860511 316.796465 156.553505 83.006024 113.951744 91.443972 232.561820 148.081059 129.799846 194.640695 94.371606 193.352011 131.795296 55.326305 124.470880 242.621104 268.186502 134.937022 88.232647 162.360710 193.747258 
258.000000 6.000000 5.000000 a 342.176855 37.000000 330.927485 94.339811 305.196658 367.600326 212.360542 75.822160 257.598525 30.000000 240.353906 225.035553 307.688154 375.490346 234.350165 260.094214 411.545866 410.903882 196.328806 372.343927 268.479049 395.919184 326.259099 351.660347 193.744677 142.555252 398.459534 360.972298 367.495578 176.465294 
297.000000 7.000000 3.000000 a 371.052557 50.990195 378.219513 120.420098 226.366959 393.909888 227.270764 38.209946 309.260408 59.135438 154.495955 261.874016 318.001572 341.320963 248.887525 184.715998 375.261242 383.740798 245.735630 345.700738 202.039600 400.106236 301.254046 366.136587 257.099203 58.008620 402.990074 332.746149 316.783838 114.021928 
180.000000 4.000000 4.000000 a 344.815893 180.892233 384.832431 176.400113 101.192885 360.323466 207.908634 186.231039 333.430652 199.461776 120.619236 269.258240 267.478971 216.115710 221.822001 52.554733 245.203997 264.954713 278.373849 230.705440 53.235327 327.940543 194.010309 315.356941 311.785182 104.350371 331.096663 216.688717 173.925271 40.311289 
256.000000 1.000000 3.000000 a 401.139627 233.488758 446.229761 240.149953 36.674242 414.605837 269.408612 227.105702 397.216566 249.479458 99.368003 332.362754 320.156212 234.053413 281.602557 12.529964 256.222560 285.142070 343.069964 256.007812 51.662365 371.079506 227.607118 366.230802 376.782431 138.397977 374.232548 242.258127 172.467388 101.980390 
168.000000 6.000000 2.000000 a 80.993827 397.280757 64.761099 311.584659 509.118847 80.280757 215.824002 450.657298 137.295302 412.040047 531.154403 169.499263 167.275222 341.063044 199.401605 467.238697 363.192786 323.024767 194.139125 308.954689 434.221142 181.276033 294.716813 136.616251 211.366979 452.606893 180.136060 312.742706 407.862722 401.059846 
164.000000 3.000000 2.000000 a 274.590604 280.142821 339.308120 231.657074 176.618232 281.113856 182.395175 304.006579 312.246697 301.975165 251.127458 247.212459 188.321534 79.120162 182.200439 152.839785 110.059075 128.269248 277.001805 96.130120 108.903627 218.048160 70.327804 226.556836 322.397270 235.306184 221.117616 82.219219 66.753277 156.118545 
161.000000 1.000000 1.000000 a 420.234458 137.058382 441.081625 189.552104 158.420327 440.218128 274.308221 108.004630 377.047742 144.367586 68.731361 321.927010 354.381151 331.802652 293.656262 128.003906 361.424958 379.815745 314.587031 344.398026 160.589539 426.973067 304.770405 403.624826 333.378164 36.878178 430.055810 330.498109 288.383425 103.043680 
193.000000 6.000000 5.000000 a 170.073514 259.123523 232.862620 184.401735 263.212842 179.694185 90.824006 298.939793 210.401996 280.919917 308.133088 148.408221 84.852814 123.227432 82.607506 226.241022 158.145503 141.823834 185.064853 105.678759 188.215302 141.421356 64.288413 129.247824 232.862620 257.017509 144.533733 98.615415 166.508258 183.575598 
280.000000 7.000000 2.000000 a 364.237560 459.252654 446.135630 407.155990 293.470612 357.259010 333.000000 481.178761 444.487345 481.040539 396.890413 387.882714 290.441044 119.402680 323.635598 296.096268 84.202138 115.212847 426.920367 140.071410 257.186703 258.062008 178.058979 302.696217 474.890514 406.420964 259.788375 144.100659 128.798292 330.151480 
116.000000 7.000000 1.000000 a 128.319913 223.861564 118.962179 139.086304 373.876985 154.987096 78.089692 277.333734 57.688820 238.723690 373.064338 16.124515 129.015503 285.590616 80.504658 327.038224 319.225626 295.182994 30.000000 263.736611 303.674167 213.178329 226.874415 156.236999 75.166482 286.225436 214.767316 259.341474 325.345970 247.315588 
Type de surveillance de chaque endroit(target):tab[nombre de target]
a a a a a a a a a a a a a a a a a a a a a a a a a a a a a a 