Nombre des capteurs:
150
Nombre des targets:
30
Nombre de type de surveillance:
1

Caracteristiques:
158.000000 2.000000 2.000000 a 312.246697 174.103418 330.607017 385.003896 236.033896 120.004167 281.780056 397.005038 362.926990 261.007663 225.319773 355.012676 213.550931 370.826105 430.769080 160.639348 168.121980 128.786645 344.920281 282.899275 416.908863 156.604598 393.020356 270.140704 329.200547 430.140675 187.619295 316.091759 424.577437 326.386274 
120.000000 4.000000 1.000000 a 321.000000 58.180753 204.083316 271.670757 295.061011 197.716969 284.086255 309.725685 390.375460 200.479425 292.071909 249.112424 87.982953 343.792088 445.040448 188.509947 143.087386 221.352660 245.814971 248.943769 327.844475 31.240999 272.660962 274.001825 247.491414 307.860358 217.862342 188.480768 337.658111 233.214494 
153.000000 8.000000 5.000000 a 302.398743 254.332460 199.904977 88.051122 393.904811 386.331464 279.322394 35.468296 374.898653 166.108398 406.853782 71.867934 285.700893 224.153965 375.713987 318.157194 258.414396 416.145407 66.610810 200.860648 31.144823 304.538996 132.242202 280.957292 88.204308 153.733536 322.490310 233.154455 43.000000 81.932899 
262.000000 9.000000 3.000000 a 111.220502 356.482819 417.742744 342.864405 239.766553 314.758638 130.384048 235.671381 136.132289 206.021844 259.061769 302.803567 428.378337 54.918121 107.415083 251.007968 254.686081 332.773196 276.090565 145.382255 245.595195 407.878658 386.865610 141.873183 221.352660 417.943776 228.877697 440.093172 239.002092 257.029181 
222.000000 6.000000 1.000000 a 286.400070 34.132096 140.064271 182.584227 299.628103 230.824609 248.943769 219.276082 363.446007 130.980915 302.645007 157.178243 92.135769 282.936389 405.804140 190.924069 122.613213 259.855729 153.652205 192.127562 236.782601 86.556340 190.168346 241.298570 160.424437 228.162223 214.336185 139.387948 247.008097 142.270868 
101.000000 3.000000 4.000000 a 231.767125 195.576072 197.344876 122.024588 313.729183 304.724466 204.474937 62.968246 308.379636 84.005952 326.007669 79.322128 244.675295 171.283391 321.210212 236.052960 177.901658 334.383014 52.153619 124.169239 83.168504 249.721845 163.917662 204.553172 6.082763 198.073219 240.559764 224.008928 90.376988 33.376639 
299.000000 3.000000 3.000000 a 97.416631 210.000000 300.308175 260.000000 172.985549 194.115945 63.655322 192.418814 177.019773 76.609399 187.181730 215.800834 285.012280 103.942292 211.834841 121.708669 105.550936 219.695243 189.994737 22.000000 211.265236 259.408944 296.582198 61.611687 137.742513 334.306745 112.538882 315.483756 212.475881 164.839316 
151.000000 1.000000 3.000000 a 123.693169 198.841646 275.936587 230.672929 202.074244 214.114455 92.314679 163.416645 203.002463 52.201533 215.696546 186.472518 271.016605 105.990566 231.482181 141.354165 109.786156 241.205307 160.424437 13.928388 182.584227 250.880450 268.016791 91.268834 107.782188 305.360443 136.824705 293.073370 184.390889 135.417872 
190.000000 3.000000 1.000000 a 289.527201 416.043267 401.463572 291.163184 416.677333 463.470603 291.595610 180.944743 328.390012 272.281105 434.935627 269.981481 467.786276 187.243157 288.392094 391.337450 361.719505 487.944669 253.001976 250.798724 172.965314 470.940548 334.336657 300.433021 225.248751 349.692722 379.332308 433.416659 160.654910 250.798724 
237.000000 2.000000 1.000000 a 290.172363 127.475488 110.385687 93.005376 340.872410 298.564901 256.284998 135.369864 369.737745 116.400172 348.678935 63.560994 157.867033 252.970354 395.782769 242.266382 171.816763 328.901201 63.780875 180.759509 150.243136 175.422347 113.318136 252.400475 93.343452 153.235113 257.497573 132.966161 161.604455 61.983869 
115.000000 1.000000 4.000000 a 345.210081 387.014212 333.779868 216.923950 462.155818 484.224122 336.005952 134.316790 400.289895 268.784300 478.553027 209.976189 423.565815 244.368574 374.350104 411.831276 365.465457 511.994141 202.548760 273.561693 116.691902 439.277816 254.686081 342.093554 199.491854 261.489962 407.412567 368.078796 106.404887 211.101871 
257.000000 8.000000 4.000000 a 234.642281 218.908657 213.114992 126.763559 324.513482 322.248351 210.202284 43.289722 309.090602 101.271911 337.712896 87.595662 266.992509 164.757397 316.400063 252.285552 197.185192 351.552272 62.169124 131.320219 63.639610 272.998168 170.856665 211.539594 27.202941 202.192977 254.636997 241.406297 69.260378 51.195703 
280.000000 7.000000 3.000000 a 249.272943 113.159180 272.249885 310.040320 204.628932 106.103723 214.972091 313.847097 311.102877 177.228666 200.449495 276.855558 176.082367 294.477503 372.388238 103.121288 86.556340 131.654852 264.569462 203.216633 333.880218 122.613213 323.360480 203.747393 245.817005 362.049720 133.184083 264.886768 341.269688 244.787663 
265.000000 3.000000 4.000000 a 243.823707 439.727188 457.157522 356.723983 372.977211 440.959182 257.619875 240.201998 262.427133 285.938805 392.210403 327.123830 501.920312 155.589203 209.193690 372.796191 360.484396 461.400043 305.080317 243.655494 239.083667 494.385477 401.782279 268.402683 263.212842 423.122914 354.407957 486.121384 227.899100 295.526649 
239.000000 8.000000 1.000000 a 143.840189 228.035085 371.086243 370.108092 68.876701 64.350602 122.441823 328.184399 185.784822 187.747170 68.680419 328.283414 302.344175 226.415547 255.331158 43.278170 114.284732 81.400246 306.819165 164.754363 348.070395 254.466108 397.216566 111.606451 264.939616 437.082372 31.064449 373.483601 351.035611 281.836832 
268.000000 2.000000 1.000000 a 86.838931 343.582596 413.627852 344.768038 215.176672 291.743038 108.004630 241.867732 115.260574 196.596033 234.478144 303.402373 417.019184 53.600373 98.493655 229.368699 237.360485 309.142362 276.349417 133.015037 253.464001 393.814677 387.930406 119.620232 220.531177 420.475921 206.305599 434.420303 247.881020 255.806568 
128.000000 3.000000 3.000000 a 337.053408 405.172803 361.734709 245.709178 458.215015 488.305232 331.452862 153.388396 386.948317 278.212149 475.310425 234.957443 446.054929 234.360833 355.613554 415.540612 373.909080 515.186374 224.715376 275.000000 138.130373 458.469192 284.987719 338.492245 214.219514 293.537050 408.717506 395.627350 126.605687 230.288949 
241.000000 2.000000 5.000000 a 189.282857 274.302752 290.759351 202.232539 301.001661 326.896008 175.641681 91.831367 254.530941 126.668860 317.157689 165.420676 332.677021 98.600203 248.901587 254.096438 217.267117 353.547734 140.427917 113.322549 102.727796 329.370612 247.194256 181.069048 93.343452 275.936587 247.145706 318.000000 97.652445 127.035428 
161.000000 5.000000 2.000000 a 14.212670 308.298557 411.092447 366.611511 123.547562 209.153054 49.396356 283.176623 66.241981 187.523332 142.888068 322.592622 385.709735 114.017543 116.249731 156.604598 187.683244 222.912539 295.908770 124.579292 299.234022 351.745647 405.246838 57.271284 240.709368 442.010181 128.875909 425.311650 297.015151 271.587923 
210.000000 4.000000 1.000000 a 99.126182 199.379036 313.453346 290.027585 132.966161 145.825238 62.032250 235.331681 172.800463 101.965681 144.806768 246.434575 276.990975 144.360659 223.002242 74.060786 79.000000 171.026314 222.463480 69.856997 254.866632 242.744722 322.615871 52.153619 175.148508 361.669739 64.132675 323.681943 257.157539 196.977156 
294.000000 6.000000 1.000000 a 378.259170 249.146543 138.191896 35.014283 453.362989 423.987028 350.385502 126.574089 454.526127 218.753286 463.699256 74.672619 254.169235 310.654149 462.588370 363.192786 295.162667 454.400704 98.488578 269.937030 123.081274 288.979238 51.000000 349.757059 151.818971 61.392182 374.209834 173.112680 133.880544 123.943536 
243.000000 7.000000 5.000000 a 294.431656 80.000000 237.118114 293.018771 258.193726 157.800507 258.518858 316.835920 360.272119 193.724031 254.159399 265.650146 127.640119 327.756007 418.466247 154.379403 119.920807 181.069048 258.414396 233.460918 335.965772 71.505245 299.167177 247.822517 251.223009 336.037200 184.295958 224.610774 344.827493 242.470617 
252.000000 6.000000 4.000000 a 246.629276 84.403791 155.219200 158.619040 280.492424 232.355331 210.190390 171.011696 325.576412 80.156098 286.818758 123.685084 144.360659 232.008621 361.698770 178.058979 106.887792 262.667090 112.578861 144.734239 189.707670 139.230025 178.675684 204.166599 108.300508 218.552053 195.645087 166.090337 199.022612 95.770559 
208.000000 9.000000 3.000000 a 285.015789 377.322144 354.611055 243.392687 407.592934 442.923244 280.862956 135.074054 334.185577 240.052078 425.000000 223.486017 425.440948 182.043951 304.108533 370.158074 333.408158 468.984008 207.793166 228.779370 125.717938 431.806670 286.393087 288.367821 185.000000 301.802916 361.448475 386.959946 113.357840 207.663189 
260.000000 9.000000 1.000000 a 373.751254 156.524758 292.754163 369.431996 313.438989 199.100477 339.841139 405.838638 432.453466 285.917820 304.494663 347.519784 164.048773 416.850093 496.179403 224.439301 207.511445 211.248669 343.712089 323.487249 424.444343 115.121675 367.805655 328.566584 341.603571 401.299140 253.899586 271.090391 433.850205 330.048481 
120.000000 3.000000 3.000000 a 362.926990 258.677405 161.471360 47.010637 444.416471 422.195452 336.823396 103.174609 437.778483 210.297408 455.702754 72.027772 271.090391 290.410055 442.330193 358.699038 292.754163 452.552759 90.244113 256.628136 97.308787 301.902302 77.491935 337.037090 138.235307 88.684835 367.582644 196.458647 107.517440 115.247560 
296.000000 5.000000 2.000000 a 102.459748 264.037876 326.675680 262.068693 216.748702 258.451156 90.088845 168.656456 172.046505 112.004464 233.805475 219.476650 334.723767 40.447497 181.466250 187.277868 171.723615 282.209142 192.275844 55.461698 183.883115 316.532779 304.021381 97.015463 135.915415 338.119801 173.519451 347.554312 181.245690 170.469939 
238.000000 7.000000 1.000000 a 208.865986 90.824006 227.622494 241.993802 209.028706 148.761554 171.420536 235.490976 281.902465 99.488693 212.207446 205.039021 168.573426 230.826775 332.254421 100.568385 33.105891 179.011173 189.855208 136.165341 255.624725 133.093952 261.965647 162.003086 167.314076 301.734983 123.846679 229.810792 262.771764 168.514094 
185.000000 8.000000 2.000000 a 35.608988 282.280003 394.665681 359.802724 95.509162 173.899396 38.078866 285.819873 90.255194 174.656806 114.232220 315.601014 360.047219 134.171532 149.906638 122.249744 159.452187 188.350737 289.689489 117.991525 303.270506 323.210458 396.137602 38.288379 236.501586 434.051840 93.920179 406.452949 302.483057 264.609146 
123.000000 7.000000 3.000000 a 150.013333 152.505738 280.871857 275.757140 153.264477 123.178732 113.357840 242.398432 220.839308 98.127468 159.477271 234.350165 230.256379 188.875620 274.116763 54.744863 28.861739 152.472948 213.775583 100.568385 262.718481 192.761511 302.775494 103.043680 176.071008 342.614944 68.242216 286.803068 267.320033 189.235303 
172.000000 3.000000 5.000000 a 62.649820 248.243832 365.603610 338.155290 93.193347 147.322775 38.587563 273.338618 125.159898 150.426062 109.114619 294.151322 326.038341 144.003472 183.806964 89.196412 124.907966 165.556637 269.156089 102.357218 291.880112 288.367821 372.413748 28.792360 218.504005 411.059606 62.769419 375.809792 292.480769 243.731410 
158.000000 7.000000 3.000000 a 434.885042 202.141040 42.941821 124.310096 475.732067 413.823634 400.475967 238.008403 514.487123 260.986590 481.015592 150.960260 166.075284 393.960658 539.834234 370.202647 299.252402 442.747106 175.137089 325.676220 242.668498 218.013761 84.154620 396.011363 227.107904 91.934759 390.386987 59.539903 254.866632 191.376592 
228.000000 3.000000 1.000000 a 312.648365 84.717177 90.686272 131.244047 343.332201 283.383133 276.421779 189.156020 391.771617 142.442971 348.281495 113.229855 104.043260 290.766229 426.001174 237.406824 166.481230 312.923313 117.443603 208.434642 204.009804 125.706006 135.003704 270.519870 142.442971 172.742583 257.856549 99.764723 215.418198 114.494541 
154.000000 9.000000 3.000000 a 67.675697 240.353906 357.643677 331.037762 97.867257 144.958615 39.623226 267.807767 132.672529 143.125819 113.017698 287.088836 318.147764 143.756739 190.073670 84.172442 117.153745 164.401946 262.251787 96.881371 286.525741 280.793518 365.000000 28.600699 212.077816 403.728869 59.203040 367.766230 287.388239 236.799493 
162.000000 3.000000 2.000000 a 157.917700 327.621733 361.935077 275.572132 284.253408 335.882420 159.423963 163.110392 206.155281 173.104015 302.497934 238.600084 392.657612 54.918121 185.067555 265.203695 247.242796 358.834224 213.190056 130.598622 170.801054 381.907057 320.576044 168.617911 162.889533 348.891100 250.217905 387.806653 163.248277 197.989899 
108.000000 1.000000 5.000000 a 216.004630 152.551631 187.032083 141.661569 281.055155 261.000000 183.847763 110.693270 295.221950 46.529560 291.563029 97.948966 209.389589 177.290722 319.126934 194.743421 132.457540 291.042952 74.632433 105.603030 130.740200 207.472890 176.479461 181.372545 43.046487 214.618266 202.881739 207.927872 138.224455 49.477268 
170.000000 8.000000 3.000000 a 288.124973 241.813978 196.756194 89.944427 378.187784 370.390335 264.367169 26.925824 361.400055 150.083310 391.030689 65.787537 276.278845 212.362897 364.247169 302.134076 242.621104 400.179960 55.172457 185.520888 32.695565 292.856620 135.148067 265.770578 72.173402 160.078106 306.491435 229.120056 44.944410 67.542579 
238.000000 3.000000 5.000000 a 307.995130 101.867561 90.210864 113.053085 346.244134 292.369629 272.530732 170.135240 387.485484 135.247921 352.241395 93.407708 123.405835 279.973213 418.551072 242.528349 171.189953 322.280933 98.005102 201.308221 184.613109 145.120639 120.813906 267.366789 126.301227 159.655880 261.204900 105.948101 196.124960 96.566040 
194.000000 2.000000 4.000000 a 195.358645 137.233378 202.425295 172.235304 250.017999 227.002203 160.801119 142.337627 274.963634 22.135944 259.730630 129.448832 202.940878 173.000000 305.792413 160.953409 98.731960 257.031127 107.707938 88.255311 162.640708 192.005208 203.906841 156.732256 74.040529 242.981481 170.135240 218.762428 169.248338 83.024093 
138.000000 5.000000 5.000000 a 256.462473 322.187833 304.138127 197.091349 372.108855 397.182578 246.050808 83.186537 315.431451 187.771137 388.515122 172.455791 370.552291 157.800507 297.598723 324.471879 282.842712 424.321812 154.690013 184.610401 78.230429 376.619171 241.598841 252.049598 129.807550 261.633331 318.562396 335.596484 66.610810 152.947703 
152.000000 1.000000 3.000000 a 216.889373 132.924791 181.570923 150.083310 272.472017 245.344656 182.879742 130.613935 296.487774 43.011626 281.886502 107.856386 192.574661 187.864313 325.024614 181.245690 116.017240 275.588461 87.572827 108.226614 150.479234 187.962762 181.135309 179.134028 63.513778 220.272558 191.838474 199.551998 158.319298 64.007812 
210.000000 8.000000 4.000000 a 174.751252 373.202358 406.970515 316.891149 304.171005 367.789342 185.299757 201.853908 206.038831 218.524598 323.154762 281.684220 438.912292 82.073138 168.433963 299.294170 288.175294 388.733842 256.970815 171.510933 206.651881 427.243490 362.167089 195.816240 208.290662 388.660520 281.277443 433.416659 197.590486 242.997942 
251.000000 5.000000 4.000000 a 46.389654 253.491617 362.349279 327.832274 113.110565 169.011834 15.811388 257.116705 118.903322 142.144293 129.988461 283.647669 331.061928 121.202310 170.423003 107.354553 132.457540 188.042548 257.937977 87.235314 275.138147 296.521500 363.792523 7.071068 205.428820 401.837032 83.240615 374.593113 275.078171 232.744495 
255.000000 3.000000 1.000000 a 247.455046 168.344884 327.604945 362.270617 174.734084 61.684682 217.816436 356.602019 298.100654 214.478437 166.111408 327.258308 227.701559 310.257957 365.625491 96.254870 117.783700 81.055537 312.963257 226.141549 376.920416 172.002907 377.482450 206.155281 288.321002 416.448076 122.560189 319.765539 383.293621 291.650476 
190.000000 4.000000 4.000000 a 412.021844 177.087549 17.464249 117.046999 450.608478 388.294991 377.210816 225.887140 491.629942 238.212090 455.724698 137.091211 145.120639 374.422222 518.746566 344.802842 273.928823 417.250524 159.380049 303.433683 232.467202 195.164034 83.408633 372.462079 208.904284 101.710373 365.202683 42.544095 244.806046 173.366663 
279.000000 3.000000 4.000000 a 198.758648 172.037787 208.710326 154.625354 272.369235 262.011450 168.371613 103.942292 277.346354 41.012193 284.091535 110.421918 231.458420 154.780490 298.303537 193.023315 136.308474 291.556170 84.599054 88.413800 124.338248 227.107904 192.379833 167.047897 37.013511 229.381778 197.772597 230.436542 130.080744 59.405387 
275.000000 6.000000 3.000000 a 91.787799 205.730406 315.407673 287.946176 136.970800 155.794737 54.230987 229.386137 167.299133 99.859902 149.833241 244.100389 283.098923 133.734812 215.083705 84.403791 87.281155 180.546393 219.583697 61.522354 248.696602 250.287834 321.602239 45.354162 170.762994 360.380355 72.801099 326.712412 250.577333 194.095337 
221.000000 7.000000 5.000000 a 353.033993 97.800818 230.217289 307.514227 314.745929 208.887530 316.829607 350.342689 419.305378 240.786212 309.457590 287.403897 103.097042 381.812781 477.142536 212.983567 176.918060 228.536649 285.427749 286.986062 368.266208 52.172790 304.909823 306.282549 288.530761 338.337110 242.985596 209.773688 378.228767 273.629311 
203.000000 1.000000 4.000000 a 18.248288 298.095622 404.675178 363.902459 111.825757 195.274166 42.201896 284.059853 74.330344 182.098874 131.034347 319.757721 375.692694 121.412520 129.247824 143.136299 176.504957 209.229539 293.334280 121.165177 300.695860 340.599472 401.676487 47.927028 238.805360 438.919127 115.169440 417.958132 299.040131 268.672663 
267.000000 8.000000 5.000000 a 48.093659 312.116965 426.645052 390.913034 89.202018 186.214930 68.007353 313.843910 64.195015 206.494552 108.600184 346.711696 389.908964 151.052971 132.502830 144.222051 188.600106 196.114762 320.600998 148.448644 330.723449 351.454122 427.691478 70.007142 266.810794 465.430983 114.437756 438.211136 329.273443 295.656896 
189.000000 8.000000 5.000000 a 303.329853 79.075913 100.568385 135.856542 333.444148 274.167832 266.992509 187.408644 382.367624 133.880544 338.434632 114.825955 106.174385 283.105987 417.234946 227.622494 156.646098 303.797630 116.726175 199.722307 202.943342 123.174673 142.225174 260.984674 137.898513 180.471604 247.975805 109.274883 214.114455 111.646764 
292.000000 1.000000 4.000000 a 406.420964 288.312331 169.649639 74.242845 487.265841 461.741270 380.384016 143.934013 481.015592 252.810205 498.261979 111.004504 290.723236 332.415403 484.126017 399.731160 332.579314 492.148352 132.189258 300.166620 135.074054 327.330109 80.430094 380.552230 181.727818 70.007142 409.591260 203.887224 143.756739 157.543645 
198.000000 7.000000 2.000000 a 276.669478 218.403297 182.332115 85.088190 361.159245 349.051572 250.798724 39.560081 351.863610 129.988461 373.364433 51.009803 254.825430 207.624661 359.424540 281.710845 220.655841 379.001319 33.615473 170.844959 53.263496 269.816604 130.034611 251.340407 53.450912 159.665275 287.383020 213.377600 64.637450 43.863424 
101.000000 3.000000 1.000000 a 469.012793 260.247959 101.271911 126.873953 521.855344 467.771312 436.642875 242.594312 548.033758 297.015151 528.639764 166.003012 228.177562 416.203075 566.156339 419.487783 348.143649 497.257479 193.000000 358.503835 242.033056 279.517441 81.939002 433.503172 249.018072 60.133186 437.412848 121.593585 253.339693 214.394496 
232.000000 6.000000 3.000000 a 276.622486 338.753598 312.181037 201.558924 393.214954 418.383795 267.001873 92.849340 333.937120 207.684857 409.703551 181.041432 384.502276 176.821944 313.158107 345.700738 303.250721 445.600718 165.710591 205.975727 83.360662 392.821843 245.032651 273.148311 146.454771 262.085864 339.930875 344.511248 71.021124 166.739317 
275.000000 9.000000 3.000000 a 149.281613 165.060595 300.775664 299.481218 133.660016 100.019998 114.843372 265.996241 214.674172 122.016392 138.224455 258.311827 242.076434 200.890517 272.882759 30.594117 43.840620 128.875909 237.918053 117.885538 286.276091 200.339711 325.748369 103.580886 200.010000 365.636431 48.166378 304.947536 290.628629 213.412746 
162.000000 3.000000 5.000000 a 397.605332 120.615090 66.640828 175.727061 413.574661 336.013393 360.627231 265.000000 475.857121 230.835439 415.650093 178.443268 68.117545 380.110510 513.608801 304.139771 237.261459 363.166628 192.317446 296.384885 276.508589 122.723266 154.508899 353.751325 228.116198 179.513231 328.635056 39.012818 288.669361 196.540072 
110.000000 4.000000 4.000000 a 126.589889 282.851551 331.312541 256.743062 245.961379 289.153938 119.218287 154.311374 189.190380 128.319913 263.370462 216.020832 350.583799 34.828150 186.807387 217.720004 198.403629 313.057503 189.179809 81.688432 167.200478 336.514487 300.323159 126.905477 134.260940 332.276993 204.377102 354.611055 162.828130 169.944108 
277.000000 4.000000 2.000000 a 456.806305 235.936432 76.243032 126.150704 503.978174 445.880029 423.426499 242.835335 536.210779 283.480158 510.024509 160.648685 201.022387 409.353148 557.713188 399.941246 328.689823 475.083151 186.815417 346.655449 244.591496 253.047426 81.221918 419.659386 241.588493 72.917762 419.004773 94.191295 256.382527 206.169833 
169.000000 1.000000 2.000000 a 216.748702 352.059654 360.234646 260.572447 342.032162 387.072345 216.115710 143.850617 263.594385 202.408004 360.001389 230.139088 410.007317 113.534136 235.236052 315.063486 287.987847 411.460812 208.153789 175.071414 144.544111 407.117919 305.805494 224.610774 168.324092 328.841907 302.848147 389.486842 134.134261 199.424171 
239.000000 3.000000 5.000000 a 186.024192 319.882791 339.425986 247.032387 308.753947 350.707856 182.200439 132.098448 239.459809 168.119005 326.377083 212.426458 380.548289 83.600239 220.292987 278.582124 251.765764 375.341178 188.289670 138.452158 137.905765 374.817289 292.328582 190.160459 142.506140 318.851062 266.833281 367.021798 129.618671 176.002841 
217.000000 9.000000 3.000000 a 369.737745 158.455041 37.483330 82.800966 414.849370 360.462203 335.600954 183.469343 449.319485 195.880065 421.170987 94.201911 147.648231 329.514795 474.605099 311.642423 240.301893 390.151253 115.004348 260.345924 191.637679 188.470157 64.845971 331.403078 163.783394 98.249682 330.037877 70.384657 204.004902 128.265350 
292.000000 2.000000 2.000000 a 165.423698 448.384879 561.642235 516.895541 178.474088 294.550505 199.160739 426.645052 87.000000 338.803778 191.211924 473.097242 526.115006 241.000000 112.040171 272.624284 324.570485 292.959042 446.189422 275.936587 440.719866 485.720084 556.305671 204.266982 390.363933 592.616233 242.792092 574.415355 436.633714 422.275976 
299.000000 4.000000 4.000000 a 112.218537 292.432898 347.139741 274.650687 235.153142 285.124534 109.201648 172.678893 171.758551 138.924440 253.049402 233.600086 361.896394 16.643317 168.514094 214.895323 201.717624 307.865230 206.651881 85.422479 185.413052 345.398321 318.025156 117.987287 151.287805 350.294162 199.288735 369.687706 180.834178 186.850207 
279.000000 3.000000 3.000000 a 243.016460 385.892472 387.675122 283.705834 370.390335 419.869027 245.733596 168.000000 282.936389 237.002110 388.731270 256.439077 442.512147 140.943251 246.351375 348.209707 322.552321 443.717252 236.044487 209.009569 165.215011 440.964851 328.466132 254.803846 199.864954 348.694709 335.013433 417.905492 153.730283 229.444983 
122.000000 7.000000 1.000000 a 128.097619 318.121046 454.070479 438.151800 23.769729 139.003597 132.306462 376.446543 125.495020 250.059993 35.440090 394.533902 393.600051 230.670761 200.661406 132.400906 198.494332 137.102152 370.314731 205.496959 394.867066 346.655449 470.159547 127.424487 321.076315 509.434981 106.667708 459.579155 395.182236 344.820243 
155.000000 7.000000 2.000000 a 127.882759 418.688428 499.064124 431.648005 228.674441 328.732414 163.229899 327.024464 90.906545 278.677233 247.412611 390.356248 494.335918 140.356688 21.023796 278.648524 303.797630 339.308120 363.298775 213.025820 337.415175 466.009657 474.882091 173.954017 307.423161 507.276059 250.840587 518.700299 330.928995 342.607647 
128.000000 7.000000 2.000000 a 338.249908 92.070625 70.327804 135.325533 365.591302 300.592748 301.869177 207.118324 417.254119 168.404275 369.802650 125.495020 89.938868 316.412705 451.948006 258.379566 188.175450 329.607342 134.331679 234.386433 220.585584 122.800651 130.230565 295.771872 165.130252 165.245272 280.028570 74.625733 232.381152 135.029626 
131.000000 1.000000 2.000000 a 224.153965 92.849340 178.644899 175.934647 257.606289 213.775583 187.459329 174.063207 302.848147 62.801274 264.321774 138.090550 160.377679 214.674172 340.530469 156.588633 86.034877 244.182309 123.178732 124.679589 193.644003 147.648231 199.077874 181.176709 107.647573 239.002092 173.066461 189.169236 201.933157 102.883429 
193.000000 4.000000 5.000000 a 191.031411 425.958918 467.367093 377.974867 317.308998 396.184301 211.851363 262.640439 197.800404 271.827151 336.719468 342.760850 494.272192 123.130013 141.014184 332.231847 331.909626 413.832092 317.907219 217.947241 266.660833 479.059495 423.265874 223.331592 268.361696 449.444101 310.344969 493.243348 257.147817 303.389189 
176.000000 7.000000 1.000000 a 413.037529 235.053185 93.941471 64.884513 474.377487 430.419563 382.049735 180.235956 491.391901 243.944666 482.635473 106.018866 221.995495 355.688066 506.442494 376.315028 305.550323 460.538815 133.221620 302.645007 180.036107 265.505179 21.931712 379.770984 189.612763 21.000000 391.541824 126.491106 191.509791 156.083311 
233.000000 1.000000 3.000000 a 341.234523 51.894123 174.011494 251.199124 324.692162 230.950211 303.797630 301.257365 413.319489 206.189233 322.769267 233.257369 53.338541 354.802762 464.569693 216.393161 163.768129 255.290031 233.540146 260.739333 318.276609 5.099020 247.648945 294.334843 243.002058 281.154762 244.969386 155.913438 328.805414 224.180731 
115.000000 1.000000 5.000000 a 360.867012 186.077941 76.485293 41.048752 418.699176 375.281228 328.841907 149.030198 439.819281 189.694491 426.804405 62.169124 186.432293 309.982258 458.812598 320.449684 249.771896 405.488594 87.595662 250.337772 154.719100 222.638721 35.440090 326.038341 142.225174 75.272837 335.678418 111.018017 167.035924 106.943911 
167.000000 8.000000 1.000000 a 367.662889 123.490890 36.674242 124.458829 398.931072 334.240931 331.798131 213.459598 447.010067 195.542834 403.386911 126.142776 103.469802 339.673373 478.953025 292.063349 221.650626 363.141846 141.209065 261.644797 224.403654 146.768525 108.853112 326.193194 181.044193 139.832042 313.383152 45.607017 236.617835 147.763324 
257.000000 7.000000 3.000000 a 200.823305 177.730133 331.694136 350.827593 133.880544 39.560081 171.965113 330.945615 251.872984 186.507373 128.316016 312.541197 246.657657 267.290105 318.863607 50.606324 92.048900 69.641941 295.137256 187.627290 351.336021 194.733151 371.285604 160.312195 263.471061 411.004866 75.769387 328.758270 356.552941 272.007353 
279.000000 3.000000 2.000000 a 303.041251 382.685249 351.523826 238.100819 424.499706 456.697931 297.724705 135.118467 353.411941 249.897979 441.693333 221.562632 427.817718 200.359677 323.805497 383.897122 344.576552 483.216308 207.966343 242.866218 123.130013 436.734473 279.951782 304.906543 190.370691 293.027302 376.240615 384.533484 110.860272 210.237960 
116.000000 6.000000 4.000000 a 169.729196 176.051129 322.615871 331.061928 121.235308 62.649820 139.291062 302.914179 225.800797 158.533908 120.602653 291.053260 249.899980 233.345238 290.082747 18.027756 69.921384 92.086915 271.889684 154.434452 323.241396 202.200396 354.752026 127.632284 236.357780 394.665681 47.169906 323.233662 327.835325 247.891105 
225.000000 6.000000 3.000000 a 477.297601 290.353233 135.092561 125.876924 539.115016 492.284471 446.722509 234.882950 555.317027 308.914228 547.132525 169.177422 264.705497 416.606529 568.106504 440.059087 369.012195 522.196323 196.237101 367.070838 230.932891 314.025477 86.833173 444.599820 252.507426 49.819675 455.951752 159.452187 241.281993 219.938628 
297.000000 7.000000 2.000000 a 209.028706 232.845442 387.951028 405.380069 107.689368 17.204651 188.215302 378.441541 243.312556 234.307490 95.047357 366.154339 299.113691 291.508147 315.748317 83.546394 144.533733 16.763055 347.570137 223.600089 398.720453 245.153013 427.012880 177.259696 312.230684 466.804027 92.282176 384.407336 402.990074 323.748359 
129.000000 2.000000 4.000000 a 90.520716 387.525483 485.824042 432.356335 166.973052 272.611445 128.062485 337.960057 26.907248 261.658174 185.205292 389.104099 464.882781 150.943698 48.270074 230.097805 266.692707 280.431810 361.964087 196.224361 351.432782 430.795775 473.207143 136.499084 305.655034 508.378796 200.731163 501.695127 346.978385 338.904116 
148.000000 8.000000 4.000000 a 364.606637 166.000000 50.960769 68.410526 414.077287 363.534042 331.113274 170.425937 444.072066 191.167466 421.028503 81.301906 160.124951 320.929899 467.343557 312.462798 241.182504 393.448853 103.392456 254.629142 178.025279 198.879360 53.935146 327.371349 154.120083 90.138782 329.771133 84.581322 190.394328 118.406081 
242.000000 4.000000 5.000000 a 111.825757 216.020832 347.968389 336.590255 86.838931 100.657836 84.386018 287.920128 168.074388 150.572242 95.341491 293.777126 293.061427 185.647515 231.389282 40.792156 93.477270 122.298814 271.029519 122.331517 307.587386 250.567356 366.398690 72.917762 226.318360 405.997537 14.142136 353.922308 310.079022 245.709178 
283.000000 9.000000 2.000000 a 317.926092 118.376518 270.780354 332.879858 265.346943 155.241747 283.557754 357.762491 378.699089 231.948270 258.383436 306.432701 151.713546 360.118036 440.918360 170.293864 150.764717 173.046237 299.527962 267.029961 376.969495 94.868330 337.164648 272.369235 291.815010 373.226473 200.159936 254.921557 385.736957 283.593018 
200.000000 3.000000 3.000000 a 317.955972 358.075411 312.385979 196.840037 433.001155 453.357475 307.275121 105.361283 375.683377 237.800336 449.160328 185.321343 397.001259 218.563492 353.751325 381.026246 334.462255 481.215129 175.601822 243.248844 89.022469 410.829648 237.118114 313.014377 169.189243 248.098771 376.968168 346.156034 77.897368 182.433550 
187.000000 5.000000 4.000000 a 215.362485 89.269256 193.747258 195.971937 240.709368 193.762742 178.058979 191.023559 293.027302 67.082039 246.677928 158.154987 162.249807 215.204554 334.426375 137.767921 66.708320 224.162887 142.790056 122.200655 210.888596 142.337627 218.403297 170.847886 123.547562 258.321505 155.602057 201.695315 218.689277 121.807225 
131.000000 7.000000 4.000000 a 191.637679 255.759653 272.150694 186.507373 297.672639 316.891149 174.347354 80.808415 260.547500 110.453610 313.129366 148.313856 313.408679 108.208133 260.017307 244.245778 203.415830 344.245552 122.723266 105.683490 94.667840 310.831144 231.101709 178.619708 74.108029 261.093853 239.365829 299.026755 91.787799 108.226614 
216.000000 4.000000 3.000000 a 109.041277 256.561883 391.173874 378.359617 43.908997 103.368274 95.078915 324.038578 145.065502 191.083751 55.108983 335.180548 332.824278 200.638979 215.355520 72.449983 135.723985 115.108644 311.785182 154.324334 343.233157 287.835022 409.024449 86.023253 264.969810 448.518673 44.418465 396.708961 344.781090 286.342452 
250.000000 5.000000 2.000000 a 240.520269 76.026311 166.171598 174.562310 268.126836 216.898594 203.538694 184.165686 318.822835 80.752709 273.804675 139.606590 142.351677 232.697228 357.829568 164.124952 92.784697 247.163913 127.882759 142.506140 203.226475 131.061054 193.878828 196.824795 119.670381 233.694245 182.879742 174.453432 212.174457 110.072703 
148.000000 2.000000 5.000000 a 355.147857 108.166538 242.249871 319.061123 312.416389 204.501834 319.330550 360.173569 420.019047 247.969756 306.426174 298.412466 114.856432 386.993540 479.117940 212.680512 180.446668 222.948425 295.935804 292.308057 378.276354 64.132675 316.829607 308.603305 297.712949 350.344117 242.744722 221.652882 388.105656 283.640618 
180.000000 6.000000 3.000000 a 273.232502 138.974818 298.484505 343.642256 211.910358 101.237345 240.852652 350.463978 329.560313 213.600094 204.462711 311.717821 191.650724 325.972391 394.405882 122.249744 121.016528 120.432554 300.273209 236.596703 370.471321 135.000000 354.746388 229.333818 282.469467 392.842208 151.251446 287.847182 377.915334 280.930596 
262.000000 2.000000 5.000000 a 23.323808 289.830985 398.282563 359.680414 106.404887 186.657440 36.796739 282.179021 82.280010 176.479461 125.399362 315.493265 367.491497 124.458829 138.462991 133.929086 167.871975 201.136769 289.254213 117.004273 299.173862 331.929209 396.914348 40.816663 235.212670 434.424907 106.042444 411.057174 297.892598 264.412556 
160.000000 4.000000 1.000000 a 174.040225 160.860188 306.804498 316.303652 135.484316 75.000000 141.548578 291.192376 234.076910 146.659470 135.723985 276.683935 235.321057 231.041122 296.151988 26.925824 55.108983 105.118980 258.027130 148.121572 311.565402 188.692872 339.436297 130.000000 224.082574 379.337581 56.718604 307.522357 316.546995 234.307490 
286.000000 6.000000 2.000000 a 326.638944 304.540638 241.660919 125.000000 427.931069 429.364647 307.962660 64.031242 394.254994 208.273858 442.090488 119.753914 334.677457 237.993697 385.648804 359.502434 303.216095 458.747207 116.828935 233.283090 44.045431 354.685776 164.347193 311.173585 131.034347 176.045449 361.167551 275.943835 43.324358 131.045794 
163.000000 1.000000 2.000000 a 275.485027 86.821656 124.326184 135.181360 311.567007 260.278697 239.520354 167.657389 354.764711 104.809351 317.705839 105.621967 130.545011 253.870045 388.360657 208.386660 137.058382 290.413498 100.955436 170.792271 184.664561 137.931142 150.615404 233.944438 112.698713 190.244579 226.603177 136.894120 195.161472 90.609050 
166.000000 6.000000 2.000000 a 19.026298 315.981012 413.672576 364.867099 138.924440 224.100424 56.320511 277.656262 65.115282 189.528362 158.294030 321.076315 393.029261 102.703457 105.118980 169.849934 197.040605 238.298133 294.159821 124.851912 293.061427 360.733974 404.431700 66.000000 238.379949 440.596187 142.762040 429.047783 290.258505 270.296134 
232.000000 8.000000 4.000000 a 315.545559 423.713346 397.522326 284.177761 441.480464 483.547309 315.539221 179.922205 357.022408 285.156098 459.464906 267.254560 471.479586 212.577045 318.284464 411.001217 377.343345 508.815291 252.833938 269.683147 168.866811 478.207068 325.849659 323.902763 231.400086 338.053250 400.552119 430.419563 156.540730 253.663162 
218.000000 4.000000 1.000000 a 137.611773 381.435447 436.247636 356.130594 264.969810 342.476277 158.256122 245.283509 152.947703 229.368699 284.344861 317.554720 452.279781 77.233412 110.494344 279.016129 281.886502 360.118036 291.336575 170.836179 253.211374 433.416659 400.761775 169.779268 238.046214 430.265035 256.737220 459.831491 245.505601 273.760845 
278.000000 5.000000 2.000000 a 267.710665 198.275061 357.972066 396.102260 179.902752 64.327288 240.800748 390.655859 311.520465 248.020160 168.011904 361.448475 252.414342 337.296605 381.791828 120.341182 151.221692 70.092796 347.311100 256.337668 410.993917 195.555619 410.436353 229.200785 322.406576 449.177025 142.835570 348.369057 417.234946 326.013803 
157.000000 8.000000 5.000000 a 117.515956 243.589819 380.196002 370.604911 53.814496 91.787799 99.478641 320.145280 158.151826 184.361059 61.326992 327.771262 319.555942 204.841402 227.477471 58.694122 123.842642 106.066017 304.922941 152.052622 339.607126 274.089401 400.271158 89.442719 259.563094 439.905672 31.890437 384.980519 341.646016 279.571100 
254.000000 9.000000 2.000000 a 350.172814 106.099010 55.569776 128.222463 379.795998 315.356941 314.058912 207.740222 429.377456 179.002793 384.192660 123.146255 95.963535 325.184563 462.649976 272.855273 202.474690 344.361728 134.851770 245.122418 220.118150 133.753505 119.104996 308.228811 170.064694 152.839785 294.241397 62.169124 232.131428 138.293167 
107.000000 5.000000 2.000000 a 251.223009 218.405586 377.520860 408.589036 154.741720 43.266615 227.114509 394.981012 289.698119 250.798724 141.598023 372.108855 276.812211 327.262891 361.448475 110.941426 155.029030 41.436699 356.237280 251.477633 415.376937 220.517573 425.586654 215.724361 327.181907 464.811790 128.701204 369.849970 420.862210 333.863745 
271.000000 8.000000 2.000000 a 145.773797 357.994413 402.781579 319.079927 275.230812 341.123145 157.632484 207.019323 178.404036 203.767024 294.260089 281.442712 426.244062 57.688820 146.294224 273.673163 266.812668 361.400055 255.644284 151.287805 214.478437 411.262690 363.962910 168.404275 203.767024 392.674165 254.568262 427.590926 206.634944 239.282260 
280.000000 7.000000 4.000000 a 410.238955 172.678893 13.601471 119.774789 447.537708 384.360508 375.257245 227.378539 489.834666 236.535410 452.487569 138.361844 140.035710 373.858262 517.629211 341.439599 270.675082 413.240850 160.112460 301.943703 234.360833 190.213038 87.321246 370.375485 208.865986 106.550458 362.084244 37.735925 246.714410 173.441633 
129.000000 4.000000 4.000000 a 100.439036 397.756207 494.191259 438.782406 177.792013 283.952461 138.079687 342.644130 37.443290 270.135151 195.880065 395.747394 475.009474 154.615653 38.209946 241.406297 277.317508 291.588751 368.570210 204.416242 355.647297 441.403444 480.026041 146.812806 312.193850 514.836867 212.077816 510.529137 350.844695 345.800521 
257.000000 7.000000 4.000000 a 220.601451 81.614950 192.520129 199.832430 241.497412 190.394328 183.142021 198.564851 297.753254 75.591005 246.811669 163.000000 155.630974 222.991031 340.471732 136.857590 65.513357 220.737401 148.637142 129.556937 218.330025 134.201341 220.730605 175.570499 131.369707 260.599309 156.083311 199.010050 226.311732 128.316016 
117.000000 7.000000 2.000000 a 166.207701 391.485632 434.446775 347.639181 294.823676 367.763511 183.251194 233.555133 185.194492 237.305710 314.127363 311.269979 459.761895 89.470666 139.717572 302.076149 298.750732 386.684626 285.959787 184.024455 239.140126 444.668416 392.787474 194.486503 235.325307 420.180913 281.428499 459.831491 230.341051 270.601183 
147.000000 1.000000 3.000000 a 108.374351 245.097940 379.138497 366.776499 55.758407 100.498756 90.426766 313.958596 150.814456 179.777640 65.802736 323.692756 321.566478 195.880065 219.337639 62.096699 123.846679 115.260574 300.467968 145.013792 333.289664 277.156995 397.200201 80.529498 254.188906 436.726459 33.105891 384.755767 335.089540 275.050904 
157.000000 9.000000 3.000000 a 143.178211 237.170825 284.613773 216.633331 245.589088 268.888453 122.971541 126.115027 216.300717 82.637764 261.068956 174.183811 303.318315 78.447435 226.415547 196.094365 163.526756 295.357411 146.996599 55.081757 142.804062 291.432668 258.768236 126.751726 90.735880 292.679005 188.957667 307.148173 141.760361 125.706006 
122.000000 2.000000 3.000000 a 205.718254 179.805450 334.647576 355.282986 135.712932 36.235342 177.228666 336.394114 255.738147 192.002604 129.356098 317.238081 247.745838 272.957872 323.215099 56.080300 97.185390 65.787537 300.059994 193.458006 356.787051 195.205020 375.293219 165.583816 268.843821 414.966264 80.529498 331.167631 362.066292 277.045123 
272.000000 2.000000 3.000000 a 314.668079 106.367288 258.984556 320.951710 267.031833 159.213693 279.732015 347.051869 377.160443 222.991031 260.892698 294.767705 141.031911 353.748498 438.127835 169.011834 144.585615 178.616908 288.173559 260.111515 366.154339 83.934498 325.123054 268.689412 281.440935 361.199391 199.040197 243.507700 375.046664 272.547244 
285.000000 3.000000 4.000000 a 113.951744 353.786659 480.618352 453.035319 72.339477 188.382589 132.382023 379.770984 82.927679 266.120274 86.127812 408.882624 430.712201 215.455332 156.630138 171.405951 230.846269 187.757823 383.302752 212.228650 396.890413 386.704021 488.200778 131.882523 330.684139 526.613710 142.618372 489.200368 395.622295 358.062844 
197.000000 9.000000 4.000000 a 214.107450 400.359838 421.019002 323.610877 343.546212 406.011084 224.321198 206.903359 242.297338 246.546142 362.542411 292.071909 462.916839 120.000000 198.176689 336.786282 322.001553 427.422508 269.150516 205.231577 207.848503 455.000000 368.897005 234.691287 225.390772 392.164506 319.607572 449.321711 197.327140 258.379566 
145.000000 5.000000 2.000000 a 135.085158 171.143215 263.486243 232.572569 190.709203 187.480666 99.126182 181.011049 214.294190 44.418465 202.111355 188.827964 245.589088 136.623570 251.435877 115.572488 77.103826 215.740585 164.693655 41.785165 201.009950 221.623555 266.204808 94.201911 118.258192 304.921301 116.520384 277.272429 204.479828 139.204885 
256.000000 6.000000 4.000000 a 83.815273 244.591496 322.605022 269.408612 187.010695 225.361931 62.169124 186.724396 160.552172 100.000000 203.415830 225.621364 318.077035 66.037868 183.774318 154.402073 143.561833 249.104396 198.698264 34.365681 203.769478 295.296461 309.127805 67.029844 143.010489 345.140551 140.427917 340.642041 202.773272 174.897113 
207.000000 6.000000 3.000000 a 308.311531 474.191944 469.046906 359.869421 437.778483 498.831635 318.399121 248.114893 331.267264 324.913835 456.820534 337.378126 529.952828 213.377600 278.028775 428.626877 408.221753 520.929938 319.180200 292.796858 241.298570 529.264584 403.243103 328.600061 286.923335 418.632297 412.704495 500.503746 229.058944 314.963490 
246.000000 8.000000 4.000000 a 300.456320 6.324555 153.378617 209.618701 300.852123 221.686716 262.800304 249.729854 375.558251 154.987096 301.915551 186.488606 74.215901 305.483224 422.092407 191.010471 128.035151 249.419326 183.918460 212.602916 267.262044 56.612719 213.337760 254.243977 190.234066 250.017999 216.981566 145.773797 277.477927 172.742583 
257.000000 6.000000 1.000000 a 103.043680 333.664502 461.151819 435.440007 56.320511 171.292148 117.046999 364.819133 87.726849 248.002016 72.449983 391.348949 410.589820 206.038831 162.855764 151.476071 210.772389 172.702056 366.019125 195.887723 382.325777 366.694696 470.026595 115.394974 314.058912 508.626582 122.560189 469.418790 381.504915 340.687540 
156.000000 3.000000 3.000000 a 411.753567 220.655841 75.153177 72.006944 468.167705 420.088086 379.769667 188.732615 490.637341 240.520269 475.752036 108.687626 204.120063 358.765940 508.508604 368.089663 296.951174 450.032221 135.532284 301.219189 190.378570 248.937743 27.018512 376.920416 191.400104 37.947332 384.502276 107.335921 202.200396 156.706732 
260.000000 7.000000 2.000000 a 275.016363 158.619040 318.127333 362.353419 204.626489 90.470990 244.180261 366.230802 327.542364 227.378539 195.634864 329.815100 210.304541 333.286663 394.362777 123.308556 132.638607 106.066017 317.720003 246.089415 386.353465 153.378617 374.049462 232.551070 298.041943 412.248711 150.867492 307.327187 393.489517 297.859027 
133.000000 4.000000 3.000000 a 49.040799 249.329100 349.588329 309.536751 136.091881 185.800969 13.453624 235.304059 127.941393 126.657017 152.839785 265.339405 326.197793 101.019800 170.355511 119.808180 132.544332 206.632524 239.200753 67.119297 253.061257 295.083039 346.666987 16.031220 185.607112 384.192660 99.247166 363.594554 252.723169 214.273190 
194.000000 6.000000 3.000000 a 210.684598 155.415572 310.420682 333.529609 154.330814 60.539243 179.337670 319.682655 266.582070 176.161857 149.883288 296.330896 223.986607 269.536639 331.312541 59.203040 79.555012 89.554453 280.114262 185.067555 340.066170 172.235304 352.404597 167.720005 251.644591 391.970662 88.119237 306.757233 345.913284 257.701378 
297.000000 8.000000 4.000000 a 178.966477 453.670585 571.938808 531.380278 174.347354 290.062062 210.639502 444.038287 103.464970 350.570963 185.067555 487.381781 531.154403 260.278697 136.003676 274.175127 329.887860 286.008741 460.665822 289.214453 458.661095 488.888535 569.943857 214.618266 405.265345 606.803098 244.826469 583.432087 455.000000 436.381714 
190.000000 1.000000 3.000000 a 194.650970 409.762126 443.463640 351.262010 323.414595 394.930374 210.639502 235.287059 212.577045 255.080379 342.706872 317.163995 475.975840 112.893755 162.778991 328.344331 321.757673 414.348887 292.883936 205.730406 238.461737 463.605436 396.608119 221.731820 245.099980 421.905203 308.457452 470.239301 228.667881 279.580042 
294.000000 3.000000 3.000000 a 303.764712 254.607541 199.248588 87.091905 395.126562 387.290589 280.643902 36.878178 376.293768 167.146642 408.049017 71.561163 285.602871 225.568172 377.127299 319.189599 259.306768 417.119887 66.850580 202.141040 32.249031 304.699852 131.186890 282.256975 89.274856 152.486065 323.607787 232.561820 44.011362 82.540899 
120.000000 2.000000 1.000000 a 106.826963 377.298290 447.487430 376.268521 229.019650 314.803113 134.617978 270.542048 110.317723 230.956706 248.429064 335.529432 451.089792 85.428333 72.111026 255.947260 269.007435 330.024242 308.609786 167.146642 280.829130 427.070252 419.886890 146.239530 253.189652 451.669127 231.086564 468.585104 274.372010 288.669361 
218.000000 3.000000 4.000000 a 225.144398 234.887207 233.077240 144.027775 321.278695 326.197793 203.184645 44.598206 297.617204 107.224064 335.310304 106.480045 285.390960 149.305057 301.280600 255.015686 204.022058 354.978873 81.743501 126.696488 62.968246 289.401106 188.692872 205.572372 42.720019 218.680132 255.007843 261.430679 65.007692 71.021124 
278.000000 9.000000 4.000000 a 94.175368 250.449596 380.447105 363.655056 59.135438 114.586212 77.388630 306.789830 138.452158 175.801024 72.443081 320.207745 327.495038 182.989071 205.905318 71.344236 127.624449 129.402473 296.379824 136.619911 325.858865 284.622557 395.294827 68.007353 248.583990 434.607869 41.303753 387.330608 327.213997 270.896659 
100.000000 9.000000 2.000000 a 36.878178 266.371920 361.437408 315.825901 144.837840 203.039405 19.235384 235.459126 116.249731 137.379038 162.594588 271.764604 342.814819 86.406018 153.062079 138.452158 151.198545 222.800359 245.153013 73.661387 252.366797 313.000000 354.317654 29.832868 190.234066 391.138083 116.674762 376.733327 251.085643 220.730605 
196.000000 1.000000 5.000000 a 213.440858 106.042444 186.815417 175.855054 252.414342 214.704448 177.124250 165.529454 292.480769 49.497475 260.000000 136.194714 173.565550 201.486972 328.653313 154.382642 85.510233 245.097940 119.067208 112.147225 185.407659 160.729587 201.697794 171.327172 98.112181 241.536747 168.813507 199.060292 193.196791 97.164808 
258.000000 8.000000 3.000000 a 144.267113 434.291377 541.937266 493.170356 178.025279 292.796858 179.824915 400.464730 64.660653 318.147764 192.924856 449.618727 512.079095 213.600094 83.024093 263.837071 311.004823 294.253292 422.574254 254.017716 414.077287 473.888172 533.323542 186.131674 366.456000 569.083474 233.773395 556.008093 409.659615 399.055134 
213.000000 4.000000 5.000000 a 363.407485 280.401498 188.095720 72.835431 451.297020 435.506602 339.436297 96.332757 436.280873 219.257839 463.456578 90.249654 296.204321 285.112259 436.312961 369.997297 306.163355 465.726314 103.019416 260.132658 85.603738 325.235299 103.469802 340.559833 143.589693 110.072703 376.948272 223.080703 93.813645 126.321020 
131.000000 8.000000 4.000000 a 185.010810 120.303782 258.213090 266.527672 177.890416 123.320720 148.273396 248.600080 255.313533 105.848949 181.157390 227.607118 197.618319 218.835555 309.103543 69.656299 9.899495 153.730283 210.059515 126.605687 268.972118 158.151826 289.115894 138.032605 180.488227 329.013678 92.800862 260.923360 275.000000 187.096232 
208.000000 4.000000 5.000000 a 356.876729 169.425500 63.324561 57.314920 409.659615 362.397572 323.890414 158.145503 436.202934 184.043473 417.116291 69.115845 168.585290 310.858489 458.062223 309.476978 238.398826 392.475477 91.787799 246.602920 165.656271 204.978048 50.039984 320.494930 143.568799 88.645361 325.858865 96.772930 178.025279 107.837841 
214.000000 8.000000 3.000000 a 383.908843 99.035347 87.091905 188.350737 394.005076 313.453346 346.594864 269.222956 461.376202 221.199005 395.379564 185.564005 44.045431 372.343927 501.886441 284.255167 219.009132 340.202881 196.331353 285.727143 282.179021 97.984693 171.828403 339.187264 226.770809 199.582063 309.588436 63.198101 294.105423 197.362610 
191.000000 8.000000 1.000000 a 375.485020 322.063658 233.002146 118.088950 472.585442 466.154481 355.174605 107.563934 444.419847 246.203168 485.981481 131.045794 340.929612 288.729978 436.734473 398.246155 337.783955 496.049393 138.495487 278.469029 90.077744 368.401954 146.860478 357.694003 168.297356 147.220922 402.412723 268.001866 92.784697 158.823802 
194.000000 5.000000 2.000000 a 82.879430 254.159399 380.741382 360.451106 64.938432 125.642350 66.850580 300.466304 129.556937 172.307864 80.000000 316.766475 331.549393 172.409396 195.747286 79.006329 130.598622 140.716026 292.494444 129.711218 319.311760 289.968964 393.021628 57.974132 243.577503 432.134238 49.091751 388.629644 320.320152 267.000000 
249.000000 8.000000 2.000000 a 308.708600 236.171548 175.863583 65.122961 393.706744 379.064638 283.324902 52.497619 383.255789 161.623018 405.763478 49.040799 263.910970 236.357780 388.336195 312.745903 250.031998 409.176001 49.648766 203.482186 54.147945 285.043856 110.027269 283.980633 86.034877 134.461891 319.277309 209.153054 66.370174 70.178344 
138.000000 6.000000 3.000000 a 263.910970 414.652867 413.284406 307.026058 392.475477 445.943943 269.312087 192.665513 298.001678 265.800677 411.096096 281.710845 470.770645 163.783394 255.219513 374.702549 350.736368 469.234483 262.246068 236.484672 188.042548 469.725452 351.320367 278.820731 227.881548 369.675533 360.568995 444.041665 176.139150 256.727482 
277.000000 8.000000 5.000000 a 216.316897 372.581535 385.105180 285.889839 344.088651 396.227208 220.056811 169.168555 256.126922 220.907220 362.538274 255.282197 432.283472 114.791115 221.352660 325.084604 302.803567 419.500894 233.034332 187.608635 169.640797 427.551167 331.119314 229.392676 191.801981 353.985875 310.831144 414.088155 159.062881 223.635865 
131.000000 4.000000 1.000000 a 342.940228 73.006849 87.321246 163.615403 360.013889 287.383020 305.852906 232.045254 421.001188 178.361991 362.779547 152.761252 62.241465 329.341768 459.847801 251.071703 183.043711 315.569327 159.762323 243.199507 246.343256 95.900991 156.923548 298.854480 185.647515 190.517716 274.767174 80.000000 257.937977 157.917700 
225.000000 6.000000 4.000000 a 148.758193 366.694696 500.649578 479.755146 72.090221 183.575598 163.490061 411.205545 117.170815 291.780740 78.089692 435.790087 442.326802 251.127458 188.671672 181.107703 246.288449 177.101666 410.805307 241.754007 428.805317 395.373241 513.349783 161.384634 359.560843 552.262619 154.841855 507.074945 428.052567 385.389413 
287.000000 9.000000 5.000000 a 105.801701 191.801981 303.758127 280.128542 142.618372 150.376195 68.264193 226.797266 180.886705 92.135769 154.120083 236.579796 269.235956 143.680200 229.106962 77.826731 73.437048 176.459627 212.720474 63.906181 246.456893 236.256217 312.622776 59.228372 165.894545 351.688783 71.253070 314.302402 249.018072 187.243157 
273.000000 8.000000 5.000000 a 357.945527 309.071189 227.481867 110.801625 454.903286 449.321711 337.480370 89.844310 427.215402 229.054579 468.341756 118.511603 331.042293 271.906234 420.519916 381.106284 321.222664 479.150290 123.648696 260.754674 72.498276 356.485624 143.923591 339.977940 151.082759 149.090576 384.980519 262.390930 75.716577 142.972025 
213.000000 1.000000 1.000000 a 388.011598 119.570063 53.160135 159.289045 408.750535 335.076111 351.318943 248.712686 466.691547 219.271521 411.575024 161.891939 77.646635 367.283269 502.669872 299.866637 231.624696 362.851209 176.139150 285.161358 260.034613 128.996124 139.283883 344.820243 213.138453 165.849329 323.443967 32.695565 272.214989 181.033146 
173.000000 5.000000 4.000000 a 357.468880 128.132744 40.607881 107.712581 394.068522 334.145178 322.133513 195.747286 437.001144 184.252544 399.340707 108.258949 117.720007 325.751439 466.840444 288.646843 217.607445 363.494154 123.693169 250.107977 206.545395 157.089147 95.880134 317.014195 165.048478 129.556937 308.702122 60.133186 218.769285 131.186890 
179.000000 4.000000 2.000000 a 235.410280 140.356688 166.207701 127.121989 295.194851 267.748016 202.474690 114.825955 314.820584 63.031738 304.809777 84.770278 192.416216 198.080792 339.838197 204.247399 138.293167 298.050331 65.069194 125.363472 133.958949 194.620143 159.201131 199.409127 52.201533 198.032826 214.888343 187.109594 142.835570 42.755117 
192.000000 9.000000 1.000000 a 361.566038 91.301698 72.173402 161.207940 379.863133 306.471858 324.616697 238.815829 439.877256 195.164034 382.597700 155.801155 63.529521 345.137654 477.646313 270.896659 202.871881 334.439830 165.945774 260.537905 251.938485 107.074740 149.120756 317.804972 196.756194 180.269243 294.613306 60.745370 263.821910 166.973052 
252.000000 9.000000 4.000000 a 22.472205 276.761630 375.246586 330.770313 134.851770 200.997512 18.681542 250.107977 102.083299 151.433154 153.160047 286.693216 353.656613 94.641429 143.125819 139.671042 159.154013 219.100434 260.109592 88.413800 266.852019 322.223525 369.134122 30.083218 205.231577 406.036944 115.602768 390.001282 265.369554 235.645921 
184.000000 2.000000 1.000000 a 118.422971 185.326738 309.103543 294.961014 127.945301 124.084649 82.764727 249.072279 187.920196 109.384642 136.970800 252.174543 263.108343 168.505193 242.528349 51.429563 61.846584 150.572242 229.582229 90.077744 269.007435 225.577038 325.000000 71.847060 185.970428 364.539435 48.507731 316.809091 272.183761 204.318379 
100.000000 9.000000 2.000000 a 222.443251 438.649062 467.386350 371.646337 350.406906 424.414891 239.943743 255.001961 234.292552 283.978872 369.770199 339.365585 503.929559 143.125819 178.002809 358.268056 351.923287 443.410645 315.912963 235.764713 256.222560 492.702750 416.965226 251.143385 270.185122 440.520147 338.023668 495.004040 245.709178 304.001645 
Type de surveillance de chaque endroit(target):tab[nombre de target]
a a a a a a a a a a a a a a a a a a a a a a a a a a a a a a 