Nombre des capteurs:
200
Nombre des targets:
30
Nombre de type de surveillance:
1

Caracteristiques:
256.000000 7.000000 4.000000 a 406.546430 414.450238 103.831594 323.803953 419.973809 264.915081 118.152444 202.607996 418.724253 317.586209 194.920497 241.080899 47.423623 313.823199 138.715536 361.060937 238.817922 379.444331 423.532761 133.195345 185.129684 396.788357 223.758799 215.406592 215.081380 319.976562 384.240810 373.836863 256.425428 353.643889 
124.000000 4.000000 2.000000 a 296.233016 343.792088 241.406297 465.679074 484.842242 386.432400 257.856549 22.360680 507.988189 358.632123 378.639670 319.765539 240.842272 277.411247 247.523736 241.828452 392.311101 473.598986 412.981840 152.738338 243.304336 322.318166 218.160491 279.588984 9.899495 351.950281 453.948235 339.370005 242.033056 283.594781 
233.000000 5.000000 5.000000 a 254.332460 221.020361 139.032370 216.189731 204.364870 132.909744 133.360414 298.645275 225.248751 84.970583 224.109348 47.675990 210.038092 120.341182 101.079177 235.091472 177.552809 192.106741 192.314846 140.264037 50.695167 210.888596 75.425460 23.769729 285.203436 85.440037 171.825493 160.103092 78.108898 176.954796 
258.000000 4.000000 2.000000 a 478.305342 451.615987 143.251527 164.575211 327.074915 152.328592 130.782262 381.106284 300.456320 278.928306 9.055385 198.595065 145.344419 349.584039 158.473973 448.812879 89.677199 263.609560 404.816008 245.081619 209.124365 440.959182 277.077606 207.711338 385.875628 289.794755 294.083322 389.165774 298.412466 404.712243 
297.000000 4.000000 2.000000 a 130.942736 87.091905 257.846854 330.152995 235.423024 253.870045 257.390754 318.778920 282.113452 126.905477 358.273638 173.233946 323.562977 22.203603 222.970850 132.849539 308.058436 263.286916 116.387285 208.117755 164.283292 77.155687 111.543713 157.003185 295.435272 111.986606 218.112356 42.379240 78.917679 51.788030 
195.000000 9.000000 3.000000 a 157.155973 85.070559 293.586444 325.399754 200.089980 257.390754 290.327401 374.593113 252.871509 117.443603 377.640040 186.681547 362.465171 76.478755 256.639825 174.977141 318.044022 241.006224 60.811183 256.976653 199.100477 89.202018 158.398232 182.236111 351.434204 102.825094 190.044732 18.973666 125.602548 90.873539 
116.000000 4.000000 2.000000 a 519.393878 498.121471 171.233758 214.114455 382.020942 207.407811 163.027605 389.296802 354.141215 331.724283 64.031242 249.771896 148.852276 394.665681 195.161472 486.342472 144.222051 317.823851 457.351069 270.519870 250.569352 486.272557 316.938480 254.515225 398.017588 342.001462 349.143237 437.858425 341.104090 448.377073 
151.000000 2.000000 1.000000 a 385.695476 414.309063 183.619171 416.293166 483.872917 348.208271 200.870605 111.251966 492.857992 367.349969 297.954695 304.244967 149.833241 325.950917 207.530721 333.793349 333.671995 454.736187 453.167739 146.013698 232.997854 394.081210 243.181003 269.608976 132.230859 365.603610 449.321711 390.083324 275.000000 351.279091 
160.000000 7.000000 3.000000 a 373.965239 405.039504 189.707670 423.075643 484.235480 353.069398 207.118324 94.868330 495.176736 365.826462 308.758806 305.551960 161.124176 318.943569 211.206061 321.566478 341.397129 457.423218 447.939728 142.888068 232.699377 384.573790 238.247770 269.773979 115.974135 363.407485 450.041109 383.207516 269.473561 342.067245 
215.000000 4.000000 3.000000 a 209.038274 136.124943 285.043856 282.336678 148.030402 221.009050 278.792037 400.800449 201.069640 80.622577 351.005698 161.607549 356.005618 108.600184 247.072864 223.651515 284.929816 190.905736 46.872167 266.986891 193.747258 141.286942 170.425937 168.359734 379.885509 69.079664 138.751577 70.064256 140.801278 139.215660 
275.000000 9.000000 1.000000 a 120.702113 148.276768 239.002092 384.876604 331.832789 301.444854 245.904453 218.634398 370.951479 209.121974 368.321870 216.363121 289.558284 92.357999 214.618266 77.897368 339.824955 345.214426 224.207493 153.473125 165.945774 127.098387 98.615415 182.562318 192.917081 196.987309 308.551454 146.986394 92.135769 86.977008 
116.000000 2.000000 3.000000 a 257.577173 236.712906 108.908218 235.034040 243.310501 151.003311 107.154095 261.847284 261.266148 124.422667 215.425161 73.389373 177.912900 132.230859 72.801099 230.341051 182.833257 226.503863 225.268728 101.118742 14.317821 223.573254 58.600341 32.893768 249.996000 123.858791 210.154705 182.964477 77.897368 185.067555 
283.000000 3.000000 5.000000 a 221.199005 249.158584 174.928557 373.737876 373.739214 290.903764 187.523332 131.502852 399.851222 247.002024 315.919293 216.011574 206.867107 169.162644 165.387424 171.470114 309.782182 367.049043 303.527593 73.348483 142.393820 228.560714 106.212052 175.570499 112.805142 239.820766 343.758636 232.862620 129.726636 186.303516 
118.000000 8.000000 2.000000 a 314.006369 335.149220 129.711218 359.684584 406.509532 284.429253 146.696967 117.957620 420.097608 286.818758 265.424189 229.538668 130.923642 243.673962 141.852036 264.864116 282.577423 383.105730 370.000000 63.631753 154.935470 315.513867 160.012500 192.353841 120.813906 284.191837 372.758635 307.600390 191.901016 272.264577 
227.000000 2.000000 1.000000 a 332.543230 369.423876 201.558924 432.936485 474.481823 357.777864 218.826415 52.201533 491.065169 351.647551 332.338683 300.408056 189.060837 289.913780 215.260308 279.213180 354.949292 454.657014 422.711486 130.483715 224.450440 348.462337 216.363121 261.963738 68.883960 347.332694 441.560868 353.961862 245.252931 306.967425 
166.000000 7.000000 2.000000 a 258.990347 238.069318 107.707938 234.019230 243.347488 150.013333 105.848949 262.148813 260.986590 124.823876 214.014018 72.801099 176.819117 133.600150 71.512237 231.717500 181.554400 226.119437 226.221131 101.118742 13.152946 224.955551 59.933296 32.310989 250.439613 124.422667 210.107116 184.200977 79.309520 186.472518 
244.000000 8.000000 1.000000 a 377.234675 424.444343 271.773803 504.619659 547.521689 430.769080 289.209267 58.855756 564.836259 423.769985 396.267586 374.200481 249.064249 353.786659 288.027776 322.795601 425.027058 528.473273 488.575480 204.120063 298.135875 403.019851 286.276091 335.621811 87.281155 418.809026 514.883482 416.864486 313.445370 363.661931 
178.000000 9.000000 2.000000 a 441.583514 361.896394 415.313135 249.288989 104.890419 262.206026 400.963839 606.512984 105.080921 231.224999 396.224684 282.991166 480.130191 340.230804 383.157931 460.027173 316.028480 143.617548 236.845941 449.013363 355.832826 372.388238 372.021505 318.452508 590.816384 239.376273 138.032605 304.909823 352.661311 375.558251 
212.000000 2.000000 5.000000 a 285.063151 328.402192 220.036361 442.872442 462.130934 363.368958 236.256217 40.607881 484.855649 336.133902 358.431304 296.514755 223.289050 257.992248 224.955551 231.002164 370.125654 450.387611 393.269628 129.691943 220.045450 307.050484 195.931110 256.353272 28.160256 329.705930 431.056841 320.657138 220.619582 267.254560 
228.000000 4.000000 4.000000 a 102.142058 68.308125 275.118156 358.521966 262.085864 281.448041 276.139458 312.424391 310.001613 155.756220 381.760396 199.612124 338.378486 38.288379 241.754007 106.301458 334.246915 291.871547 131.654852 216.023147 183.504768 53.535035 124.277914 180.424499 287.570861 140.811931 246.000000 53.413481 93.941471 23.086793 
200.000000 9.000000 3.000000 a 39.204592 101.823376 320.412234 442.718872 355.259060 362.106338 326.038341 280.194575 403.079397 246.483265 444.626810 277.194877 373.065678 120.033329 293.491056 18.601075 408.231552 383.881492 215.260308 237.191905 240.507796 82.462113 172.467388 249.561616 251.882909 231.952581 339.072264 140.801278 154.184954 70.576200 
178.000000 2.000000 3.000000 a 448.486343 427.440054 104.216122 187.256509 330.650873 155.331903 93.744333 339.119448 311.168764 266.610202 43.931765 182.964477 104.292857 323.760714 124.651514 416.183854 103.585713 272.693968 391.203272 205.769288 179.513231 415.356473 246.089415 184.358347 344.104635 275.835096 296.076004 368.089663 270.040738 377.322144 
128.000000 3.000000 1.000000 a 255.344865 239.841614 103.247276 248.072570 259.532272 164.368488 104.100913 245.505601 277.627448 139.606590 219.200821 89.157165 169.852878 135.247921 69.892775 225.055549 192.169196 242.736483 236.222353 84.899941 16.492423 225.539354 53.150729 48.754487 233.899551 138.224455 226.490618 189.644404 78.390050 185.550532 
189.000000 6.000000 1.000000 a 51.312766 89.888820 302.059597 418.702759 331.929209 338.385874 306.863162 280.280217 379.189926 222.193609 423.562274 253.671047 357.102226 95.707889 273.804675 36.687873 385.389413 359.673463 195.532606 222.970850 219.572312 68.818602 152.029602 226.947130 252.723169 207.696895 315.192005 119.402680 131.745968 47.801674 
195.000000 9.000000 4.000000 a 295.367568 322.349190 153.209008 379.300672 414.386293 301.771437 169.664375 96.166522 431.601668 291.672762 291.348588 241.101638 159.012578 236.019067 160.723365 244.640553 304.473316 395.540137 366.390502 70.802542 164.805946 302.081115 157.943028 202.252318 95.005263 287.605633 381.540299 300.306510 188.042548 259.326050 
160.000000 7.000000 3.000000 a 90.138782 99.045444 430.815506 506.361531 372.780096 434.420303 433.267816 407.829621 429.400745 298.080526 540.726363 356.046345 490.212199 197.306868 399.110260 144.013888 490.800367 421.531731 208.865986 358.745035 341.540627 106.103723 278.354091 339.324329 379.110802 283.019434 368.765508 169.283785 251.023903 143.669760 
111.000000 8.000000 3.000000 a 65.946948 27.856777 363.141846 434.925281 309.859646 362.200221 364.539435 369.000000 364.588809 226.896452 469.255794 283.748128 425.057643 126.491106 330.183282 112.507778 418.474611 353.882749 150.163245 297.865742 272.007353 34.985711 211.293635 267.860038 341.492313 211.740407 302.446690 98.412398 182.123584 76.843998 
112.000000 5.000000 2.000000 a 54.341513 107.200746 304.611228 430.836396 349.200515 349.606922 310.427125 267.478971 395.612184 237.356272 429.670804 264.433356 356.967786 110.290525 278.044960 19.026298 394.533902 375.191951 214.366509 221.070125 225.601418 86.556340 157.432525 235.764713 239.459809 223.109838 331.665494 138.003623 140.431478 66.128662 
211.000000 6.000000 4.000000 a 33.600595 56.320511 364.005494 453.488699 338.001479 377.890196 367.016348 347.759975 391.322118 247.163913 477.385588 296.602428 422.622763 134.714513 333.054050 85.381497 431.250507 378.355653 181.463495 290.998282 276.115918 50.000000 211.624668 276.551984 319.595056 231.935336 328.344331 121.807225 185.539753 78.517514 
151.000000 4.000000 4.000000 a 420.543696 343.013119 377.510265 215.058132 71.196910 224.368001 363.071618 571.934437 68.066144 198.252364 359.489916 246.002033 442.140249 312.438794 345.625520 435.403261 279.093174 105.948101 219.447032 413.146463 319.615394 351.752754 338.651739 282.136492 556.942546 207.537948 101.980390 282.179021 320.831732 351.256317 
174.000000 7.000000 5.000000 a 572.263051 541.294744 238.461737 194.257561 381.844209 220.084075 226.753170 468.359904 343.064134 358.432699 100.124922 284.086255 227.969296 441.234631 254.678228 544.281177 154.353490 311.565402 483.409764 340.194062 304.006579 531.932327 372.200215 299.127063 475.656389 370.904300 352.933421 476.341264 392.103303 497.241390 
152.000000 8.000000 3.000000 a 165.583816 170.847886 188.087745 333.654012 297.892598 249.755881 193.747258 218.577217 331.409113 171.397200 314.585441 165.511329 243.353652 81.344945 161.616831 129.957685 286.048947 302.687958 215.448370 112.805142 111.825757 152.069063 44.922155 129.838361 197.306868 161.533278 271.154937 145.464772 48.332184 108.673824 
246.000000 7.000000 2.000000 a 323.066557 347.000000 141.890803 373.268000 422.120836 298.824363 159.110025 107.042048 435.488232 302.378901 275.016363 244.989796 136.400147 257.147817 156.083311 272.926730 295.218563 398.399297 384.541285 79.075913 170.531522 327.097845 174.631040 207.932681 113.030969 299.661476 388.346495 321.238229 206.228029 284.007042 
107.000000 6.000000 5.000000 a 248.845333 208.741467 161.049682 214.282524 184.287818 133.416641 154.466825 317.505905 208.906678 62.265560 237.693079 50.000000 232.260629 112.680966 123.036580 234.480276 184.764715 177.724506 170.950285 161.644672 73.736016 200.471943 87.315520 44.045431 302.866307 62.361847 152.869225 144.506055 81.055537 169.811660 
260.000000 6.000000 2.000000 a 411.086366 330.806590 404.411919 255.783111 88.509886 258.062008 390.865706 586.237153 107.042048 210.211798 396.557688 269.057615 471.161331 313.517145 370.785652 431.069600 315.939868 142.021125 205.650188 431.422067 339.365585 341.855233 350.570963 302.416931 569.508560 216.926255 124.036285 275.408787 329.451059 346.606405 
173.000000 3.000000 1.000000 a 460.726600 427.691478 148.054044 122.800651 286.043703 113.159180 132.457540 394.300647 257.955423 246.434575 33.837849 170.414201 168.860889 328.292552 152.882308 435.341245 48.010416 221.415898 372.114230 246.941289 195.233194 418.616770 263.250831 186.560982 396.011363 258.367955 253.712436 362.663756 280.800641 384.667389 
187.000000 3.000000 2.000000 a 192.509740 161.755989 184.480351 272.523393 221.472346 191.269443 183.095603 287.433471 255.644284 94.936821 284.763059 106.451867 252.049598 58.728187 148.761554 176.241312 239.353295 228.354987 158.619040 149.616176 90.138782 150.083310 52.839379 83.450584 268.834522 85.234969 194.794764 107.489534 28.178006 114.978259 
223.000000 1.000000 1.000000 a 383.813757 332.824278 188.223272 76.550637 154.081147 24.186773 171.828403 416.635332 133.824512 134.825814 164.003049 94.047860 246.223476 247.717581 163.917662 372.400322 84.480767 94.704805 253.600079 252.174543 164.000000 328.955924 216.020832 132.457540 408.926644 149.459024 121.334249 262.840256 217.993119 303.995066 
239.000000 2.000000 3.000000 a 489.608006 476.790310 136.400147 246.789384 395.729706 220.435932 133.461605 335.049250 375.768546 327.391203 91.400219 242.989712 96.772930 372.178721 167.839209 452.443367 166.234774 337.499630 450.350974 228.326521 226.311732 463.025917 288.444102 238.436574 345.404111 335.590524 361.072015 421.343091 315.927207 422.946805 
236.000000 3.000000 4.000000 a 255.237145 295.243967 204.658252 419.934519 430.409108 338.824438 219.822656 74.886581 454.963735 303.916107 345.606713 268.391505 218.689277 223.510626 204.352636 201.804361 350.462551 421.279005 358.811928 107.298649 192.657728 273.994525 163.248277 227.951749 55.803226 296.986532 399.941246 286.216701 186.868938 233.653590 
142.000000 9.000000 5.000000 a 422.984633 361.005540 264.092787 76.295478 117.618026 98.994949 247.588368 489.744832 73.061618 165.423698 221.020361 158.808060 320.488689 291.192376 239.470249 419.986905 141.739197 45.276926 260.415053 325.135356 233.985042 361.459541 277.834483 199.248588 480.616271 180.446668 98.351411 290.630349 273.309349 344.052322 
269.000000 9.000000 1.000000 a 370.753287 376.198086 72.835431 303.046201 386.253803 237.928561 89.274856 194.658676 388.252495 280.508467 188.679623 206.189233 47.927028 275.072718 103.942292 326.712412 220.045450 349.284984 384.783056 97.061836 146.891116 358.804961 184.981080 178.353581 202.074244 282.334908 350.714984 334.861165 217.559187 315.800570 
203.000000 4.000000 4.000000 a 469.502929 408.626969 283.478394 59.059292 159.402008 121.461928 266.257394 519.026974 106.023582 211.966979 215.176672 195.358645 332.640948 336.535288 263.865496 464.768760 142.762040 89.827613 307.949671 354.902804 267.290105 408.724846 316.835920 234.931905 511.973632 227.107904 144.589073 338.161204 315.158690 390.247357 
212.000000 6.000000 2.000000 a 68.117545 87.321246 411.491191 494.158881 367.164813 420.594817 414.391120 385.945592 422.755248 286.295302 523.688839 340.834271 470.022340 180.324707 380.370872 122.036880 475.657440 413.001211 204.792578 337.800237 323.210458 90.603532 259.082998 322.490310 357.261809 271.118055 361.121863 157.917700 232.606965 125.251746 
171.000000 4.000000 3.000000 a 373.434064 297.378547 338.647309 203.494472 23.345235 194.815297 325.135356 524.824733 59.640590 149.773162 335.721611 203.590275 405.531750 263.138747 305.098345 386.760908 255.282197 84.172442 175.934647 367.763511 274.972726 305.040981 290.504733 237.766692 509.200353 158.518138 58.309519 234.616709 271.884167 302.828334 
195.000000 5.000000 5.000000 a 352.404597 357.530418 65.513357 298.750732 373.439419 230.228148 82.855296 189.010582 377.699616 265.107525 193.010362 192.937814 61.400326 256.538496 91.831367 308.781476 217.469538 339.029497 367.408492 78.892332 130.506705 340.123507 166.460205 163.232962 193.889144 266.371920 338.103534 316.570687 199.110522 297.121187 
176.000000 9.000000 1.000000 a 362.000000 292.740499 283.487213 154.845084 39.115214 137.462722 269.436449 480.335300 47.518417 114.477072 279.145124 151.485973 349.292141 239.108762 251.097591 367.348608 199.002513 38.183766 182.603395 319.757721 225.887140 296.420310 250.439613 188.350737 466.621903 126.921235 18.027756 224.414795 236.579796 286.111866 
122.000000 1.000000 4.000000 a 196.086716 113.600176 347.213191 341.550875 183.521116 284.861370 341.973683 438.839378 241.867732 145.797805 416.509304 227.055059 417.579932 140.872283 309.457590 225.887140 349.542558 240.216569 21.213203 319.112833 254.096438 128.035151 220.513038 231.659232 415.415455 134.629120 185.399569 78.816242 188.223272 146.102704 
255.000000 6.000000 2.000000 a 430.167409 356.848707 344.988406 167.107750 74.148500 185.321343 329.611893 552.762155 29.832868 188.883562 315.065073 220.517573 406.606690 311.873372 315.572496 439.013667 235.342304 68.249542 238.209991 390.600819 296.602428 362.862233 324.776846 259.237343 539.881468 200.820816 89.269256 291.290233 311.245884 356.454766 
131.000000 7.000000 1.000000 a 37.536649 104.307238 390.128184 495.903216 385.747327 418.359893 394.924043 342.013158 438.589786 291.564744 510.494858 335.292410 444.245428 172.904598 361.763735 81.743501 469.004264 424.646912 229.366519 308.706981 306.913669 96.747093 239.835360 311.809237 313.057503 276.394645 375.353167 168.715737 217.690147 115.883562 
295.000000 8.000000 5.000000 a 120.933866 38.078866 344.746284 386.649712 250.449596 318.943569 343.285595 391.649078 306.360898 178.997207 436.835209 246.602920 411.358724 109.553640 309.025889 155.974357 379.110802 298.236483 89.022469 295.083039 250.459578 55.443665 199.572042 238.379949 365.952183 164.438438 245.405786 54.708317 167.035924 86.330759 
152.000000 8.000000 1.000000 a 81.301906 26.476405 317.227048 390.185853 276.065210 315.977847 318.059743 342.811902 328.207252 183.174780 421.753482 236.596703 380.469447 79.404030 283.647669 107.074740 371.397361 314.356486 126.530629 256.680736 225.248751 14.317821 166.355042 220.367874 316.622804 167.943443 264.886768 58.309519 136.058811 37.656341 
113.000000 4.000000 1.000000 a 254.562370 237.497368 105.948101 245.008163 254.574154 161.152102 106.066017 250.191926 272.917570 134.629120 219.271521 84.864598 173.277235 132.849539 71.693793 225.222113 190.420587 238.159610 231.952581 89.872131 15.264338 223.510626 53.009433 44.384682 238.365266 133.330417 221.578429 186.343768 76.550637 183.918460 
130.000000 9.000000 2.000000 a 123.907223 117.098249 232.568270 345.600926 277.994604 264.168507 235.637433 264.357712 319.263214 157.917700 349.051572 179.011173 292.550850 37.202150 201.814271 103.160070 309.962901 295.548642 171.327172 166.048186 145.725770 98.954535 80.156098 151.476071 240.626266 144.837840 256.128874 96.254870 56.400355 55.973208 
246.000000 9.000000 2.000000 a 349.516809 393.635618 242.720003 474.498683 513.688622 399.382023 260.049995 34.176015 531.601354 389.760183 371.381206 341.071840 226.019911 320.663375 256.889081 295.243967 396.161583 495.471493 455.150525 170.801054 264.803701 372.307668 252.241947 302.235008 62.817195 384.755767 481.178761 384.010417 279.571100 332.280002 
244.000000 6.000000 2.000000 a 437.864134 435.827948 97.252249 284.270997 402.662390 236.171548 104.388697 259.277843 393.706744 313.253891 143.600139 230.982683 29.529646 332.099383 135.133268 396.181776 198.698264 354.295075 428.514877 166.643332 191.211924 419.869027 243.328995 214.002336 270.416346 318.308027 366.878727 387.769261 274.184245 377.773742 
256.000000 7.000000 2.000000 a 284.344861 323.006192 200.022499 423.231615 445.952912 344.058135 216.231358 55.803226 467.394908 320.544849 338.611872 278.373849 204.628932 247.776109 205.138977 230.956706 350.168531 432.539016 382.298313 110.385687 201.764714 301.869177 181.218101 238.403020 48.166378 314.669668 414.421283 311.207326 207.407811 260.990421 
158.000000 2.000000 5.000000 a 330.000000 297.833846 96.896852 161.124176 219.658826 79.699435 83.258633 318.097469 219.859046 132.849539 147.410990 48.373546 164.210231 197.314470 66.528190 306.882714 104.546640 181.157390 256.124969 154.003247 72.560320 287.987847 136.704060 55.605755 311.294073 141.014184 183.839604 235.002128 150.632002 253.621766 
294.000000 4.000000 4.000000 a 334.383014 378.355653 236.027541 466.502947 501.352172 390.302447 253.211374 22.671568 520.324899 376.893884 367.393522 330.048481 223.725278 305.897042 248.278070 280.144606 389.278820 484.530701 440.581434 159.765453 253.552756 357.022408 238.662942 290.853915 49.396356 371.587136 469.132178 369.120577 265.514595 317.042584 
190.000000 5.000000 5.000000 a 304.630924 329.024315 142.790056 370.935304 411.623614 294.462222 159.524293 105.118980 427.141663 290.222329 279.789206 236.457184 146.154028 240.260276 152.505738 254.568262 294.961014 390.622580 368.917335 67.208630 160.776242 309.025889 159.411417 198.312884 106.301458 286.818758 378.334508 304.463463 190.436341 266.007519 
110.000000 2.000000 4.000000 a 98.081599 124.823876 447.920752 532.170086 401.449872 458.946620 451.278185 409.011002 457.831847 324.118805 561.699208 379.246622 505.190063 218.506293 417.403881 148.475587 514.068089 449.321711 237.739353 371.517160 360.606434 129.015503 295.743132 360.627231 380.000000 308.974109 396.868996 195.473783 270.040738 162.935570 
264.000000 8.000000 1.000000 a 100.244701 167.475371 308.402335 463.672298 400.670688 380.295937 317.308998 222.002252 443.640620 282.492478 442.688378 295.169443 350.955838 157.708592 287.946176 48.020829 417.867204 420.072613 273.585453 213.550931 242.923856 147.186956 176.773867 261.275716 193.010362 269.284236 380.255177 196.104564 170.425937 124.342270 
286.000000 7.000000 1.000000 a 365.005479 358.979108 22.847319 251.177228 338.988200 186.034943 37.536649 236.476214 338.001479 240.066657 146.768525 160.975153 50.039984 254.892134 59.841457 326.263697 169.000000 298.819343 352.035510 102.927159 113.745330 343.502547 166.928128 138.812824 239.409691 243.852414 303.222690 310.104821 197.101497 301.902302 
230.000000 8.000000 4.000000 a 290.134452 267.710665 84.005952 211.766381 244.826469 129.065875 78.854296 271.911750 255.327241 135.856542 182.877008 65.069194 155.116086 163.636793 46.043458 262.390930 153.310143 218.403297 247.341869 107.354553 22.472205 255.196003 90.210864 33.734256 263.229938 138.755180 210.059515 211.376441 110.344914 217.278623 
115.000000 5.000000 5.000000 a 240.852652 266.422597 160.352736 366.994550 377.322144 285.170125 173.902271 124.579292 400.649473 251.461727 301.920519 213.770905 188.353391 182.496575 154.324334 191.481070 300.026665 366.742416 315.293514 58.694122 138.191896 246.099573 111.865991 173.326282 109.772492 245.367072 346.301891 246.657657 138.679487 203.415830 
235.000000 8.000000 5.000000 a 446.592656 426.755199 100.239713 193.349425 334.551939 159.590100 90.603532 333.216146 315.957276 268.287160 50.447993 184.328511 97.744565 322.837420 122.331517 413.649610 109.293184 277.346354 392.485669 201.444782 178.044938 414.391120 244.124968 184.252544 338.492245 277.218326 299.816611 368.061136 268.642886 376.011968 
203.000000 8.000000 3.000000 a 408.050242 384.158821 79.056942 167.886867 292.097586 119.620232 63.788714 325.676220 277.497748 222.396043 66.730802 138.495487 109.635761 281.016014 88.119237 378.021163 82.661962 238.321212 346.705927 178.868667 138.657852 372.604348 206.409787 140.459959 327.024464 231.387122 256.912436 323.945983 228.527898 335.375908 
113.000000 8.000000 4.000000 a 283.218997 271.543735 71.554175 244.965304 279.551426 163.746756 74.518454 235.306184 291.926361 165.196852 196.369550 101.316336 137.295302 167.140659 42.011903 249.579647 180.113853 255.203840 267.606054 70.682388 29.732137 256.702162 81.271151 65.215029 227.369743 165.704556 245.246814 222.200360 109.658561 215.946753 
116.000000 1.000000 2.000000 a 107.056060 48.373546 389.589528 439.222040 297.941269 371.382552 389.390549 410.615392 355.123922 231.624696 487.201190 297.833846 454.156361 151.221692 354.966196 155.415572 431.051041 349.005731 133.645052 331.493590 296.283648 68.029405 240.243626 287.271648 383.375795 217.039167 295.462350 105.645634 209.028706 111.072049 
194.000000 3.000000 1.000000 a 521.751857 490.306027 193.680149 157.835357 338.740314 171.816763 180.612846 431.375706 304.080581 308.483387 52.201533 233.214494 193.747258 390.333191 206.613165 494.580630 105.475116 270.312782 433.849052 295.411577 254.125953 480.965695 322.367802 248.276056 436.537513 320.702354 308.314774 425.460927 341.603571 446.431406 
209.000000 1.000000 4.000000 a 481.627449 444.099088 180.044439 102.489024 280.451422 116.297033 164.027437 426.878203 246.343256 256.019531 58.728187 186.077941 201.479527 347.332694 182.200439 458.835482 51.855569 212.115535 380.217043 277.625647 220.336107 436.320983 287.563906 207.472890 428.141332 269.016728 250.251873 377.238651 302.735858 404.238791 
148.000000 4.000000 3.000000 a 480.188505 427.731224 244.560831 20.248457 208.655218 102.259474 227.105702 488.787275 162.594588 228.560714 155.656673 187.320581 284.604989 344.095917 232.131428 468.187996 92.784697 136.165341 340.119097 327.990854 249.002008 424.662219 307.611768 222.524156 485.004124 243.589819 185.924716 357.330379 312.641968 400.361087 
101.000000 8.000000 4.000000 a 229.054579 157.648343 276.407308 261.344600 128.140548 202.192977 269.001859 406.132983 179.888855 64.195015 335.004478 147.871566 347.696707 120.768373 238.411409 241.033193 266.923210 169.008876 62.177166 266.242371 187.683244 162.003086 172.261429 159.254513 386.339229 55.326305 117.153745 90.199778 144.941367 157.003185 
195.000000 3.000000 1.000000 a 362.692707 396.127505 196.063765 429.470604 484.487358 357.762491 213.527516 79.322128 497.276583 364.446155 319.048586 307.001629 172.235304 312.360369 215.230109 309.859646 348.786468 459.913035 442.883732 141.014184 232.879797 375.453060 233.927339 270.248034 100.448992 361.387604 450.671721 376.643067 264.461717 333.289664 
132.000000 9.000000 2.000000 a 397.920846 317.351540 400.719353 260.230667 84.693565 257.893389 387.568059 577.976643 111.305885 202.252318 397.915820 264.319882 468.241391 302.364019 366.481923 418.686040 317.327906 144.031247 192.200416 424.570371 333.208643 328.694387 341.989766 296.561967 560.771790 208.197022 120.540450 262.840256 320.039060 334.270848 
225.000000 8.000000 5.000000 a 282.214457 321.636441 203.002463 425.650091 446.995526 346.273014 219.146070 54.671748 468.846457 321.403174 341.796723 280.058922 208.124962 247.309523 207.694487 228.709423 352.881000 434.125558 382.027486 112.578861 203.494472 300.456320 181.793839 240.010416 45.398238 315.372795 415.600770 310.601030 207.607803 259.755654 
205.000000 9.000000 2.000000 a 243.051435 171.268795 277.519369 251.071703 114.157786 194.858923 269.313943 415.234873 166.048186 61.294372 330.163596 145.773797 348.862437 133.330417 239.641399 254.756747 260.284460 156.000000 69.814039 272.376578 190.937162 175.923279 180.205438 160.654910 396.002525 55.578773 103.580886 104.172933 154.207652 170.839106 
151.000000 1.000000 3.000000 a 285.124534 281.810220 70.292247 270.083320 308.185009 190.378570 79.649231 207.465660 320.989096 191.887988 207.465660 130.384048 125.159898 179.078195 55.443665 247.008097 201.002488 284.200633 288.783656 43.416587 56.859476 265.452444 89.286057 93.722996 200.848201 191.313878 274.052915 237.928561 121.202310 223.230822 
120.000000 3.000000 3.000000 a 273.029302 314.356486 210.152326 430.390520 446.861276 350.281316 226.002212 56.222771 470.077653 320.739770 349.778501 282.214457 217.830209 242.627286 213.122031 219.276082 358.810535 435.835978 377.816093 116.927328 205.912603 293.073370 180.424499 241.944208 40.853396 314.213303 415.935091 305.452124 205.000000 252.881395 
263.000000 5.000000 5.000000 a 281.128085 226.101747 200.144947 181.466250 126.574089 112.805142 189.644404 375.825757 151.158857 28.425341 243.920069 62.649820 270.732340 147.492373 163.490061 276.101431 176.173210 122.184287 153.404694 217.903648 125.801431 223.163617 144.931018 89.358827 361.387604 42.520583 94.403390 155.900609 133.195345 201.526673 
236.000000 9.000000 1.000000 a 297.405447 217.745264 341.269688 264.690385 81.215762 229.856477 331.049845 490.306027 140.427917 125.000000 372.542615 204.024508 412.074022 204.413796 304.171005 317.844302 295.918908 149.305057 93.005376 345.585011 260.386252 228.186327 255.049015 227.055059 471.009554 125.239770 96.896852 161.913557 229.259678 233.499465 
127.000000 6.000000 2.000000 a 307.650776 231.365512 315.039680 230.846269 53.488316 196.786687 303.916107 477.297601 112.254176 103.730420 339.860265 176.920886 385.206438 201.955441 278.626991 322.601922 262.611881 116.726175 111.126055 327.123830 238.549785 239.102488 241.124449 203.531324 459.505169 107.628992 63.245553 169.070991 218.332316 238.304427 
207.000000 7.000000 3.000000 a 270.490296 214.032708 207.927872 193.458006 125.876924 125.606528 198.133793 375.793826 155.283611 15.620499 256.095685 72.006944 278.890660 138.050715 170.765922 267.080512 188.904738 128.658463 140.943251 220.095434 129.653384 211.570319 142.523682 94.429868 360.484396 30.000000 95.770559 143.669760 128.082005 191.125613 
195.000000 5.000000 3.000000 a 425.865002 408.208280 77.524190 200.823305 329.874218 157.470632 68.680419 312.014423 315.272898 256.007812 70.064256 171.548827 80.622577 303.911171 101.414989 392.045916 115.277925 276.153943 378.762459 178.600112 158.372977 395.294827 223.439030 167.502239 316.621225 264.037876 294.598031 351.005698 248.887525 356.299032 
230.000000 5.000000 4.000000 a 172.130764 111.516815 257.782854 296.006757 189.084637 224.742074 254.183005 352.846992 237.033753 88.102213 341.849382 151.238223 327.099373 58.821765 220.637712 179.047480 283.867927 220.302065 82.637764 226.061938 163.487003 109.562767 127.612695 145.838952 331.265754 72.897188 173.072239 41.773197 95.859272 96.046864 
213.000000 7.000000 3.000000 a 422.906609 359.089125 275.138147 88.684835 107.703296 110.535062 258.801082 498.208792 60.299254 165.894545 234.350165 165.849329 332.501128 292.542305 249.615705 421.626612 154.983870 36.769553 255.440795 333.707956 241.754007 360.334567 283.213700 206.344372 488.485414 180.679274 91.547802 289.032870 277.221933 344.444480 
143.000000 8.000000 1.000000 a 62.297673 132.966161 322.552321 459.930430 381.744679 377.921950 329.734742 258.234390 427.917048 269.091063 451.890473 292.514957 370.645383 142.014084 298.464403 13.928388 420.529428 407.044224 245.521893 233.212350 248.684539 113.701363 180.601772 261.963738 229.427548 255.001961 364.002747 169.944108 167.370846 98.371744 
196.000000 1.000000 4.000000 a 411.646693 376.396068 125.227792 110.679718 244.182309 68.359345 107.856386 371.646337 223.600089 195.017948 77.129761 118.697093 167.260276 277.996403 118.004237 388.515122 28.442925 185.054046 320.862899 215.058132 150.632002 367.763511 217.423550 137.306227 369.871599 206.707523 210.237960 310.942117 232.467202 334.701359 
228.000000 6.000000 4.000000 a 383.000000 422.885327 237.065392 470.523113 524.313837 399.100238 254.521119 72.917762 538.101292 403.100484 357.151228 347.639181 209.308385 344.337044 256.563832 329.074460 389.405958 500.892204 476.958069 180.055547 272.946881 401.795968 269.786953 310.420682 100.900942 399.442111 490.764709 408.383398 299.207286 360.672982 
245.000000 8.000000 3.000000 a 249.595673 189.707670 225.869431 218.277347 127.906216 151.980262 217.389052 377.724768 166.048186 10.816654 281.538630 94.201911 297.188492 121.066098 188.095720 250.017999 215.230109 144.222051 115.316955 227.431308 141.509717 188.480768 141.767415 109.444050 360.679913 8.544004 103.077641 119.079805 121.803120 171.143215 
288.000000 2.000000 4.000000 a 193.932978 117.834630 300.734102 304.244967 164.984848 242.606678 295.326937 403.821743 219.763509 101.788997 371.295031 181.069048 371.264057 106.962610 262.922042 212.906083 306.202547 211.404825 31.780497 276.371127 208.002404 125.143917 178.353581 184.981080 381.808853 89.470666 158.432951 56.920998 147.078210 128.693434 
207.000000 7.000000 5.000000 a 382.447382 381.057738 51.623638 273.753539 367.619368 212.249853 65.192024 226.318360 365.715737 268.486499 156.460858 189.763010 25.942244 277.764289 88.294960 341.216940 189.789357 326.435292 379.032980 112.485555 140.032139 364.819133 188.472810 166.883193 232.641355 271.957717 331.832789 334.717792 219.790810 322.555422 
140.000000 8.000000 3.000000 a 207.369236 150.602125 230.367098 257.124483 164.438438 185.607112 224.877745 352.958921 206.968597 50.289164 305.378454 114.236597 301.059795 79.630396 192.509740 208.021633 245.348731 186.526138 101.004950 212.849712 138.293167 147.597425 118.431415 114.586212 333.757397 35.171011 143.265488 80.919713 91.934759 128.724512 
106.000000 1.000000 2.000000 a 169.097605 227.975876 276.508589 461.212532 427.541811 377.107412 288.392094 152.118375 463.780120 302.649963 416.710931 295.381110 307.416655 189.992105 263.795375 114.982607 404.460134 435.632873 319.990625 175.353928 230.254207 206.661559 173.649071 257.001946 123.036580 291.563029 402.602782 241.933875 180.499307 174.774140 
276.000000 6.000000 3.000000 a 270.830205 253.124475 91.214034 234.418429 255.978515 151.198545 90.338253 253.410734 270.800665 140.035710 203.216633 80.454956 159.906223 148.485690 55.901699 241.101638 176.570099 234.931905 243.205674 90.000000 4.472136 239.415956 69.028979 41.725292 243.312556 140.406553 222.103579 200.591625 92.655275 200.062490 
214.000000 6.000000 2.000000 a 207.992788 159.962496 206.968597 252.420284 179.847157 176.400113 202.230067 330.437589 217.497126 55.731499 288.466636 98.595132 277.304886 73.348483 169.307413 202.094038 232.664995 193.258894 125.143917 188.042548 114.017543 153.687996 94.810337 92.720009 312.014423 43.657760 155.080624 93.813645 70.802542 128.160056 
195.000000 7.000000 5.000000 a 309.103543 241.085047 262.057246 184.764715 62.201286 141.890803 250.145957 439.550907 100.124922 65.299311 284.423979 124.084649 331.445320 186.681547 226.523729 314.515500 208.127365 85.094066 137.277092 283.270189 191.400104 243.971310 205.516423 154.767568 424.010613 75.894664 36.221541 172.026161 188.310913 233.077240 
227.000000 9.000000 5.000000 a 453.657360 433.647322 107.042048 194.200927 338.710791 163.367683 97.616597 338.427245 319.075226 274.204303 47.169906 190.412710 101.607086 329.778714 129.402473 420.708926 111.018017 280.643902 398.628900 208.062491 185.067555 421.343091 251.191162 190.968584 344.088651 283.301959 304.138127 374.765260 275.661024 383.020887 
132.000000 9.000000 2.000000 a 330.025757 253.096819 327.832274 225.942471 37.536649 200.302272 315.912963 497.241390 96.607453 121.918005 343.704815 189.781453 397.200201 224.539529 292.159203 345.392530 264.939616 107.912001 131.213566 345.036230 254.939208 261.323554 261.199158 219.045657 479.963540 127.404866 59.665736 191.637679 239.401337 261.076617 
264.000000 1.000000 4.000000 a 167.585799 205.936884 222.948425 401.210668 373.423352 317.100930 233.480192 160.365208 407.039310 247.135590 361.088632 235.544051 261.633331 144.312162 206.864690 115.948264 345.376606 377.752565 279.257945 124.843903 170.557908 184.569770 114.127122 197.010152 134.658828 237.023206 346.923623 203.334699 124.084649 145.248064 
288.000000 8.000000 1.000000 a 395.551514 370.135110 76.941536 161.418710 278.188785 107.354553 60.207973 324.568945 265.203695 207.099010 77.620873 123.227432 117.379726 267.372399 79.378838 366.652424 77.878110 225.887140 331.452862 173.401269 126.506917 358.898314 194.620143 126.194295 324.556621 216.115710 242.853866 309.355782 215.668727 322.144378 
258.000000 8.000000 2.000000 a 363.463891 312.020833 185.043238 96.772930 143.694120 33.376639 169.452058 406.118209 131.468627 114.109596 176.725776 77.524190 246.789384 227.528020 157.492857 352.892335 99.458534 92.086915 233.893138 241.505694 150.840976 308.228811 199.203414 117.277449 397.202719 128.689549 109.293184 242.033056 199.449242 283.622989 
167.000000 8.000000 3.000000 a 399.656102 379.381075 61.660360 185.800969 302.332598 132.969921 47.759816 307.188867 290.697437 225.503880 80.653580 141.028366 92.021737 275.408787 76.216796 367.722722 101.019800 251.334439 348.173807 162.782063 130.728727 366.957763 197.284059 137.480908 309.006472 233.452351 266.810794 321.211768 221.298441 328.635056 
257.000000 9.000000 2.000000 a 477.603392 438.634244 182.537667 92.347171 270.822820 108.558740 166.147525 429.917434 236.256217 249.018072 67.268120 180.922635 207.234167 342.800233 182.584227 455.826721 46.097722 202.200396 372.699611 278.718496 218.403297 431.258623 285.112259 203.924005 430.512485 262.240348 240.902470 371.312537 299.300852 399.816208 
245.000000 6.000000 3.000000 a 358.942892 404.085387 252.049598 484.294332 524.947616 409.648630 269.429026 41.303753 542.602986 401.109711 379.222890 352.022727 233.077240 331.832789 267.031833 304.593171 405.475030 506.377330 466.411835 181.815841 275.835096 382.723138 263.643699 313.292196 70.455660 396.137602 492.378919 395.102518 290.946731 342.905235 
255.000000 8.000000 2.000000 a 45.880279 120.208153 392.756922 506.077069 400.281151 427.538302 398.282563 333.216146 452.447787 303.295236 515.873046 343.739727 444.886502 182.082399 365.574890 78.714675 476.681235 437.562567 245.367072 308.366665 311.849323 111.040533 244.124968 318.698917 304.133195 288.201319 388.973007 182.617086 223.805719 125.717938 
162.000000 6.000000 2.000000 a 529.003781 500.119986 193.865933 176.567268 355.928364 186.967912 182.035711 426.521981 322.262316 321.549374 56.080300 244.346066 187.002674 399.058893 210.097596 500.201959 120.602653 288.085057 447.263904 295.655205 260.192237 490.134675 328.287983 256.898813 432.907611 333.361665 325.026153 436.280873 348.919762 454.674609 
219.000000 2.000000 4.000000 a 146.085591 196.473917 257.266399 430.267359 390.708331 346.134367 267.598580 172.965314 427.748758 266.300582 394.939236 263.030416 295.601083 152.820156 240.435022 92.021737 377.143209 400.281151 283.621226 159.154013 201.638290 174.957138 141.056726 225.718852 144.931018 254.943131 366.196668 205.779008 144.931018 140.346001 
221.000000 3.000000 1.000000 a 75.802375 104.752088 277.994604 401.523349 324.776846 320.128099 283.128946 261.541584 369.567315 210.002381 401.058599 234.917007 332.555259 83.096330 250.319795 47.296934 365.058899 348.000000 197.853481 198.406149 196.939077 83.216585 128.972865 206.305599 234.644412 196.063765 305.785873 119.816526 110.941426 49.497475 
101.000000 4.000000 2.000000 a 405.878061 335.809470 307.675153 141.421356 61.717096 149.402142 292.405540 516.245097 8.544004 157.334040 283.007067 183.403926 369.835098 282.856854 278.095307 411.273632 202.615399 31.064449 222.569090 353.638233 259.699827 340.000000 290.077576 222.443251 503.830329 170.299736 61.400326 268.001866 278.160026 330.122704 
293.000000 4.000000 4.000000 a 54.120237 129.468143 333.781366 467.720002 385.129848 386.135986 340.735968 269.066906 432.334361 274.590604 462.316991 300.820545 382.413389 147.573710 309.232922 18.973666 429.787157 412.350579 245.415973 245.051015 258.785626 111.220502 190.591186 271.073791 240.168691 260.276776 368.347662 171.163664 176.082367 100.623059 
192.000000 8.000000 3.000000 a 414.120755 340.724229 336.810035 169.295599 58.051701 179.922205 321.794966 540.623714 22.135944 174.244082 313.397511 209.609160 399.766182 296.420310 306.414752 423.293043 233.105126 61.269895 222.252109 379.189926 285.175385 346.763608 311.261948 247.693359 527.245673 185.852092 74.330344 275.219912 296.947807 340.587727 
263.000000 6.000000 1.000000 a 568.250825 533.175393 245.055096 170.000000 360.212437 205.009756 231.795168 481.934643 318.912214 345.488061 103.445638 275.087259 243.051435 435.178124 256.984435 542.860940 141.495583 288.951553 469.157756 346.733327 302.535948 524.903801 370.681804 293.920057 487.582813 358.600056 332.677021 466.717259 388.418589 491.797723 
270.000000 3.000000 1.000000 a 443.397113 438.818869 97.293371 273.001831 396.248659 227.659834 102.122475 272.464677 385.498379 310.315968 130.142230 227.167339 36.878178 334.655046 134.495353 402.800199 187.608635 346.157479 427.435375 174.155103 191.880171 423.332021 246.732649 212.529998 283.028267 316.000000 360.555128 389.030847 276.920566 381.624161 
287.000000 4.000000 1.000000 a 165.511329 217.082933 254.921557 437.224199 405.531750 353.114712 266.326867 153.062079 440.858254 280.080346 394.461658 271.414812 288.736904 170.414201 240.973028 111.162044 380.867431 412.310563 302.645007 154.547727 206.400097 195.563289 149.753130 233.002146 124.779806 269.312087 380.032893 225.077764 157.492857 160.605106 
104.000000 8.000000 3.000000 a 76.236474 129.541499 292.042805 430.503194 359.346629 348.080450 298.964881 243.823707 403.517038 243.205674 420.839637 262.640439 341.433742 116.965807 267.525700 25.553865 389.802514 381.158760 231.326609 204.413796 217.635016 108.466585 149.586096 231.387122 215.740585 229.558271 339.860265 153.681489 137.266165 82.097503 
120.000000 9.000000 3.000000 a 419.920231 360.180510 249.579647 64.513564 127.581347 84.291162 232.948492 477.448427 87.091905 162.542302 205.681793 148.489057 305.240888 286.722863 225.763150 414.965059 126.194295 55.362442 263.501423 312.835420 222.625246 359.702655 268.910766 188.692872 468.901909 177.730133 104.861814 289.580731 266.001880 340.565706 
203.000000 6.000000 1.000000 a 355.406809 392.460189 210.440015 443.424176 492.276345 370.256668 227.881548 61.220911 507.026627 370.600863 336.154726 316.395322 190.023683 312.187444 227.481867 301.955295 363.675680 470.106371 444.425472 147.868185 241.207380 371.517160 237.035862 278.729259 84.202138 366.809215 458.917204 376.324328 266.540804 329.960604 
177.000000 4.000000 3.000000 a 269.920359 274.565111 94.413982 298.492881 327.482824 218.002294 106.042444 181.121506 343.803723 206.939605 234.437625 153.378617 138.679487 175.231276 84.291162 228.403152 230.002174 307.858734 294.205710 17.029386 77.006493 256.846258 86.145226 114.477072 173.000000 204.430917 294.210809 237.134983 119.151164 213.740497 
259.000000 6.000000 5.000000 a 271.066413 311.955125 208.240246 428.004673 444.055177 347.800230 224.020088 59.033889 467.333928 317.921374 348.053157 279.544272 216.707176 239.908316 210.867257 217.389052 356.624452 433.124693 375.069327 114.542569 203.273215 290.688837 177.597860 239.259274 43.462628 311.387219 413.146463 302.775494 202.180612 250.409664 
185.000000 7.000000 3.000000 a 353.503890 285.043856 275.481397 155.235305 43.416587 132.457540 261.658174 470.689919 57.070132 104.785495 275.000000 142.523682 341.812814 229.786858 242.687041 358.201061 195.256242 42.720019 176.819117 310.344969 216.540989 288.294988 240.601330 179.011173 456.881823 117.388245 12.806248 216.316897 226.761990 277.259806 
242.000000 7.000000 3.000000 a 284.297380 223.181540 225.960173 186.638688 103.077641 126.763559 215.195260 398.588761 134.123078 28.071338 263.600076 88.073833 296.384885 155.029030 189.433366 284.176002 192.314846 110.004545 137.568165 242.425246 151.162165 222.733024 165.157501 115.104301 383.271444 42.190046 73.348483 152.541798 149.696359 205.827598 
231.000000 7.000000 3.000000 a 225.594769 211.153972 131.946959 267.540651 258.009690 183.393021 133.689940 243.657547 282.242803 132.966161 248.316331 101.710373 196.468827 106.892469 99.624294 196.367003 217.349948 249.617708 216.316897 93.520051 44.204072 196.331353 24.186773 63.031738 228.816520 128.405607 226.927301 163.990853 49.244289 155.926265 
109.000000 7.000000 3.000000 a 379.163553 394.689752 120.615090 351.573605 429.912782 285.917820 137.437258 158.660014 434.521576 319.339944 232.819673 249.353163 85.287748 298.000000 148.677503 331.158572 268.337474 395.804245 416.371229 112.071406 183.847763 375.898923 209.468375 218.240693 171.397200 319.640423 394.677083 360.401165 242.464430 332.483082 
241.000000 6.000000 5.000000 a 53.535035 31.256999 353.073647 432.325109 313.253891 358.097752 355.012676 354.248500 366.938687 225.035553 461.900422 278.226526 414.010869 118.444080 320.755358 97.943861 413.052055 354.682957 156.416112 285.490805 262.931550 28.017851 200.803386 260.526390 326.695577 209.811820 304.179223 98.081599 172.568827 65.741920 
248.000000 1.000000 2.000000 a 216.094887 172.557237 190.850727 244.393126 185.431928 166.207701 186.131674 320.320152 219.364993 58.600341 274.045617 85.586214 261.231698 79.849859 153.182897 206.344372 220.320221 192.761511 141.056726 174.413302 98.081599 164.924225 84.148678 76.843998 302.834939 49.819675 158.398232 108.226614 64.474801 136.400147 
118.000000 4.000000 5.000000 a 549.421514 515.694677 224.448212 163.110392 350.682192 190.588562 211.243935 461.677377 311.849323 330.056056 82.861330 257.775096 223.224103 416.923254 236.698120 523.366984 125.642350 280.317677 454.493124 326.142607 282.936389 507.019723 351.140997 275.288939 467.131673 342.854196 321.976707 449.811071 369.423876 473.370891 
120.000000 5.000000 5.000000 a 228.536649 168.813507 231.175258 238.834671 143.377125 170.484603 224.109348 368.517299 184.978377 30.528675 296.096268 105.948101 302.423544 101.597244 193.165732 230.034780 232.406971 164.684547 102.610916 223.235302 142.414887 167.314076 132.548104 114.039467 350.275606 15.620499 121.342490 98.270036 109.018347 150.336290 
149.000000 2.000000 4.000000 a 291.192376 322.691803 171.143215 396.285251 426.751684 318.127333 187.523332 79.479557 445.583887 302.853100 309.362247 255.477983 176.045449 240.353906 177.789201 239.282260 322.063658 409.957315 372.683512 85.475143 178.891028 302.036422 166.412139 216.113396 77.000000 298.073816 394.380527 304.527503 195.133288 259.855729 
236.000000 2.000000 3.000000 a 238.606370 240.470372 117.515956 297.889241 306.771902 214.832493 125.670203 195.420060 328.086879 182.701943 251.795552 140.943251 170.000000 141.088625 97.082439 199.649693 236.603043 293.886032 262.360439 45.891176 66.287254 222.948425 52.773099 100.463924 182.529450 178.404036 274.874517 203.354370 85.586214 179.980555 
176.000000 5.000000 4.000000 a 257.108926 234.674242 112.178429 232.137890 238.346387 148.030402 109.786156 266.542680 256.563832 119.473847 215.863383 69.260378 181.620483 130.384048 75.584390 230.846269 181.430427 221.948192 221.144749 106.075445 18.000000 221.882852 59.808026 28.861739 254.489685 119.037809 205.236449 179.980555 77.077883 183.861361 
269.000000 3.000000 1.000000 a 115.004348 135.635541 240.168691 377.153815 318.760098 294.200612 246.077224 232.490860 358.892742 197.131936 366.431440 208.830074 293.436535 78.032045 213.925221 77.801028 334.861165 333.946103 209.346603 159.012578 162.828130 114.738834 94.667840 176.618232 207.099010 184.610401 296.150300 132.136293 83.546394 73.498299 
193.000000 9.000000 1.000000 a 44.011362 118.228592 391.451146 504.232089 398.282563 425.747578 396.914348 333.150116 450.458655 301.370204 514.347159 341.989766 443.765704 180.272017 364.166171 77.820306 474.987368 435.597291 243.386524 307.327187 310.344969 109.041277 242.662317 317.050469 304.080581 286.272597 386.988372 180.623919 222.200360 123.858791 
172.000000 4.000000 2.000000 a 391.695034 329.848450 249.303028 94.826157 98.716767 88.549421 233.540146 467.124180 69.462220 134.171532 223.886132 133.824512 309.803163 260.230667 221.650626 389.165774 143.265488 30.805844 231.138487 302.899323 210.190390 330.163596 250.121970 174.244082 456.776751 149.164339 73.061618 259.416653 243.993852 312.827428 
179.000000 8.000000 1.000000 a 370.109443 411.866483 240.104144 473.254688 521.149691 400.271158 257.559702 57.384667 536.634885 398.722961 363.880475 345.960980 216.748702 335.621811 257.497573 316.006329 393.178077 499.840975 469.127914 176.799321 270.484750 390.663538 263.486243 308.021103 85.726309 394.507288 488.004098 399.430845 292.104433 349.984285 
282.000000 7.000000 2.000000 a 479.051145 445.067411 165.435788 122.560189 294.821980 125.227792 150.206524 410.701838 263.491935 261.589373 36.878178 187.323250 181.837840 346.226804 171.452617 454.001101 58.821765 228.140308 386.897919 265.022641 213.974298 436.299209 281.953897 204.748626 413.030265 273.906918 263.471061 379.520750 299.232351 402.733162 
268.000000 1.000000 3.000000 a 491.869901 449.284988 207.511445 77.103826 264.609146 114.560028 190.850727 455.106581 225.375243 255.618857 92.097774 193.597521 233.634330 356.130594 205.411782 472.369559 61.983869 193.829822 376.876638 302.134076 237.640485 443.018058 303.136933 220.145406 455.126356 269.519944 236.864940 380.801786 315.293514 413.269888 
114.000000 4.000000 5.000000 a 375.033332 309.594897 264.236636 124.775799 69.050706 110.860272 249.339126 471.699057 52.345009 120.004167 250.647162 138.600144 327.824648 247.072864 233.863208 376.224667 170.188131 18.110770 205.548048 308.870523 214.972091 311.449835 247.341869 177.792013 459.619408 134.182711 43.600459 239.841614 237.326779 297.311285 
239.000000 4.000000 4.000000 a 274.262648 203.049255 275.610232 224.474943 84.011904 174.928557 265.668967 431.335137 134.350288 59.506302 314.569547 138.924440 346.538598 159.702849 238.415604 284.121453 241.234326 124.811858 96.540147 282.065595 195.071782 207.511445 195.161472 161.307160 413.569825 61.846584 71.840100 135.624482 172.609386 200.808366 
282.000000 9.000000 5.000000 a 420.272531 363.191410 234.887207 51.107729 142.045767 69.892775 218.048160 466.009657 104.388697 164.201096 187.970742 140.801278 289.084763 285.748141 212.492353 413.020581 108.503456 70.859015 270.977859 301.569229 212.960090 361.668356 262.429038 180.346888 458.293574 179.426865 116.764721 292.535468 261.619953 340.589195 
157.000000 2.000000 5.000000 a 598.278363 569.016696 259.422435 222.899080 411.306455 249.689808 248.847343 482.370190 371.845398 387.620949 125.319591 312.405186 242.012396 468.277695 278.217541 569.043056 183.806964 340.800528 512.773829 360.544033 329.314439 559.260226 397.322287 326.105811 491.175122 399.952497 382.572869 504.607768 418.216451 523.966602 
222.000000 6.000000 5.000000 a 512.582676 471.868626 216.009259 100.179838 289.359638 138.293167 200.062490 462.563509 249.064249 279.517441 87.664132 215.000000 234.644412 377.343345 217.993119 491.522126 80.777472 218.277347 401.423716 313.636733 254.448423 465.089239 321.056070 239.426398 464.087276 293.233695 261.874016 403.832886 334.802927 434.438718 
151.000000 7.000000 3.000000 a 153.235113 113.463651 232.744495 307.001629 224.448212 229.340358 231.769282 309.245857 267.576157 108.166538 331.887029 147.610975 299.365997 19.026298 197.395542 148.121572 282.363241 246.050808 124.823876 188.409129 138.715536 103.237590 90.138782 130.602450 287.417814 94.000000 203.931361 61.032778 57.140179 73.409809 
108.000000 8.000000 4.000000 a 119.641130 158.432951 250.233891 403.788311 352.346420 320.115604 258.213090 207.692080 391.560979 229.732453 382.460455 235.325307 297.235597 112.004464 227.982455 70.661163 356.785650 365.715737 241.896672 159.840546 181.859836 136.926988 115.801554 200.584147 180.892233 217.598254 329.164093 164.073154 112.000000 99.849887 
126.000000 7.000000 4.000000 a 306.360898 283.668821 72.691127 202.237484 248.573933 121.165177 65.276336 276.927788 255.290031 145.168867 166.712327 68.095521 144.006944 179.744263 35.171011 278.183393 139.832042 217.497126 260.109592 112.605506 37.735925 271.330057 105.948101 45.177428 269.824017 149.405489 213.283848 226.550215 126.621483 233.540146 
256.000000 9.000000 2.000000 a 246.732649 177.775139 263.946964 239.340761 112.787411 181.276033 255.501468 406.857469 161.446586 47.095647 315.957276 131.548470 335.276006 130.919823 226.134915 255.409475 246.473122 148.313856 82.927679 261.472752 178.370401 180.853532 171.058470 147.312593 388.279538 42.449971 97.867257 108.853112 146.577624 172.351385 
104.000000 6.000000 2.000000 a 257.421833 238.379949 106.042444 239.000000 248.965861 155.080624 105.118980 256.320112 266.810794 129.865315 215.870331 78.549348 174.393234 133.764719 70.682388 229.104780 185.310550 231.948270 229.490741 95.462034 12.206556 224.839943 56.938563 38.078866 244.626246 129.077496 215.807785 185.784822 78.409183 185.800969 
176.000000 7.000000 1.000000 a 133.734812 188.827964 271.823472 440.408901 394.457856 356.366384 281.810220 184.783657 433.180101 271.400074 408.755428 272.530732 311.130198 153.883072 254.049208 79.309520 389.154211 406.724723 281.575922 174.413302 213.475994 167.451486 150.960260 236.044487 156.284996 259.480250 371.012129 203.383874 151.845316 135.473245 
254.000000 2.000000 4.000000 a 479.426741 455.109877 138.798415 178.474088 338.378486 163.003067 127.632284 372.537246 313.036739 286.190496 22.360680 204.592277 134.836939 352.330810 157.200509 448.545427 101.980390 275.862284 411.885907 240.476610 210.011904 443.879488 277.477927 211.116082 378.187784 296.588941 305.006557 393.761349 300.026665 406.863614 
281.000000 7.000000 2.000000 a 214.580987 221.183182 143.087386 317.077278 312.200256 233.308808 151.238223 190.276115 337.675880 185.913959 276.942232 155.232084 193.793705 125.896783 122.118795 174.413302 259.069489 305.026228 253.663162 61.983869 85.052925 202.785601 46.227697 115.121675 174.025860 179.610690 281.801348 189.718212 75.239617 159.452187 
289.000000 2.000000 5.000000 a 340.801995 388.207419 255.665797 486.087441 518.906543 409.695009 272.855273 22.360680 538.728132 393.935274 386.626435 348.668897 242.348922 319.269479 267.798432 286.372136 408.925421 503.150077 454.473322 178.530110 272.082708 366.760140 254.876441 309.273342 51.009803 388.253783 486.963038 381.937168 280.834471 327.661411 
105.000000 5.000000 4.000000 a 51.971146 134.617978 363.463891 493.325450 402.905696 412.466968 370.309330 291.336575 452.027654 296.708611 491.423443 327.391203 412.043687 170.628251 338.657644 47.201695 457.555461 433.756844 256.517056 274.608813 287.642139 119.540788 219.401459 298.779183 262.230814 282.056732 388.046389 185.970428 203.482186 119.067208 
225.000000 8.000000 5.000000 a 309.523828 306.114358 48.764741 265.047166 318.868311 188.724667 61.131007 210.440015 327.452287 207.238992 189.422807 138.683092 100.657836 203.002463 46.486557 270.739727 191.157004 289.663598 309.362247 54.129474 72.124892 289.913780 113.529732 106.004717 207.183494 208.086520 284.007042 260.969347 145.041373 247.776109 
138.000000 4.000000 1.000000 a 302.100976 248.515593 191.269443 159.298462 127.062977 90.426766 179.323730 380.816229 142.523682 50.931326 224.243172 53.712196 260.633843 167.355908 156.080108 295.096594 154.547727 109.786156 174.542258 219.754408 125.936492 245.177487 155.283611 88.413800 367.898084 65.192024 92.314679 178.440466 147.665162 222.326337 
232.000000 5.000000 2.000000 a 373.230492 403.903454 187.472665 420.839637 482.187723 350.851821 204.882893 95.963535 493.036510 363.890093 306.615394 303.448513 159.022011 317.505905 209.009569 320.923667 339.165152 455.268053 446.319392 141.031911 230.672929 383.470990 236.577683 267.725606 116.674762 361.519017 447.973213 381.760396 267.867505 340.917879 
162.000000 2.000000 5.000000 a 316.741219 325.213776 80.224684 309.457590 364.243051 234.957443 96.876210 167.705098 374.252589 249.130488 219.063918 184.783657 97.744565 226.318360 92.179173 272.341697 232.441390 336.590255 343.402097 43.081318 113.877127 307.174218 137.014598 150.083310 168.002976 248.455227 329.705930 288.043400 170.026469 263.910970 
101.000000 6.000000 4.000000 a 177.687929 94.847246 357.798826 363.521664 207.867746 304.455251 353.600057 435.142505 266.159726 163.981706 433.383202 242.785914 427.375713 139.842769 320.413795 211.400095 368.376166 263.948859 44.418465 323.010836 263.711964 111.516815 224.510579 243.993852 410.776095 151.716842 209.251045 75.584390 191.637679 135.473245 
217.000000 9.000000 3.000000 a 179.446371 212.983567 207.523493 389.011568 367.441152 305.006557 218.240693 155.682369 399.260567 240.615876 346.030345 224.510579 246.089415 144.201248 192.065093 129.027129 331.657956 369.086711 279.823158 109.224539 157.537297 191.859323 104.292857 185.388781 131.548470 231.205536 340.000000 205.292474 117.834630 151.119158 
223.000000 2.000000 4.000000 a 355.268912 401.254283 254.686081 486.560377 525.160928 411.460812 272.029410 37.013511 543.413287 400.980049 382.792372 352.930588 237.008439 330.080293 268.972118 300.880375 408.129881 507.355891 464.882781 182.628037 276.602603 379.859184 263.005703 314.006369 66.121101 395.804245 492.760591 393.174262 289.927577 340.282236 
117.000000 6.000000 1.000000 a 332.031625 359.235299 157.562686 389.781990 439.732873 315.963605 174.908548 94.429868 453.167739 319.681091 288.140591 262.680414 146.328398 271.488490 173.184872 280.862956 311.006431 416.049276 400.181209 96.260064 188.175450 339.036871 190.538710 225.594769 104.177733 316.764897 406.000000 335.715653 221.713779 296.204321 
266.000000 8.000000 5.000000 a 402.314554 429.029137 183.504768 414.364574 489.290302 348.776433 200.412075 129.015503 496.105835 374.945329 290.931263 309.006472 142.940547 338.859853 210.107116 350.781984 330.727985 457.621022 464.281165 156.236999 239.770724 409.011002 254.442528 275.726314 150.628683 373.887684 454.400704 402.781579 286.700192 366.012295 
144.000000 4.000000 3.000000 a 232.297223 286.127594 258.288598 465.691958 457.947595 382.969973 272.737969 88.362888 487.975409 330.927485 399.804952 307.327187 275.036361 232.690782 254.385534 177.901658 400.079992 456.477820 367.371746 158.028478 234.437625 264.599698 192.005208 267.031833 59.211485 321.927010 429.805770 290.833286 208.614477 228.844926 
223.000000 8.000000 1.000000 a 412.456058 377.079567 126.178445 109.859001 244.086050 68.264193 108.811764 372.625818 223.271136 195.450761 76.902536 119.331471 168.014880 278.756166 119.004202 389.390549 27.459060 184.764715 321.278695 216.057863 151.568466 368.484735 218.330025 138.130373 370.863856 207.183494 210.192769 311.567007 233.310951 335.475782 
294.000000 8.000000 5.000000 a 372.001344 361.668356 18.867962 232.215417 326.332652 169.070991 23.769729 255.783111 322.869943 232.348876 128.565159 150.880748 57.567352 257.099203 54.744863 335.276006 149.562696 283.536594 347.828981 117.200683 112.641023 347.038903 171.327172 133.060137 258.156929 237.255137 290.492685 309.885463 199.922485 306.249898 
174.000000 5.000000 2.000000 a 406.342220 329.000000 367.528230 212.849712 57.688820 216.965435 353.375155 559.102853 64.031242 184.762009 354.141215 234.729632 432.930710 298.202951 335.076111 421.085502 273.561693 99.639350 205.703670 400.960098 307.657277 337.592950 325.345970 270.248034 543.840050 193.775643 89.827613 267.917898 307.122126 336.942132 
293.000000 9.000000 2.000000 a 380.295937 335.335653 157.613451 89.005618 182.332115 7.810250 140.929060 390.800461 165.484138 142.800560 137.931142 82.637764 214.401493 243.987705 135.532284 364.472221 62.649820 126.210142 266.692707 227.107904 143.282937 329.451059 201.248602 116.107709 384.480169 156.204994 148.216059 266.790180 207.781135 301.033221 
110.000000 1.000000 3.000000 a 554.589939 527.565162 213.824695 203.088651 384.759665 216.374675 203.415830 438.693515 350.022856 350.629434 82.462113 272.737969 198.133793 425.865002 233.212350 524.432074 150.000000 316.404804 476.413686 314.930151 285.280564 517.166318 353.058069 283.862643 446.786302 362.305120 354.120036 464.349007 374.769262 481.084192 
188.000000 3.000000 1.000000 a 556.917409 523.534144 230.269407 170.293864 358.369921 198.647930 217.349948 466.099775 319.144168 338.103534 88.955045 265.663321 227.019823 424.603344 243.304336 530.571390 133.689940 287.862815 462.554862 332.054212 290.110324 514.781507 358.336434 282.879833 471.958685 350.887446 329.802971 457.739009 376.872658 481.000000 
272.000000 9.000000 1.000000 a 418.387380 342.328789 361.962705 197.091349 63.324561 207.238992 347.286625 560.201749 50.219518 188.724667 341.634307 232.000000 425.935441 306.360898 330.650873 431.055681 261.292939 88.600226 220.336107 400.281151 306.471858 350.035712 328.249905 268.938655 545.838804 198.929636 90.138782 279.517441 311.746692 347.332694 
291.000000 2.000000 2.000000 a 23.853721 72.470684 330.847397 436.774541 337.290676 358.219207 334.994030 308.248277 387.418379 235.053185 449.418513 274.614275 387.156299 112.729765 301.537726 49.091751 407.991421 370.665618 190.706581 253.692728 246.089415 54.589376 179.513231 250.601277 280.251673 220.077259 323.558341 119.820699 156.540730 56.612719 
174.000000 5.000000 3.000000 a 313.523524 307.483333 41.400483 254.907826 311.488363 178.899413 52.201533 220.601451 318.905942 201.801883 180.612846 131.015266 99.458534 203.730214 36.400549 275.949271 181.000000 280.921697 306.589302 63.639610 67.896981 291.770458 115.156415 99.924972 217.368351 203.302730 276.441676 260.409293 145.797805 250.049995 
164.000000 5.000000 1.000000 a 169.955877 222.800359 257.619875 442.113108 411.734138 358.034914 269.312087 148.569849 446.843373 286.178266 397.573893 276.653213 290.024137 176.816289 244.468812 115.524889 385.051945 418.139929 309.006472 156.780101 210.950231 201.295802 155.167651 238.052515 120.070812 275.481397 386.121742 231.406569 163.490061 166.688332 
299.000000 5.000000 1.000000 a 482.628221 428.052567 256.984435 25.079872 200.369658 109.041277 239.520354 500.000000 151.921032 228.737841 170.891779 192.898937 298.645275 346.965416 243.129595 472.297576 106.508216 128.015624 336.942132 338.320854 257.280003 425.747578 314.162378 229.368699 495.590557 243.895469 179.613474 357.468880 317.716855 402.782820 
193.000000 2.000000 3.000000 a 282.874530 262.733705 84.717177 221.731820 250.838594 138.917242 81.596569 262.975284 263.005703 138.841636 190.536086 72.346389 155.051604 158.294030 47.539457 254.064952 162.984662 226.450878 247.018218 98.615415 13.601471 249.649755 81.841310 37.121422 253.870045 140.687597 216.390850 208.086520 103.711137 211.021326 
149.000000 4.000000 4.000000 a 90.801982 130.000000 270.148108 408.494798 342.498175 325.829710 276.739950 236.957802 385.093495 223.986607 398.151981 240.401747 320.914319 99.458534 245.065297 46.669048 367.049043 361.669739 221.461058 184.564352 194.833262 108.461975 126.763559 208.722304 209.764153 210.736803 321.735917 143.223601 114.982607 74.518454 
194.000000 6.000000 2.000000 a 185.809042 203.002463 177.881983 349.116027 329.795391 265.030187 186.657440 181.231896 359.923603 202.711618 312.705932 184.089652 224.828824 118.701306 157.889202 142.056327 293.743085 329.194471 253.031619 88.192970 118.532696 183.133831 64.195015 145.124085 160.639348 194.164878 301.443195 182.584227 81.565924 140.003571 
150.000000 6.000000 4.000000 a 234.917007 234.539975 119.519873 293.436535 299.152135 210.052374 126.657017 202.800394 321.048283 174.828487 251.563113 134.736780 174.427635 134.301899 96.747093 197.294197 233.803336 287.116701 254.530941 53.600373 61.294372 217.331544 45.276926 94.244363 189.404329 170.414201 267.419147 196.163197 78.230429 174.568038 
106.000000 9.000000 4.000000 a 226.797266 265.198039 202.607996 407.718040 407.152306 325.184563 216.390850 103.831594 434.245322 280.178515 344.245552 250.792743 226.318360 194.509640 196.735864 173.954017 342.176855 401.677732 330.056056 101.202767 176.912408 243.971310 139.517024 210.344955 81.565924 272.418795 377.640040 256.766431 160.639348 203.570627 
277.000000 3.000000 5.000000 a 488.451635 449.899989 189.066126 99.247166 280.793518 119.887447 173.011560 435.932334 245.032651 260.415053 66.219333 192.096330 210.218933 353.816337 190.874304 466.244571 57.314920 211.605766 384.037759 286.471639 228.232338 442.431916 295.237193 214.553024 437.164729 273.642102 251.268780 382.655197 309.898370 410.800438 
289.000000 7.000000 4.000000 a 449.231566 396.164107 228.652575 11.401754 182.463695 75.026662 211.255769 468.978678 141.226768 196.956848 158.496057 158.533908 275.070900 313.320922 212.228650 438.187175 84.504438 110.602893 309.045304 306.323359 223.647043 393.235299 279.866039 195.164034 463.742385 212.000000 157.429349 325.737624 283.388426 369.384623 
296.000000 3.000000 1.000000 a 368.021738 335.715653 96.607453 139.459672 234.200769 69.310894 79.649231 336.122002 224.664194 163.746756 110.136279 81.437092 153.652205 235.518577 79.309520 343.949124 70.213959 185.218790 289.032870 175.513532 105.948101 326.105811 172.661519 93.722996 332.222817 173.623155 198.657998 272.091896 188.345427 291.821863 
140.000000 5.000000 2.000000 a 118.258192 121.037184 235.529191 356.799664 291.898955 274.803566 239.576710 254.049208 332.915905 171.417619 355.562934 189.433366 293.393933 50.774009 206.206207 92.477024 318.943569 308.857572 183.534738 163.713164 151.558570 101.597244 84.219950 160.178026 229.715041 158.492902 269.874045 107.335921 64.845971 58.215118 
255.000000 5.000000 1.000000 a 437.457426 364.869840 343.292878 159.530561 82.710338 182.002747 327.665988 554.286027 31.953091 193.545860 309.200582 221.226129 403.886123 317.657048 314.663312 445.299899 229.923900 67.268120 247.121428 391.522669 297.634003 370.472671 327.873451 260.432333 541.908664 205.922315 94.762862 298.739017 315.291928 363.137715 
281.000000 7.000000 3.000000 a 205.650188 140.943251 255.196003 267.972013 155.364089 200.997512 249.359179 374.040105 203.061567 60.207973 326.021472 135.247921 326.013803 89.157165 217.278623 212.849712 263.001901 187.109594 76.105190 237.143417 163.441121 141.481448 141.421356 138.924440 353.960450 46.010868 139.129436 70.384657 113.004425 130.061524 
268.000000 8.000000 3.000000 a 378.001323 380.644191 64.637450 291.605898 380.295937 228.405341 80.056230 208.693555 380.406362 277.503153 174.828487 201.039797 34.985711 278.485188 98.615415 335.046265 208.002404 341.263828 384.688185 105.118980 145.773797 363.716923 188.512599 175.353928 215.956014 280.071419 344.615728 337.148335 220.655841 320.975077 
254.000000 2.000000 3.000000 a 334.856686 318.059743 34.785054 210.622886 281.824413 136.751600 26.476405 265.135814 283.218997 183.575598 143.655839 103.406963 105.546198 213.490047 11.180340 302.423544 136.444128 244.403355 299.046819 107.004673 67.601775 304.581680 132.382023 84.148678 262.070601 188.265770 246.130047 263.433103 157.813181 265.188612 
108.000000 5.000000 5.000000 a 178.103902 173.441633 175.573346 311.977563 278.088116 228.186327 179.635743 232.544619 310.304689 151.182010 297.417215 143.683680 234.776489 75.325958 146.454771 146.996599 265.926682 281.113856 204.501834 111.040533 93.477270 156.236999 25.238859 108.669223 212.849712 142.042247 250.599282 139.086304 29.068884 113.652981 
104.000000 1.000000 1.000000 a 60.033324 135.871263 334.629646 471.428680 390.612340 389.594661 341.883021 265.001887 437.504286 279.351034 464.096973 304.217028 382.320546 152.266214 310.654149 23.086793 432.557511 417.202589 251.602862 244.804003 260.869699 117.596769 192.769292 273.941600 236.033896 265.120727 373.535808 177.115781 179.203795 106.301458 
202.000000 7.000000 3.000000 a 141.509717 68.308125 301.956951 341.423491 216.279911 272.391263 299.527962 371.247896 269.453150 133.221620 390.308852 199.832430 369.935129 75.432089 265.520244 162.049375 332.266459 257.769277 70.178344 260.019230 207.369236 73.006849 162.077142 192.917081 347.311100 118.406081 206.736547 11.180340 129.062001 79.075913 
101.000000 8.000000 5.000000 a 541.775784 507.899596 218.050453 157.003185 343.792088 182.945347 204.619158 456.395662 305.530686 322.297999 76.400262 249.969998 218.586367 409.186999 229.671505 515.895338 117.885538 273.651238 446.789660 319.640423 275.495916 499.249437 343.681539 267.598580 461.502979 335.076111 314.865050 442.001131 361.807960 465.657600 
228.000000 2.000000 2.000000 a 216.517898 133.719856 373.434064 354.153921 184.937827 302.476445 367.575843 467.771312 244.233495 166.652333 437.385414 249.815932 444.136240 169.955877 335.538373 250.049995 368.057061 247.244818 42.190046 347.857730 281.028468 150.416090 249.327094 257.122539 444.184646 156.923548 192.314846 107.377838 217.168138 172.534055 
169.000000 6.000000 1.000000 a 443.514374 392.734007 213.784939 20.396078 189.907872 64.629715 196.359364 455.171396 152.029602 194.200927 144.100659 149.682998 259.557315 307.258849 198.295234 430.769080 69.028979 119.218287 309.685324 293.073370 212.084889 388.988432 270.024073 184.978377 450.409813 209.021530 162.855764 322.615871 275.036361 363.743041 
105.000000 9.000000 1.000000 a 391.051148 321.400062 297.835525 143.338760 52.009614 142.677959 282.908112 503.119270 20.124612 142.393820 279.594349 171.058470 361.203544 267.824569 267.366789 396.247397 198.979898 25.079872 209.334660 341.013196 247.002024 325.345970 275.878596 209.611545 490.339678 155.293271 46.690470 253.339693 263.501423 315.158690 
114.000000 9.000000 2.000000 a 265.001887 284.142570 132.442440 346.561683 370.793743 266.371920 146.812806 133.461605 389.979487 247.226617 274.065686 200.324736 158.382449 193.569109 130.245921 217.423550 276.354844 354.682957 322.220421 33.241540 123.664870 264.546782 113.145923 160.605106 124.619421 242.860042 338.415425 257.720779 143.735869 221.273586 
128.000000 8.000000 2.000000 a 193.494186 158.445574 190.633156 269.118933 212.438226 188.859736 188.488726 297.391997 247.681247 86.377080 286.932048 104.957134 258.953664 57.801384 154.330814 179.969442 239.018828 221.183182 149.465715 159.062881 96.046864 147.922277 62.769419 85.603738 278.689792 76.059187 186.335719 101.242284 37.443290 114.856432 
270.000000 8.000000 4.000000 a 226.353706 186.271308 175.559107 235.594991 189.994737 155.640612 170.657552 312.860991 220.168118 63.253458 259.464834 72.801099 246.099573 90.049986 137.818722 213.431488 207.562039 191.441897 156.000000 163.110392 83.384651 177.721693 77.665951 61.351447 296.445611 57.801384 161.012422 123.166554 63.953108 147.146186 
123.000000 1.000000 2.000000 a 383.888005 315.317301 287.480434 138.827231 53.665631 133.454112 272.635288 492.589078 30.528675 133.360414 271.661554 160.430670 351.142421 259.378102 256.850151 388.063139 191.049732 18.973666 205.353354 330.407324 236.400085 318.698917 265.770578 199.022612 479.902073 146.577624 40.853396 246.714410 253.842471 307.470324 
235.000000 3.000000 3.000000 a 431.481170 351.159508 417.637403 259.000000 103.585713 267.529438 403.673135 603.849319 112.294256 227.905682 403.655794 283.647669 483.438724 333.294164 384.720678 451.350197 323.199629 149.646250 226.000000 447.844839 355.225281 362.249914 368.570210 318.044022 587.527021 235.204167 138.220838 295.746513 348.106306 366.878727 
105.000000 6.000000 3.000000 a 515.893400 471.801865 231.864184 84.646323 276.383791 136.359818 215.392665 479.282798 233.117996 276.479656 109.416635 217.462640 254.803846 379.906567 230.703273 497.144848 87.361319 204.401566 395.911606 327.299557 263.045623 466.052572 328.332149 245.018367 479.760357 290.690557 250.689050 402.839919 340.000000 437.037756 
166.000000 8.000000 5.000000 a 382.478758 352.018465 92.135769 141.325865 249.327094 79.611557 74.686009 336.689768 237.065392 181.463495 93.230896 99.005050 142.902064 251.047804 82.024387 356.910353 64.124878 197.676503 306.740933 179.100530 117.170815 341.989766 184.937827 108.894444 334.320206 191.324332 214.002336 289.012110 202.425295 307.001629 
Type de surveillance de chaque endroit(target):tab[nombre de target]
a a a a a a a a a a a a a a a a a a a a a a a a a a a a a a 