Nombre des capteurs:
200
Nombre des targets:
30
Nombre de type de surveillance:
1

Caracteristiques:
158.000000 5.000000 2.000000 a 380.315658 442.289498 377.330094 352.767629 476.111332 427.480994 525.989544 315.285585 310.214442 243.000000 230.262893 325.203014 318.567104 269.150516 146.492321 56.302753 132.853303 117.885538 378.714932 415.650093 178.070211 505.455240 452.761527 252.857667 422.848673 121.926207 266.300582 441.199501 384.252521 424.985882 
263.000000 4.000000 1.000000 a 299.668150 329.236997 249.032126 278.007194 408.030636 359.139249 424.530329 180.853532 184.694342 226.883230 165.656271 190.515091 193.829822 157.889202 68.622154 93.193347 183.698122 74.431176 248.652368 363.329052 212.174457 405.408436 397.416658 125.323581 374.585104 128.471787 205.759568 306.414752 259.932684 304.591530 
175.000000 3.000000 4.000000 a 198.116128 252.051582 282.304800 174.484956 304.164429 255.049015 335.596484 173.738309 232.381152 138.841636 61.846584 185.873613 142.677959 82.680106 173.002890 134.848063 157.289542 178.137587 276.703813 258.311827 162.520768 315.317301 292.350817 179.913868 269.757298 100.657836 101.242284 293.245631 301.582493 238.824203 
199.000000 4.000000 2.000000 a 264.054919 138.437712 214.133136 279.732015 335.644157 314.841230 221.359436 171.493440 248.712686 395.921709 315.017460 165.414631 164.924225 226.753170 376.198086 426.878203 463.276375 403.140174 200.324736 361.621349 459.025054 218.563492 368.317798 269.057615 377.115367 408.167858 315.406087 86.209048 239.301066 102.459748 
217.000000 7.000000 3.000000 a 222.353322 348.810837 583.630876 214.830165 171.046777 171.991279 321.038938 459.795607 553.172667 220.227155 278.958778 469.936166 387.331899 344.814443 509.082508 418.316866 332.073787 506.663596 573.386432 122.930875 287.001742 306.652898 124.402572 511.047943 107.563934 342.614944 242.142520 528.902638 608.852199 382.382008 
192.000000 3.000000 4.000000 a 128.319913 157.206870 262.488095 115.831775 240.149953 194.180329 244.624202 138.841636 233.077240 173.738309 88.955045 149.616176 73.082146 26.683328 240.520269 229.268402 240.682363 254.466108 252.857667 214.888343 233.077240 225.079986 242.076434 198.153981 229.401395 190.262976 96.840074 232.019396 287.255983 146.290806 
130.000000 6.000000 5.000000 a 156.115342 290.337734 488.698271 136.693087 166.643332 137.083916 296.305586 365.410728 453.255998 115.624392 173.623155 376.293768 296.865289 247.244818 402.323253 313.958596 235.325307 400.031249 479.400668 91.021975 192.418814 277.483333 122.380554 408.309931 86.977008 238.533017 138.852440 448.157338 512.790406 314.841230 
116.000000 8.000000 4.000000 a 167.026944 295.096594 453.475468 139.717572 212.084889 172.678893 322.758424 332.777704 411.831276 53.600373 127.141653 344.361728 271.029519 213.775583 345.731109 251.872984 172.985549 341.316569 445.422272 138.133993 131.244047 302.411971 174.152232 362.829161 139.531358 176.238475 101.636608 428.622211 475.932768 311.102877 
284.000000 4.000000 3.000000 a 114.586212 233.790505 487.052359 117.136672 65.299311 56.302753 209.057408 364.610751 465.021505 197.648678 218.323155 373.567932 289.394195 258.503385 451.080924 385.170092 323.839466 455.333943 475.732067 20.024984 284.810463 193.093242 19.416488 430.247603 16.278821 313.394320 178.016853 420.248736 513.501704 269.356641 
129.000000 7.000000 4.000000 a 232.774569 148.660687 153.707514 237.993697 329.074460 295.574018 255.556256 72.945185 165.592874 324.599754 237.303603 68.942005 79.101201 143.003496 277.077606 329.705930 374.990667 303.586890 140.217688 333.588069 376.362857 244.640553 350.035712 174.048844 349.360845 317.505905 247.523736 81.024688 181.554400 103.812331 
296.000000 7.000000 4.000000 a 183.469343 238.379949 282.978798 160.199875 290.043100 241.000000 320.914319 170.657552 235.779558 134.833230 51.865210 182.822318 133.663757 71.589105 185.776748 149.214611 165.520391 192.010416 276.702006 245.568728 167.002994 300.592748 279.177363 185.348321 257.344128 110.909873 89.693924 287.294274 303.250721 226.450878 
279.000000 1.000000 3.000000 a 42.520583 103.942292 331.810187 54.451814 148.384635 107.647573 158.218204 211.482860 315.900301 193.744677 142.762040 219.428804 135.694510 123.036580 337.336627 312.656361 297.391997 350.178526 320.039060 143.405021 275.965578 137.306227 161.074517 289.359638 159.201131 259.094577 118.810774 265.000000 358.745035 123.794184 
160.000000 5.000000 3.000000 a 58.523500 83.815273 359.862474 87.235314 119.670381 93.941471 106.301458 245.458754 352.286815 237.153958 194.833262 251.622733 171.732350 172.165618 387.640297 365.853796 347.195910 401.669018 347.174308 142.442971 322.967491 85.146932 147.492373 331.789090 157.492857 311.218573 167.585799 275.949271 387.475160 120.673112 
149.000000 8.000000 5.000000 a 361.049858 375.490346 232.561820 341.150993 471.021231 422.536389 476.111332 199.809910 164.560019 293.264386 232.280003 206.494552 234.252001 211.992924 5.000000 131.518060 236.603043 36.055513 235.974575 429.120030 270.647372 457.965064 462.622957 112.294256 440.728942 187.416648 272.156205 316.622804 236.408545 345.323037 
233.000000 1.000000 4.000000 a 256.222560 347.600345 390.056406 226.355914 340.194062 293.138193 412.825629 289.027680 333.000000 98.249682 115.000000 301.059795 257.334413 194.247265 219.221349 105.109467 42.941821 206.603485 386.156704 274.803566 52.354560 391.643971 312.161817 275.203561 280.643902 32.557641 139.463257 409.859732 406.320071 343.495269 
126.000000 4.000000 4.000000 a 314.200573 203.887224 142.337627 323.871888 399.299386 372.239170 297.316330 142.804062 189.169236 418.001196 330.667507 132.502830 172.490579 236.135554 338.209994 410.818695 464.998925 367.691447 129.356098 414.889142 468.564830 292.330293 426.807919 223.062771 430.679695 406.428345 340.508443 16.643317 165.130252 160.589539 
270.000000 9.000000 3.000000 a 141.661569 80.894994 382.280002 171.420536 151.584960 152.472948 28.160256 283.451936 389.272398 321.740579 277.238165 286.372136 219.209945 239.370006 452.212340 444.245428 431.418590 469.600894 368.571567 204.413796 407.770769 17.691806 195.358645 380.380073 217.036863 393.459019 251.984126 275.363396 410.046339 125.159898 
288.000000 7.000000 4.000000 a 91.350972 204.022058 368.278427 61.073726 180.623919 131.700418 250.639183 245.051015 334.116746 92.574294 70.028566 256.019531 178.000000 126.905477 302.630137 242.637590 204.120063 306.780052 359.012535 128.724512 177.459855 229.455878 163.370744 291.815010 140.185591 176.615401 30.149627 333.352666 392.439804 215.837902 
261.000000 6.000000 3.000000 a 244.861185 206.545395 136.605271 239.018828 353.645303 311.892610 314.057320 19.235384 110.571244 283.185452 193.545860 31.016125 70.880181 105.000000 190.234066 249.208748 308.274229 216.540989 127.945301 339.013274 317.616120 299.135421 363.265743 95.036835 354.005650 248.581978 216.667949 145.464772 160.776242 168.671278 
192.000000 1.000000 4.000000 a 92.698436 96.938125 392.536622 123.109707 103.754518 98.045908 67.955868 282.800283 390.000000 272.998168 237.760384 287.923601 211.286535 216.529444 432.070596 410.103645 387.490645 446.443725 379.388982 150.053324 360.901649 47.413078 143.610585 372.840448 163.076669 353.899703 208.194620 298.466078 420.353423 141.209065 
234.000000 2.000000 1.000000 a 371.570989 427.018735 352.637207 344.920281 470.485919 421.503262 513.653580 293.138193 285.408479 244.282623 222.252109 302.790357 299.933326 253.213349 121.593585 47.381431 143.265488 93.391648 354.189215 412.662089 187.040103 493.365990 449.464125 228.280529 420.685155 121.412520 259.886514 418.607214 359.339672 407.845559 
262.000000 6.000000 4.000000 a 225.807440 208.338667 168.940818 216.208233 336.786282 292.692672 312.832223 55.009090 132.612217 248.455227 159.210552 67.067131 65.969690 76.059187 174.002874 217.809550 272.530732 197.205477 161.449683 315.572496 281.396517 296.233016 342.125708 100.439036 330.103014 213.037555 184.805303 178.997207 191.460179 175.960223 
252.000000 8.000000 4.000000 a 97.406365 186.043006 330.650873 71.700767 201.121854 152.013157 248.018144 207.511445 296.892236 113.282832 53.338541 218.552053 141.693331 89.274856 274.116763 227.881548 207.060378 281.028468 321.435841 159.062881 187.949461 226.920691 191.230228 255.783111 171.956390 169.499263 32.557641 298.826036 354.798534 190.905736 
246.000000 4.000000 3.000000 a 161.124176 295.237193 499.916993 143.680200 162.249807 136.312142 296.287023 376.435918 465.329990 128.996124 186.681547 387.200207 307.092820 258.698666 415.852137 327.391203 247.703452 413.627852 490.452852 87.658428 204.377102 277.949636 116.275535 420.896662 81.400246 251.914668 151.343979 457.009847 524.214651 321.278695 
245.000000 1.000000 2.000000 a 77.129761 64.474801 348.833771 104.546640 135.207248 113.088461 96.041658 237.507895 344.688265 253.160028 205.650188 242.870336 165.746795 173.669226 388.912587 373.728511 360.168016 404.338967 335.871999 162.265215 337.615166 75.591005 165.945774 327.377458 177.200451 321.895946 181.044193 260.230667 376.585980 103.585713 
230.000000 3.000000 1.000000 a 365.470929 359.089125 178.272264 349.493920 477.184451 430.173221 464.159455 166.811271 110.571244 325.345970 253.314034 170.815690 217.006912 210.867257 61.131007 184.393601 284.943854 91.923882 182.937148 443.380198 315.093637 447.475139 474.605099 66.843100 456.232397 231.311478 291.158033 272.946881 180.269243 324.040121 
246.000000 9.000000 5.000000 a 251.771722 129.139460 353.362420 278.442095 274.774453 275.007273 127.137721 289.499568 381.693594 423.332021 361.707064 287.168940 250.862512 296.278585 486.963038 509.836248 519.211903 510.186241 339.425986 327.001529 502.955266 137.673527 319.152001 391.862221 340.147027 472.648918 346.145923 226.318360 379.047490 140.463518 
241.000000 4.000000 4.000000 a 123.065023 145.907505 444.221791 151.716842 76.059187 96.254870 74.966659 334.511584 441.698993 294.730385 273.130006 339.744021 262.427133 263.486243 478.515412 448.090393 415.356473 491.391901 431.019721 143.171226 384.629692 64.884513 124.169239 423.457200 152.486065 387.361588 239.426398 347.614729 472.051904 191.128229 
182.000000 7.000000 3.000000 a 106.018866 226.530351 391.808627 76.006579 181.554400 134.238594 266.016917 269.029738 355.681037 74.652528 80.653580 280.173161 203.177263 150.206524 314.560010 244.495399 194.509640 316.362134 382.827637 121.066098 163.465593 245.000000 157.622968 311.443414 130.311166 174.384632 42.190046 359.005571 415.579114 240.351825 
165.000000 9.000000 5.000000 a 196.702822 126.396202 182.060430 200.810856 295.989865 260.599309 234.770100 77.233412 182.101620 289.083033 203.039405 79.227520 46.572524 110.317723 270.303533 308.690784 345.742679 294.457128 169.307413 297.195222 344.361728 221.623555 314.796760 178.317133 312.929705 289.720555 211.092397 118.004237 209.747467 85.586214 
297.000000 9.000000 5.000000 a 275.697298 278.598277 185.431928 259.788375 387.377077 340.365979 380.504928 111.220502 126.530629 249.579647 169.623112 120.440857 137.083916 121.412520 101.552942 161.409417 238.287641 124.619421 183.221178 354.527855 258.193726 362.869122 385.198650 69.971423 367.695526 178.765209 205.321699 236.135554 200.092479 248.213618 
110.000000 9.000000 2.000000 a 394.361509 353.033993 94.069124 385.240185 504.536421 461.390290 461.406545 150.764717 45.099889 395.001266 312.544397 147.410990 222.800359 244.043029 159.050307 279.465561 374.418215 189.446562 103.585713 484.365564 399.809955 447.912938 511.188811 76.419893 498.718357 317.397227 345.353442 214.662526 87.206651 311.078768 
216.000000 3.000000 3.000000 a 193.597521 317.193947 560.073210 189.021163 137.032843 139.785550 287.062711 436.450455 532.463144 215.752173 264.849014 446.211833 362.801599 323.817850 497.791121 413.910618 334.092801 497.390189 549.426064 92.784697 290.118941 272.809457 90.669730 492.630693 77.025970 338.611872 226.318360 500.636595 585.772994 351.967328 
121.000000 6.000000 5.000000 a 23.345235 118.342723 350.218503 38.209946 132.502830 89.693924 159.906223 229.172424 332.728117 184.564352 142.358702 237.427884 153.394915 135.340312 347.282306 315.570911 293.470612 358.708796 338.585292 124.016128 269.432737 138.708327 142.435951 304.305767 139.807010 258.497582 113.846388 284.397609 377.021220 141.661569 
168.000000 3.000000 3.000000 a 264.092787 234.446156 132.502830 255.538647 374.418215 331.126864 341.423491 42.426407 92.800862 284.478470 196.209072 50.477718 95.425364 115.883562 162.373027 230.080421 297.329783 189.525724 126.491106 355.105618 310.654149 326.006135 381.177124 67.067131 369.716107 237.210877 223.680576 165.921668 153.495928 197.433533 
215.000000 3.000000 5.000000 a 320.655578 378.565714 331.122334 294.090122 420.116650 371.052557 463.405870 257.388811 266.227346 199.471803 171.478862 267.927229 255.665797 205.372832 120.066648 11.045361 116.180893 101.178061 330.800544 363.550547 154.625354 443.018058 400.126230 207.038644 372.065854 77.833155 209.475536 383.897122 341.423491 361.332257 
111.000000 9.000000 3.000000 a 283.240181 347.570137 330.364950 256.164010 381.445933 332.453004 428.777331 244.049175 268.693134 162.086397 133.454112 255.350739 231.866341 176.694652 142.144293 42.059482 96.772930 129.799846 328.390012 324.499615 127.663621 408.166633 361.087247 209.461214 333.037535 44.687806 170.836179 369.943239 343.594237 333.424654 
253.000000 7.000000 3.000000 a 91.760558 49.396356 303.713681 110.113578 176.051129 146.013698 131.320219 191.637679 298.826036 246.400081 184.805303 197.010152 120.503112 135.771867 348.769265 343.863345 342.242604 365.875662 290.903764 190.065778 324.901524 113.159180 200.601595 282.511947 205.730406 298.519681 168.190368 220.737401 331.400060 69.892775 
269.000000 2.000000 3.000000 a 150.003333 284.142570 480.891880 129.876865 165.193826 133.719856 292.277266 357.614317 445.479517 110.163515 166.138496 368.505088 289.153938 239.434751 395.384623 308.228811 231.311478 393.395475 471.601527 89.375612 188.939144 273.232502 122.147452 400.632001 86.683332 232.948492 131.137333 440.692637 504.980198 308.084404 
226.000000 5.000000 1.000000 a 344.061041 247.729691 86.764048 349.194788 437.652830 406.125596 347.351407 129.139460 142.172431 424.952939 335.435538 117.068356 182.386951 241.205307 303.041251 390.056406 456.109636 333.707956 74.946648 444.946064 465.318171 340.371855 460.722259 185.809042 460.726600 396.247397 351.741382 50.009999 107.703296 202.467281 
262.000000 6.000000 1.000000 a 247.194256 144.917218 164.222410 256.284998 335.912191 306.569731 246.738728 106.216760 188.451585 353.748498 268.067156 100.209780 110.887330 175.034282 310.922820 365.531120 409.180889 338.008876 150.206524 348.083323 409.067232 238.516247 361.233996 204.430917 363.890093 352.200227 275.109069 60.000000 191.366141 99.569072 
106.000000 6.000000 5.000000 a 87.045965 205.992718 460.244500 92.703829 56.400355 29.274562 187.488666 338.280948 439.738559 192.753729 202.000000 347.001441 262.800304 234.650804 432.325109 372.930288 318.717743 438.098163 448.769429 23.537205 282.063823 170.299736 33.615473 406.546430 36.221541 303.191359 162.077142 392.020408 486.856242 241.118228 
142.000000 9.000000 4.000000 a 366.427346 364.802686 191.481070 349.496781 477.921542 430.498548 469.035180 175.635987 123.693169 319.612265 250.012000 180.277564 222.463480 212.529998 48.010416 173.011560 274.985454 78.638413 195.979591 442.162866 306.218876 452.000000 473.970463 77.781746 454.737287 222.407284 288.480502 284.383544 193.610434 330.774848 
169.000000 5.000000 2.000000 a 255.015686 265.384627 201.427406 238.201595 366.460093 319.081494 365.045203 114.017543 145.835524 227.402726 146.649241 124.595345 126.245792 102.044108 114.982607 154.042202 222.524156 134.164079 197.989899 332.174653 239.754041 346.883266 363.207929 91.400219 345.210081 162.496154 182.321145 240.520269 217.882996 237.697286 
176.000000 1.000000 4.000000 a 217.862342 350.274178 563.320513 203.924005 191.901016 180.011111 337.622570 439.846564 528.209239 179.568928 247.420694 450.600710 370.266121 322.034160 472.258404 375.736610 285.772637 467.851472 553.863702 128.003906 240.351825 321.137042 142.874070 482.888186 115.433964 300.136636 213.663287 518.811141 587.572974 379.400843 
210.000000 8.000000 4.000000 a 115.520561 156.732256 451.270429 142.618372 57.035077 80.280757 93.648278 338.998525 445.982062 281.737466 265.107525 344.818793 265.589909 262.017175 475.946426 440.546252 403.837839 487.704829 438.269324 125.299641 371.873634 82.219219 105.223572 425.311650 134.082064 378.001323 229.993478 358.421540 479.033402 201.206362 
208.000000 9.000000 2.000000 a 105.801701 217.848571 479.232720 113.652981 44.944410 41.400483 188.597455 357.794634 459.922820 210.230826 223.035872 366.296328 282.143580 255.538647 453.680504 393.192065 336.481797 459.335389 467.586356 32.202484 298.739017 173.000000 13.453624 427.402620 36.235342 322.818835 183.002732 407.932592 506.003953 255.039213 
181.000000 5.000000 3.000000 a 91.983694 51.623638 343.390448 118.928550 146.030819 126.810883 88.238314 234.955315 342.099401 266.720828 216.448608 239.633053 165.245272 178.675684 392.979643 382.341470 371.963708 409.375134 330.218110 176.589920 350.385502 68.963759 178.941331 327.343856 191.379205 332.356736 193.403723 250.714978 371.215571 93.380940 
112.000000 7.000000 5.000000 a 417.464969 378.825817 114.808536 407.413795 528.091848 484.393435 487.187849 176.255496 71.175839 410.533799 330.193882 173.233946 247.386338 265.708487 158.533908 283.804510 382.602927 187.451327 125.642350 506.069165 410.307202 473.541973 533.593478 94.868330 520.223029 327.061156 364.243051 239.014644 103.077641 337.037090 
269.000000 8.000000 3.000000 a 99.609237 153.003268 293.155249 84.693565 211.092397 164.201096 229.340358 169.331037 264.697941 155.322246 80.131143 179.769297 99.764723 57.271284 265.152786 240.441261 237.453153 276.761630 283.218997 183.338485 223.948655 208.942576 211.009478 229.165879 197.800404 192.416216 75.006666 255.493640 318.226335 151.489274 
226.000000 8.000000 3.000000 a 391.601839 427.649389 308.716699 367.642489 496.695077 447.450556 522.184833 268.776859 240.709368 287.772480 248.098771 276.739950 291.247318 255.785066 71.470274 93.648278 201.022387 40.162171 312.187444 445.287548 242.439683 502.809109 481.037421 187.949461 454.925269 167.314076 288.006944 389.683205 311.849323 402.453724 
192.000000 5.000000 5.000000 a 326.167135 370.843633 297.968119 301.529435 430.154623 380.900249 461.313343 232.594067 232.034480 223.329353 181.223619 242.404620 240.453738 197.060904 83.216585 47.127487 152.003289 67.201190 298.429221 378.259170 188.175450 441.474801 414.019323 173.349358 387.940717 107.074740 221.036196 358.365735 307.006515 349.548280 
162.000000 1.000000 1.000000 a 100.657836 59.464275 357.471677 129.247824 139.606590 126.301227 71.112587 250.888421 357.912000 278.691586 231.700237 255.219513 182.068668 196.086716 410.443662 398.911018 386.339229 426.807919 344.158394 177.496479 363.600055 51.546096 176.173210 344.175827 191.689854 347.876415 207.171427 261.122577 385.323241 104.043260 
263.000000 4.000000 3.000000 a 336.661551 284.416947 58.215118 331.074010 444.541337 403.609960 392.703450 85.615419 25.961510 363.298775 275.688230 79.812280 160.996894 194.465935 184.491192 284.395851 365.470929 215.615398 57.706152 431.056841 383.520534 379.928941 455.273544 68.410526 446.004484 305.746627 303.461694 149.264865 74.732858 241.598841 
148.000000 8.000000 1.000000 a 87.321246 218.277347 452.085169 80.622577 92.200868 55.901699 215.058132 328.694387 426.656771 157.581725 174.269906 338.236604 254.562370 218.680132 407.338925 341.597717 283.769272 411.300377 441.270892 24.083189 246.531945 196.468827 60.530984 389.710149 36.249138 270.475507 133.958949 393.418352 478.013598 248.620192 
123.000000 3.000000 2.000000 a 215.668727 321.099673 407.888465 185.261977 290.697437 245.097940 375.217270 296.920865 356.451960 43.931765 95.036835 309.079278 252.071418 188.002660 262.619497 158.142341 83.192548 253.901556 402.246193 222.625246 53.254108 354.031072 259.942301 301.496269 227.517032 82.565126 104.100913 410.312076 426.878203 323.817850 
283.000000 1.000000 3.000000 a 367.604407 298.276717 7.280110 365.403886 471.818821 433.719956 404.793775 117.388245 62.032250 409.648630 320.914319 107.628992 191.671594 234.804174 231.173095 335.214856 416.265540 262.488095 13.416408 465.102139 433.453573 394.243580 486.805916 117.957620 480.426894 356.433725 346.151701 129.807550 32.756679 253.298243 
213.000000 2.000000 5.000000 a 176.739922 46.141088 269.668315 196.254936 243.312556 223.376364 139.864220 183.564702 284.176002 327.426328 256.394228 183.575598 137.295302 183.632786 374.797279 396.793397 412.534847 397.200201 255.765518 271.359540 400.552119 132.483961 276.391027 285.464534 286.639146 363.055092 247.250885 160.181147 297.195222 26.907248 
232.000000 2.000000 2.000000 a 280.189222 155.080624 207.152118 295.413270 352.278299 331.400060 236.814273 174.725499 245.717317 409.395896 327.391203 167.657389 174.874241 237.697286 379.075190 434.373112 473.932485 406.660792 193.569109 378.033067 470.876842 234.522920 384.922070 269.608976 393.549235 418.133950 329.074460 77.414469 231.464900 118.680243 
283.000000 1.000000 5.000000 a 145.499141 145.773797 234.827596 138.220838 256.164010 212.532350 242.167298 111.018017 210.116634 204.413796 118.105885 121.165177 42.059482 30.000000 237.928561 243.244733 265.216892 255.282197 224.644163 238.212090 260.647271 223.886132 262.954369 180.944743 253.213349 212.009434 127.882759 201.069640 260.276776 126.810883 
272.000000 5.000000 4.000000 a 314.057320 331.692629 223.807953 294.334843 424.134413 375.728625 430.763276 167.430583 158.003165 254.017716 187.619295 175.889170 192.023436 165.559657 50.159745 119.339851 213.527516 68.095521 224.439301 383.240134 242.142520 412.331178 416.371229 99.181652 395.126562 158.473973 227.059464 290.373897 233.105126 303.527593 
250.000000 5.000000 2.000000 a 230.688101 357.531817 493.782341 203.066492 269.408612 233.403085 386.059581 377.115367 446.268977 77.252832 167.026944 389.075828 321.636441 260.578203 357.229618 246.546142 148.475587 347.286625 486.966118 193.793705 102.771591 365.830562 227.402726 393.153914 191.942700 173.404152 152.947703 480.934507 514.417146 371.381206 
163.000000 1.000000 2.000000 a 114.236597 160.031247 453.475468 140.801278 52.038447 76.485293 98.615415 340.595067 447.487430 278.641347 263.433103 346.561683 266.895110 262.122109 475.657440 438.925962 401.123422 487.114976 440.528092 120.768373 368.815672 86.977008 100.284595 426.198311 129.356098 375.898923 227.951749 361.581250 481.215129 204.276773 
130.000000 5.000000 4.000000 a 145.230851 272.264577 434.614772 117.341382 197.752370 155.794737 302.352443 313.063891 394.822745 53.935146 111.126055 324.507319 249.777901 193.871091 336.689768 249.883973 179.627392 334.252898 426.226466 126.210142 140.872283 281.810220 163.232962 347.311100 129.988461 175.071414 81.633327 406.724723 457.552183 288.085057 
210.000000 2.000000 4.000000 a 401.961441 375.191951 138.538803 389.589528 513.490993 468.351364 483.009317 172.742583 79.924965 381.879562 304.607945 172.290452 238.113418 247.776109 121.494856 247.606543 347.932465 150.332964 147.105404 486.805916 377.043764 468.153821 515.868200 76.902536 500.489760 293.436535 340.324845 253.870045 132.412235 335.529432 
270.000000 2.000000 5.000000 a 14.560220 130.138388 359.980555 26.925824 126.372465 81.437092 166.243797 238.254066 340.882678 175.866427 139.086304 246.813695 162.631485 140.463518 350.005714 313.639921 287.433471 360.423362 348.518292 112.805142 261.963738 145.041373 132.879645 310.864922 128.549601 254.515225 108.074049 296.184064 386.618675 154.029218 
251.000000 7.000000 3.000000 a 229.438445 341.926893 437.968035 199.200904 294.679487 251.400080 389.508665 326.589957 386.394876 48.918299 122.036880 338.740314 280.044639 216.231358 288.475302 177.538728 86.371292 277.908258 432.297351 223.161377 44.011362 368.452168 259.955765 331.187258 226.002212 103.942292 124.651514 438.831403 456.946386 347.403224 
163.000000 8.000000 3.000000 a 222.800359 346.831371 475.564927 194.239543 269.328795 230.867928 380.217043 359.567796 427.547658 59.908263 149.616176 371.570989 305.458672 243.758077 338.402128 229.002183 133.633828 328.811496 468.901909 194.445365 88.141931 359.701265 229.392676 374.225868 194.146852 155.235305 138.057959 464.926876 495.993952 358.832830 
287.000000 4.000000 4.000000 a 157.699081 123.357205 425.000000 188.095720 135.059246 149.696359 19.849433 325.207626 431.393092 337.342556 302.592135 328.444820 259.233485 274.446716 489.073614 473.764710 452.770361 505.212826 411.290651 199.449242 425.762845 28.000000 182.887944 421.029690 209.880919 418.875877 273.490402 317.127735 452.765944 167.868997 
163.000000 4.000000 4.000000 a 182.389693 315.939868 524.751370 166.688332 170.856665 151.082759 310.871356 401.254283 490.049997 148.192442 210.544532 412.001214 331.730312 283.534830 438.134682 346.346647 262.190770 435.045975 515.271773 99.924972 217.745264 293.293368 122.674366 445.314496 90.249654 270.658456 175.823775 480.941784 549.053731 343.431216 
244.000000 2.000000 2.000000 a 181.727818 288.591407 393.706744 151.327460 259.331834 212.896689 341.247711 278.352295 346.208030 25.612497 69.584481 290.413498 227.635674 164.477962 268.560980 176.638048 115.433964 263.696796 387.091720 193.545860 87.005747 320.062494 230.893915 293.819673 199.744837 102.004902 71.112587 386.970283 414.189570 293.127958 
144.000000 8.000000 5.000000 a 331.724283 245.106099 66.910388 334.526531 429.498545 395.500948 348.519727 103.576059 114.769334 402.313311 312.541197 91.411159 163.615403 219.337639 273.622002 361.088632 429.004662 304.236750 53.366656 432.004630 439.520193 339.847024 449.799956 156.416112 447.698559 369.005420 331.024168 63.324561 92.005435 199.489348 
141.000000 3.000000 4.000000 a 395.682954 380.910751 168.656456 380.927815 507.512561 461.091097 487.483333 182.280004 104.737768 360.679913 287.784642 184.114095 240.299813 240.684441 87.800911 215.779981 318.523155 115.732450 175.801024 476.010504 349.674134 471.561237 506.598460 80.049984 489.121662 265.858985 325.184563 276.448910 165.314851 343.595693 
226.000000 9.000000 3.000000 a 237.118114 157.432525 145.399450 241.101638 335.202924 300.707499 264.764046 63.007936 155.389832 323.051080 235.031913 58.600341 77.278716 140.288987 267.478971 322.442243 370.114847 294.241397 132.098448 337.653669 372.649970 253.475837 355.012676 163.719272 353.389304 312.181037 246.910915 82.389320 173.254149 112.969022 
258.000000 9.000000 5.000000 a 253.576418 141.113430 180.024998 265.216892 336.417895 310.098371 237.541575 130.230565 209.389589 370.048645 285.926564 124.016128 130.728727 194.363062 334.928351 388.614205 429.847647 362.049720 166.012048 353.751325 428.273277 231.205536 364.560009 227.793766 369.499662 373.471552 290.497849 61.400326 206.409787 97.672924 
231.000000 3.000000 3.000000 a 116.661905 103.004854 256.811215 118.004237 222.719555 182.784026 197.952014 136.473441 241.778825 217.745264 140.117808 144.267113 60.835845 71.021124 282.081548 283.534830 295.194851 299.541316 245.203997 215.696546 284.922797 179.847157 235.841048 219.346757 231.311478 245.772252 137.178716 199.461776 283.647669 91.241438 
185.000000 7.000000 4.000000 a 40.311289 102.883429 369.947294 70.213959 107.335921 76.321688 120.415946 252.922913 358.979108 220.639978 183.847763 259.834563 177.910090 171.000000 385.415360 357.112027 333.444148 398.017588 357.561184 123.328829 307.616645 99.247166 130.667517 335.386344 138.578498 299.828284 154.029218 290.908920 397.362555 137.557261 
133.000000 1.000000 1.000000 a 72.090221 119.954158 304.041116 68.014704 183.142021 139.129436 191.760267 181.400110 283.241946 178.263849 113.701363 190.394328 106.301458 85.211502 299.220654 278.001799 271.007380 312.246697 292.960748 167.170572 254.031494 171.353436 190.057886 253.653307 182.570534 228.449119 98.351411 249.775900 330.340733 126.150704 
249.000000 4.000000 4.000000 a 398.931072 358.019553 97.590983 389.647276 509.187588 465.946349 466.391466 155.708060 50.089919 398.197187 316.115485 152.397507 227.607118 248.338479 159.003145 280.492424 376.223338 189.169236 107.447662 488.697248 402.060941 452.880779 515.644257 79.906195 503.015904 319.462048 349.161854 219.146070 89.554453 316.077522 
244.000000 1.000000 3.000000 a 127.910125 253.584306 418.875877 99.368003 187.949461 143.808901 286.244651 296.705241 380.686222 60.415230 99.297533 308.016233 232.155121 177.552809 329.473823 249.008032 186.324985 328.721767 410.212140 119.641130 150.332964 265.529659 157.003185 334.520552 125.602548 175.559107 66.068147 388.494530 442.200181 269.091063 
274.000000 4.000000 2.000000 a 136.488095 94.154129 239.083667 140.982268 238.212090 201.019900 196.860357 122.702893 229.686743 242.404620 162.782063 128.949603 51.009803 84.291162 285.616876 297.692795 315.900301 305.221231 226.927301 236.888159 307.561376 180.399557 254.950976 213.114992 252.622248 264.622372 162.027775 174.957138 266.377552 72.470684 
146.000000 3.000000 5.000000 a 126.668860 97.616597 247.493434 129.799846 230.488611 192.002604 196.900990 128.949603 235.304059 230.555850 151.822265 136.000000 54.571055 77.233412 283.719932 290.766229 305.910118 302.317714 235.601358 226.556836 296.664794 179.610690 245.576872 215.837902 242.243679 255.477983 150.083310 186.724396 274.577858 80.993827 
272.000000 8.000000 5.000000 a 85.146932 178.016853 452.092911 104.043260 26.683328 25.495098 145.000000 333.294164 438.055933 229.104780 224.590739 340.847473 257.614052 240.149953 447.493017 399.224248 353.553391 456.088807 439.892032 67.416615 319.231891 129.015503 54.341513 410.191419 77.466122 332.710084 186.510053 373.064338 479.353732 217.607445 
230.000000 5.000000 5.000000 a 228.779370 122.147452 381.379077 257.303323 238.113418 243.392687 88.119237 306.080055 403.862600 405.907625 351.592093 305.360443 258.056195 295.800609 496.588361 508.434853 508.694407 517.958493 367.348608 295.237193 488.983640 102.004902 284.142570 408.270744 307.527235 465.585653 331.710717 257.955423 407.894594 146.931957 
102.000000 7.000000 2.000000 a 335.216348 391.011509 332.866340 308.812241 435.049422 385.966320 477.016771 264.092787 267.029961 213.964950 186.271308 274.308221 265.956763 217.412051 114.236597 17.204651 125.936492 92.417531 333.174129 378.582884 166.147525 456.711068 415.159006 208.290662 387.082679 91.760558 224.414795 390.385707 342.005848 372.758635 
188.000000 8.000000 2.000000 a 167.296145 254.055112 340.379200 138.798415 262.408079 213.466625 320.488689 225.000000 294.028910 76.661594 21.470911 237.084373 177.011299 113.039816 230.338881 160.853971 136.242431 230.488611 333.654012 207.038644 123.761868 299.387708 243.074063 243.082291 216.667949 97.416631 51.923020 335.596484 361.134324 252.239965 
214.000000 7.000000 4.000000 a 245.000000 338.090225 388.814866 215.058132 328.495053 281.469359 401.995025 285.394464 332.989489 87.051709 105.394497 297.486134 251.029879 187.480666 224.555116 114.179683 52.201533 213.283848 384.512679 263.153947 51.923020 380.801786 300.509567 275.768018 269.072481 39.357337 128.425075 404.969135 405.735135 334.977611 
135.000000 5.000000 4.000000 a 205.866462 84.172442 231.510259 221.616786 281.113856 257.877878 180.155488 155.801155 250.922299 341.716257 264.007576 153.733536 124.963995 181.176709 355.039434 389.852536 416.385639 379.444331 217.517815 303.898009 408.803131 173.280120 311.785182 258.193726 319.462048 363.594554 260.969347 119.364986 258.768236 44.384682 
296.000000 5.000000 5.000000 a 397.597787 313.955411 43.289722 398.493413 497.403257 462.281300 416.784117 155.553849 110.855762 453.670585 364.232069 144.267113 225.088871 274.754436 279.957140 385.292097 465.284859 311.269979 44.911023 497.108640 481.274350 408.496022 516.295458 167.967259 512.691915 405.317160 386.988372 122.918672 45.276926 268.337474 
201.000000 9.000000 4.000000 a 265.680259 361.411123 408.049017 235.510085 345.444641 299.242377 423.628375 307.058626 350.697876 99.201814 128.798292 319.100298 274.417565 211.026065 233.499465 114.612390 29.732137 219.328521 404.209104 277.965825 36.235342 402.418936 315.291928 292.720003 282.851551 47.707442 149.913308 427.603789 424.169777 358.699038 
138.000000 4.000000 3.000000 a 263.751777 130.495211 258.984556 283.510141 321.566478 307.058626 193.752419 212.268698 293.492760 411.176361 335.261092 207.234167 194.699769 252.675681 416.361622 459.526931 488.078887 442.431916 245.230504 356.451960 480.104155 194.756258 358.577746 311.826875 371.445824 435.142505 330.492057 130.061524 283.853836 107.563934 
259.000000 6.000000 2.000000 a 146.239530 141.031911 231.931024 140.246212 256.320112 213.321354 238.665037 108.300508 208.942576 210.154705 124.197423 118.105885 37.161808 36.055513 241.366941 248.917657 271.536370 259.254701 221.515236 240.226976 266.917590 220.637712 264.282046 181.463495 255.344865 218.256730 133.154046 195.532606 257.635401 121.016528 
124.000000 5.000000 1.000000 a 322.691803 328.892080 197.716969 305.000000 433.893996 386.173536 430.935030 152.069063 131.137333 276.175669 204.824315 159.226254 187.032083 170.011764 53.009433 146.874096 241.080899 80.156098 199.060292 397.020151 268.739651 413.237220 429.046618 73.164199 409.518009 185.321343 243.183059 271.265553 206.000000 297.699513 
208.000000 4.000000 5.000000 a 203.494472 285.408479 341.584543 175.045708 297.865742 249.098374 355.647297 232.939906 289.836161 88.232647 54.817880 245.097940 195.164034 131.468627 206.189233 125.602548 106.451867 202.704218 336.215705 240.251951 104.004808 334.611715 276.797760 235.229675 249.008032 61.611687 87.920419 350.241345 360.310977 280.058922 
126.000000 2.000000 4.000000 a 176.785180 249.288989 314.249901 150.372870 277.965825 228.720353 323.694300 200.878072 266.810794 103.730420 29.017236 213.025820 158.398232 94.366308 205.934456 148.556387 144.086779 208.173005 307.883095 227.270764 139.807010 302.866307 262.373779 215.522621 237.894935 95.587656 69.260378 315.001587 334.551939 242.627286 
279.000000 6.000000 2.000000 a 307.688154 380.426077 365.494186 279.322394 400.681919 352.323715 457.708422 281.604332 302.524379 167.191507 158.028478 292.856620 268.560980 211.815958 163.670401 37.013511 72.180330 145.165423 364.034339 339.324329 112.058021 436.848944 376.479747 243.115199 346.434698 45.541190 192.010416 407.569626 377.690349 368.278427 
244.000000 4.000000 2.000000 a 375.765885 443.463640 391.594178 347.570137 468.856055 420.594817 524.237542 324.722959 324.963075 231.553450 225.842866 335.005970 323.600062 271.562148 163.768129 58.600341 116.661905 136.062486 392.460189 406.552580 162.274459 503.512661 443.811897 266.925083 413.145253 113.322549 260.345924 451.079816 399.452125 428.108631 
236.000000 6.000000 1.000000 a 315.336328 295.717771 135.133268 303.077548 426.920367 381.702764 402.196469 100.179838 71.386273 305.790778 223.557599 104.307238 155.080624 161.186228 111.503363 207.038644 292.514957 141.661569 135.484316 400.719353 314.391476 386.331464 429.385608 13.038405 414.586541 233.728475 257.241132 210.375854 146.372812 259.044398 
145.000000 3.000000 3.000000 a 164.073154 222.072060 287.600417 141.056726 271.001845 222.036033 302.398743 171.163664 243.944666 129.356098 40.804412 183.240279 126.019840 61.983869 203.931361 167.385782 175.482193 211.009478 280.494207 227.984649 172.165618 281.966310 261.084278 196.155551 240.127050 123.975804 74.431176 283.063597 309.040450 212.529998 
201.000000 6.000000 3.000000 a 211.002370 77.317527 294.550505 233.856794 260.376650 248.600080 132.653684 222.326337 317.498031 371.064684 302.768889 220.601451 183.218449 231.248784 418.867521 444.288195 459.430082 442.159473 280.515597 299.080257 446.346278 132.653684 298.839422 324.784544 313.682961 410.487515 291.605898 173.219514 321.222664 74.518454 
251.000000 1.000000 2.000000 a 200.249844 124.193398 411.847059 230.288949 191.023559 202.780670 42.720019 324.211351 427.004684 380.711177 336.340601 325.393608 266.557686 293.819673 503.460028 501.727017 490.862506 522.360986 397.860528 253.600079 467.124180 62.169124 238.606370 424.406645 264.682829 452.409107 311.448230 294.416372 439.110464 161.446586 
227.000000 3.000000 2.000000 a 262.434754 133.281657 230.360587 279.644417 329.341768 310.695993 210.230826 185.690603 264.765934 400.316125 321.174407 180.069431 174.427635 234.917007 390.266576 437.961185 471.349128 416.860888 216.566387 358.498257 465.679074 208.655218 363.589054 284.191837 373.840875 417.029975 319.606007 102.044108 255.440795 101.434708 
140.000000 6.000000 5.000000 a 260.007692 284.478470 229.682389 240.201998 369.986486 321.596020 380.432648 144.557947 171.081852 210.040472 136.400147 155.283611 149.682998 113.885908 104.000000 123.490890 193.829822 116.914499 226.973567 329.874218 213.740497 361.509336 362.630666 113.635382 342.042395 134.171532 174.928557 271.088546 244.724335 260.048072 
117.000000 7.000000 4.000000 a 377.302266 285.553848 64.660653 380.644191 473.481784 440.541712 386.046629 147.410990 130.176803 447.162163 357.351368 135.358783 209.914268 264.849014 298.041943 395.303681 468.778199 329.256739 57.706152 477.797028 481.414582 378.790179 494.976767 182.186717 493.517983 408.647770 376.808970 88.769364 78.032045 240.104144 
225.000000 5.000000 4.000000 a 36.013886 170.238069 397.292084 26.076810 108.558740 59.304300 189.002645 274.262648 373.973261 154.155765 140.890028 283.534830 199.584569 167.764716 366.972751 315.539221 274.577858 374.085552 386.290046 74.027022 243.741667 168.439900 100.657836 339.649820 89.274856 249.945994 102.883429 338.245473 423.448934 196.468827 
264.000000 6.000000 4.000000 a 381.241393 324.969229 45.967380 375.712656 488.811825 448.157338 432.862565 129.691943 34.176015 403.886123 317.405104 122.930875 205.353354 238.530920 197.496835 309.782182 397.775062 228.674441 56.035703 475.688974 418.896169 420.880030 499.907992 92.962358 490.617978 338.881985 346.469335 170.299736 43.416587 281.154762 
182.000000 2.000000 5.000000 a 429.773196 498.302117 431.282970 401.260514 520.838747 472.974629 579.120022 373.483601 363.606931 279.331344 280.128542 383.262312 376.706783 325.995399 196.022958 112.432202 157.050947 165.366260 433.416659 456.694646 202.039600 558.363681 494.046557 307.538615 462.501892 165.846314 313.746713 499.155286 436.569582 482.321470 
125.000000 8.000000 1.000000 a 172.235304 295.169443 436.986270 143.178211 228.536649 186.453748 330.892732 317.804972 393.207324 29.120440 109.077954 329.587621 259.279772 199.672231 322.187833 227.369743 150.615404 317.238081 429.418211 156.524758 110.571244 310.161248 193.328736 342.896486 159.530561 151.753089 89.627005 418.150691 458.782083 307.668653 
116.000000 7.000000 4.000000 a 210.660865 103.585713 202.405534 222.389298 295.601083 267.839504 206.526027 124.084649 219.209945 331.217451 249.393264 121.757957 100.722391 161.307160 324.829186 365.053421 397.839163 349.858543 188.512599 310.961412 393.295055 197.618319 322.405025 226.373585 326.724655 343.237527 251.001992 99.704564 229.956518 58.249464 
131.000000 5.000000 2.000000 a 65.764732 184.945938 371.721670 35.355339 156.553505 107.354553 225.610283 247.891105 341.880096 115.663304 92.779308 258.259559 176.963273 133.225373 321.753011 267.277010 230.054341 327.551523 361.731945 110.679718 202.474690 204.474937 143.199162 302.899323 123.693169 202.358593 54.708317 327.566787 396.763154 201.022387 
230.000000 9.000000 4.000000 a 59.548300 94.244363 315.264968 69.375788 163.719272 124.201449 160.377679 195.532606 300.561142 201.546521 143.586211 203.226475 119.854078 112.445542 327.832274 309.386490 300.166620 341.884483 303.402373 160.415087 281.092511 140.003571 177.890416 275.610232 176.207264 259.113875 123.943536 248.163253 342.286430 109.457754 
188.000000 6.000000 5.000000 a 226.715681 103.247276 341.071840 253.031619 254.907826 252.388589 111.018017 270.379363 365.629594 397.468238 335.882420 268.821502 228.019736 271.621060 465.295605 485.207172 493.406526 487.914952 327.055041 304.277834 477.016771 118.595953 298.055364 372.833743 317.762490 447.135326 320.206184 216.843261 367.393522 116.828935 
147.000000 6.000000 3.000000 a 217.517815 351.069794 526.608014 195.092286 228.560714 201.479527 360.817128 405.513255 484.934016 119.016806 200.232365 417.004796 342.077477 286.356421 412.021844 308.084404 213.841062 404.827124 518.440932 153.951291 168.193341 341.948827 182.002747 435.353879 147.556769 233.238076 174.063207 498.081319 549.155716 372.554694 
297.000000 2.000000 3.000000 a 147.959454 43.174066 339.802884 174.874241 184.894565 175.931805 68.680419 245.073458 349.572596 321.547819 266.069540 247.072864 185.539753 214.723077 422.573071 425.405689 423.095734 441.851785 326.007669 227.378539 403.654555 61.294372 224.448212 344.216502 241.406297 380.465504 246.349345 231.458420 367.491497 83.600239 
239.000000 6.000000 2.000000 a 336.689768 255.538647 51.088159 338.001479 436.644020 401.322813 360.256853 99.624294 98.310732 399.500939 309.704698 87.664132 165.205932 217.848571 259.422435 350.351252 421.343091 290.243002 37.215588 436.354214 433.457034 350.891721 455.342728 142.214627 451.965707 361.233996 330.048481 80.006250 77.317527 210.021427 
137.000000 4.000000 5.000000 a 312.161817 377.445360 347.051869 284.675254 408.721176 359.923603 458.661095 267.619132 283.196045 181.868084 162.117242 278.567766 259.880742 206.041258 141.509717 16.763055 94.260278 123.109707 346.092473 349.857114 133.003759 438.018264 386.745394 223.807953 357.740129 59.033889 198.486775 394.038069 358.431304 362.745090 
131.000000 1.000000 2.000000 a 105.261579 77.897368 272.121296 113.318136 205.119477 168.582324 171.478862 155.438091 262.154535 230.054341 158.319298 161.966046 81.786307 97.128780 308.551454 308.457452 315.217385 326.111944 259.886514 206.206207 302.153934 153.574086 222.793626 243.090518 222.002252 267.854438 149.465715 202.556165 299.456174 73.979727 
232.000000 2.000000 1.000000 a 253.013834 348.969913 401.400050 222.865430 333.541602 287.116701 410.902665 298.377278 345.162281 88.459030 116.468880 310.465779 263.782107 200.124961 233.383804 118.701306 42.449971 220.800815 397.201460 266.662708 39.560081 389.693469 304.014802 287.696020 271.884167 46.754679 137.186005 417.938991 418.121992 346.705927 
292.000000 9.000000 1.000000 a 70.092796 190.685605 443.379070 77.162167 61.098281 18.788294 178.572114 321.549374 423.332021 187.962762 190.378570 330.202968 246.008130 218.936064 418.875877 363.049583 313.057503 425.424494 431.872666 35.693137 277.949636 160.430670 49.739320 390.773592 50.596443 294.640459 150.960260 375.254580 470.026595 224.948883 
143.000000 4.000000 4.000000 a 315.634282 210.059515 126.921235 323.882695 403.788311 375.133310 306.349474 131.605471 173.677863 412.989104 324.890751 120.813906 167.194498 230.054341 324.229857 399.440859 456.207190 353.926546 113.841996 416.581325 461.087844 300.466304 429.790647 208.580920 432.391027 397.256844 336.465451 8.602325 150.096636 165.758861 
287.000000 2.000000 3.000000 a 139.520608 73.498299 244.237589 148.771637 234.401365 200.863137 179.279112 133.988806 241.033193 260.731663 183.730781 138.495487 68.883960 107.628992 306.584409 321.029594 338.112407 326.932715 231.458420 240.526506 328.562018 164.076202 255.431008 229.218237 256.337668 287.471738 180.005555 167.585799 271.919106 49.203658 
159.000000 1.000000 3.000000 a 184.458667 179.234483 205.204776 174.642492 295.711008 251.246891 279.732015 83.186537 173.677863 217.623528 127.882759 94.847246 44.204072 36.400549 200.810856 220.800815 258.698666 220.145406 196.367003 274.116763 261.155126 262.068693 300.532860 141.088625 288.724782 201.526673 148.354306 193.064756 229.192059 153.218798 
159.000000 2.000000 3.000000 a 139.168962 26.305893 325.960120 164.684547 186.681547 173.170436 83.024093 229.000000 334.013473 309.278192 251.286689 231.311478 168.573426 197.914123 405.487361 409.059898 408.600049 424.778766 312.251501 223.787846 390.160223 72.615425 223.671634 327.665988 238.304427 365.089030 232.937760 220.809873 353.725883 68.883960 
222.000000 4.000000 2.000000 a 112.893755 215.473896 355.883408 83.354664 205.730406 156.732256 270.129599 233.940163 318.226335 81.584312 45.276926 245.348731 171.400117 114.738834 278.921136 217.589062 183.251194 282.304800 347.286625 153.062079 160.031247 248.917657 188.170136 273.470291 163.957312 152.541798 5.000000 329.645264 379.200475 222.396043 
263.000000 7.000000 2.000000 a 260.432333 292.754163 246.497464 239.102488 369.135476 320.351370 386.264158 160.654910 187.259179 198.600101 129.691943 171.563399 161.220346 119.920807 105.380264 107.837841 177.101666 113.745330 243.905719 325.960120 198.010101 366.946863 359.546937 129.243955 337.615166 117.630778 169.248338 287.137598 261.222128 270.336827 
112.000000 9.000000 4.000000 a 379.443013 411.884693 291.480703 356.182537 485.696407 436.505441 507.495813 250.890414 223.486017 282.733090 238.134416 258.785626 274.590604 240.875487 54.341513 94.260278 203.088651 23.194827 294.730385 436.103199 242.800329 488.305232 471.467920 170.176379 446.174854 164.648110 278.303791 371.655755 295.169443 385.945592 
144.000000 2.000000 4.000000 a 263.096940 276.795954 207.639110 245.350769 374.221859 326.496554 375.825757 124.887950 149.696359 227.228959 149.214611 135.192455 138.133993 111.543713 104.345580 143.589693 215.856434 122.576507 204.882893 338.048813 235.034040 357.498252 369.682296 93.150416 350.800513 156.108936 186.118242 251.246891 222.948425 249.537572 
277.000000 4.000000 5.000000 a 430.303381 378.794139 90.757920 422.946805 539.189206 497.374105 486.812079 180.953033 75.179785 438.543042 355.147857 175.282629 255.785066 283.063597 198.728458 322.094707 418.374234 228.140308 103.846040 522.612667 444.083326 474.611420 548.233527 119.808180 537.239239 361.581250 387.020671 220.494898 71.561163 335.171598 
131.000000 4.000000 1.000000 a 136.704060 147.634684 246.272207 127.863208 247.987903 203.538694 240.651200 122.429572 220.056811 192.937814 107.466274 132.774244 54.083269 26.419690 240.441261 239.269722 256.846258 256.517056 236.239285 227.747667 250.880450 221.840032 253.237043 188.809428 242.621104 204.787695 115.948264 212.793327 271.532687 132.200605 
252.000000 6.000000 2.000000 a 71.840100 172.177234 441.018140 90.022219 40.311289 13.453624 148.276768 321.502722 425.807468 216.933169 210.641876 329.277998 245.735630 226.770809 433.558531 385.389413 340.847473 442.072392 428.956874 62.801274 307.131893 130.980915 58.137767 397.182578 75.006666 319.188032 172.699160 364.551780 468.167705 210.237960 
130.000000 6.000000 2.000000 a 204.831638 284.871901 337.760270 176.615401 300.123308 251.268780 356.203593 229.593118 285.791882 92.417531 55.470713 241.745734 192.782261 129.282636 202.148460 123.166554 107.935166 198.909527 332.465036 243.131652 107.018690 335.202924 279.580042 231.086564 252.049598 61.073726 89.844310 347.368680 356.384624 278.856594 
290.000000 3.000000 4.000000 a 384.668689 381.693594 195.887723 367.729520 496.169326 448.742688 486.358921 190.065778 129.139460 335.846691 267.568683 193.992268 239.459809 230.703273 53.758720 182.570534 286.844906 81.394103 201.556444 460.244500 319.532471 469.473109 492.139208 89.627005 472.763154 235.847408 306.231938 294.932196 195.437970 347.023054 
251.000000 1.000000 1.000000 a 76.843998 191.637679 450.214393 86.833173 49.769469 14.317821 173.002890 328.937684 431.448722 198.957282 201.558924 337.360341 253.239018 228.116198 429.470604 374.412874 324.229857 436.293479 438.543042 38.209946 288.849442 155.563492 42.520583 399.802451 51.244512 306.040847 162.237480 379.423247 477.016771 227.481867 
189.000000 9.000000 4.000000 a 33.541020 150.615404 360.223542 11.401754 139.359248 91.241438 191.049732 237.002110 336.550145 151.267974 116.619038 246.402110 162.640708 130.923642 334.432355 291.940062 262.840256 343.246267 349.356551 111.400180 237.124440 169.852878 137.382677 302.793659 126.506917 231.077909 83.815273 305.004918 386.260275 170.064694 
158.000000 3.000000 5.000000 a 356.103917 304.055916 53.851648 350.064280 464.249933 423.095734 412.292372 105.475116 14.317821 378.207615 291.439531 99.724621 180.701411 212.433519 183.439363 290.027585 375.073326 214.758003 58.180753 450.005556 394.974683 399.656102 474.570332 72.006944 464.879554 315.784737 320.315469 162.114157 63.150614 261.015325 
269.000000 7.000000 1.000000 a 92.444578 186.252517 460.404170 110.040901 20.000000 29.427878 150.402793 341.422026 446.023542 231.008658 229.532133 349.040112 265.708487 247.386338 453.803922 403.707815 356.022471 462.009740 448.228736 64.412732 320.975077 135.059246 47.381431 417.742744 73.082146 336.475854 191.023559 381.540299 487.643312 226.019911 
281.000000 6.000000 3.000000 a 298.402413 217.697037 85.146932 300.507903 397.826595 362.745090 323.371304 72.006944 112.805142 368.680078 278.992831 60.008333 129.139460 185.326738 257.619875 336.122002 399.281855 287.341261 71.309186 398.377961 408.104153 313.383152 416.860888 142.270868 414.035023 339.532031 296.769271 64.381674 112.791844 172.351385 
127.000000 7.000000 3.000000 a 312.424391 277.064974 101.493842 303.637942 422.664169 379.458825 385.011688 74.672619 46.861498 323.975308 237.861304 75.286121 141.992958 163.110392 148.717854 241.828452 322.262316 179.108905 100.079968 403.033497 340.931078 370.437579 429.418211 32.526912 417.538022 262.611881 268.016791 174.155103 116.691902 237.427884 
212.000000 8.000000 5.000000 a 213.377600 344.781090 505.319701 188.289670 238.662942 206.518764 363.324923 385.529506 461.641636 92.633687 177.552809 397.216566 324.766070 266.833281 384.137996 279.034048 185.083765 376.378799 497.607275 162.889533 139.517024 343.722272 194.455650 410.878327 159.113167 204.313485 155.080624 482.473833 527.245673 363.049583 
204.000000 3.000000 5.000000 a 65.620119 199.724811 422.908974 52.430907 107.703296 61.854668 210.667985 299.347624 396.758113 142.003521 147.122398 309.045304 225.656819 188.679623 378.969656 317.647603 266.593323 383.787702 412.248711 52.810984 232.174503 190.790461 86.284413 359.706825 66.189123 248.386795 107.004673 367.441152 448.682516 226.550215 
126.000000 1.000000 3.000000 a 53.150729 186.967912 415.447951 43.863424 101.651365 53.712196 198.116128 292.205407 391.065212 151.208465 149.164339 301.628911 217.830209 183.883115 378.868051 321.833808 274.614275 384.749269 404.554075 56.603887 241.400083 178.101095 86.348133 355.541840 71.400280 253.954720 109.658561 357.102226 441.480464 214.560015 
153.000000 9.000000 5.000000 a 291.809870 333.408158 276.088754 268.167858 397.609105 348.414982 424.414891 200.384630 212.720474 203.592731 150.479234 210.793738 203.666394 159.665275 90.426766 68.154237 154.547727 87.097646 275.089076 348.760663 183.673624 404.694947 383.815060 153.310143 359.221380 99.864909 190.759010 326.827171 287.897551 312.285126 
236.000000 9.000000 2.000000 a 269.690563 276.219116 193.041446 253.211374 381.241393 333.995509 377.171049 114.612390 134.833230 241.014522 161.400124 124.338248 135.506457 116.038787 103.464970 155.708060 230.497288 124.867930 190.515091 347.384513 249.899980 359.288185 378.343759 78.549348 360.435847 170.836179 197.395542 240.337263 208.127365 246.941289 
182.000000 5.000000 1.000000 a 154.870914 282.285317 442.462428 127.200629 204.247399 163.355441 311.464284 321.309819 401.781035 52.000000 117.413798 332.824278 258.785626 202.180612 339.948526 249.929990 175.855054 336.618478 434.234959 131.529464 135.771867 290.998282 168.190368 353.556219 134.260940 174.645355 89.894382 416.079319 465.172011 298.107363 
272.000000 1.000000 1.000000 a 137.317151 22.000000 281.513765 156.259400 211.191856 187.072179 130.311166 181.044193 286.574598 289.006920 221.162836 183.698122 121.165177 156.339374 359.137857 369.640366 378.335830 379.332308 268.024253 233.617208 364.232069 117.477657 240.958503 279.508497 249.088338 331.013595 209.351379 184.859406 309.363863 27.586228 
221.000000 8.000000 5.000000 a 153.941547 281.300551 441.619746 126.241831 203.666394 162.659153 310.601030 320.432520 401.014962 52.009614 116.691902 331.941260 257.846854 201.295802 339.520250 249.807926 176.113600 336.275185 433.378587 131.061054 136.165341 290.125835 167.764716 352.852660 133.899216 174.562310 89.005618 415.115647 464.349007 297.107725 
283.000000 7.000000 1.000000 a 153.029409 195.412384 266.908224 134.346567 263.491935 215.541179 280.878977 146.931957 228.396585 153.443801 63.788714 158.773423 96.254870 32.062439 211.002370 191.206694 205.766858 222.173356 258.860967 228.405341 202.091563 260.946355 259.092648 185.550532 241.754007 153.323188 86.683332 254.442528 289.689489 183.349393 
205.000000 6.000000 5.000000 a 261.122577 355.844067 402.423906 231.019480 342.071630 295.609540 418.760075 301.081384 345.325933 96.881371 123.174673 313.129366 268.343064 204.970730 229.836899 112.698713 34.713110 216.300717 398.509724 275.190843 40.496913 397.555028 312.541197 287.471738 280.371183 43.416587 145.041373 421.540034 418.680069 352.865413 
266.000000 8.000000 4.000000 a 188.151535 278.195974 354.695644 158.902486 278.992831 230.566693 343.185081 242.425246 305.276923 68.014704 45.650849 254.578082 198.494332 134.301899 227.633477 145.674294 112.200713 224.521714 348.668897 219.658826 100.439036 322.034160 256.425428 252.031744 228.035085 77.077883 71.196910 356.089876 374.386164 276.278845 
138.000000 7.000000 3.000000 a 77.162167 154.486245 434.234959 101.651365 43.863424 38.910153 122.184287 317.227048 423.018912 238.321212 224.323427 324.229857 242.002066 229.965215 441.010204 399.809955 360.627231 451.208378 421.773636 88.842557 328.458521 105.304321 79.075913 397.775062 100.404183 335.886886 188.111669 351.466926 461.692538 195.133288 
297.000000 5.000000 3.000000 a 136.312142 266.054506 439.769258 109.836242 183.098334 142.130222 291.386341 317.370446 401.885556 69.426220 120.208153 328.609190 251.924592 198.305320 348.931225 264.546782 195.133288 347.315419 431.003480 110.923397 156.108936 271.064568 147.851277 355.688066 114.481440 190.002632 87.206651 407.305782 463.207297 284.112654 
232.000000 2.000000 3.000000 a 91.087870 44.643029 329.309884 115.732450 156.464053 133.330417 101.843016 220.077259 327.246085 260.756591 206.552657 224.877745 150.213182 164.805946 378.609297 370.266121 362.988981 395.335301 316.218279 181.532366 342.841071 83.198558 186.681547 312.313945 196.702822 321.908372 185.550532 239.039746 357.112027 82.328610 
278.000000 3.000000 5.000000 a 311.732257 303.052801 160.252925 297.270920 423.562274 377.222746 407.862722 115.801554 95.634722 288.780193 209.618701 121.827747 160.822884 156.732256 89.938868 182.002747 269.245241 119.037809 160.654910 393.153914 292.643127 391.154701 423.180812 36.221541 406.546430 211.028434 245.203997 232.034480 170.847886 268.793601 
216.000000 7.000000 2.000000 a 208.405854 183.861361 174.450566 201.375272 318.284464 275.486842 288.890983 51.884487 146.860478 248.555829 158.751378 63.560994 41.593269 67.416615 198.567369 236.535410 283.832697 221.350401 165.323924 301.317109 289.043249 272.594938 326.220784 121.696343 316.218279 225.337525 179.602339 166.090337 198.909527 151.287805 
239.000000 9.000000 1.000000 a 34.481879 149.723078 405.838638 55.317267 77.466122 33.600595 150.711645 285.376944 389.075828 195.243438 177.881983 293.455278 209.575762 189.422807 397.181319 353.345440 315.659627 406.398819 394.005076 76.550637 284.945609 130.782262 87.681241 359.869421 91.923882 289.580731 141.693331 334.200539 432.801340 183.357574 
183.000000 9.000000 2.000000 a 138.679487 263.734715 506.622147 135.074054 96.798760 87.475711 242.192073 383.255789 480.916833 187.106921 221.461058 392.781110 309.045304 272.635288 455.548022 381.011811 311.669697 457.542348 495.767082 38.013156 270.416346 226.179133 47.927028 443.054173 22.472205 307.275121 181.603965 445.718521 532.573000 297.531511 
142.000000 1.000000 4.000000 a 78.917679 140.655608 306.884343 66.370174 190.625287 144.249783 210.838801 183.207533 281.554613 159.050307 92.956979 193.051807 110.421918 76.537572 286.174772 259.140888 250.203917 297.699513 296.420310 166.147525 233.445925 190.192008 192.314846 248.090709 181.011049 208.062491 78.587531 261.007663 332.532705 144.931018 
186.000000 4.000000 1.000000 a 156.894869 29.732137 275.408787 176.229963 226.631860 204.831638 133.195345 181.705806 285.175385 308.293691 238.815829 183.043711 128.378347 169.711520 366.960488 383.293621 395.547722 388.294991 261.681104 252.224107 382.498366 123.130013 258.265367 282.285317 267.591106 347.116695 228.359366 172.200465 303.160024 19.000000 
244.000000 9.000000 4.000000 a 97.416631 191.755052 465.948495 114.214710 16.492423 33.015148 154.159009 346.850112 451.345765 232.441390 232.939906 354.509520 271.118055 252.253840 458.050216 406.767747 357.770876 466.001073 453.789599 62.968246 322.256109 139.230025 43.046487 422.796641 70.576200 339.081111 194.180329 387.191167 493.173397 231.631172 
283.000000 9.000000 5.000000 a 222.766694 328.701993 413.425930 192.353841 296.514755 251.246891 382.426464 303.216095 361.353013 48.703183 102.420701 315.379137 259.156323 195.041021 264.433356 157.190967 77.620873 254.848975 407.946075 227.771816 45.803930 361.247837 265.035847 305.996732 232.280003 82.079230 111.646764 417.202589 432.153908 331.409113 
253.000000 3.000000 5.000000 a 81.221918 165.894545 443.397113 103.247276 33.837849 31.890437 132.370692 325.576412 430.947793 234.827596 225.321992 332.824278 250.107977 235.594991 445.071904 400.555864 358.263869 454.532727 431.045241 79.120162 325.038459 116.068945 67.468511 404.526884 89.944427 335.369945 188.162164 362.173991 470.774893 206.155281 
176.000000 6.000000 5.000000 a 307.546744 356.534711 301.026577 282.460617 410.698186 361.448475 444.983146 227.692775 236.541751 203.184645 161.523992 238.075618 229.455878 182.628037 98.493655 41.436699 137.379038 86.092973 300.539515 358.139638 171.213317 424.947056 394.000000 177.228666 367.720002 88.729927 201.159141 354.121448 311.777164 337.010386 
175.000000 1.000000 2.000000 a 269.742470 343.069964 347.759975 241.615397 364.292465 315.659627 419.447255 255.143097 287.892341 138.079687 119.883277 266.807046 235.372046 176.490793 167.597733 61.032778 75.927597 155.595630 344.989855 304.791732 102.800778 398.579979 341.716257 229.120056 312.640368 19.104973 154.651220 379.684079 362.277518 332.243886 
150.000000 7.000000 4.000000 a 201.357890 67.119297 284.381786 223.181540 256.353272 241.960741 135.351395 208.734281 305.250717 358.376897 288.922135 207.369236 168.404275 216.510970 404.357515 429.470604 445.336951 427.506725 270.351623 291.770458 432.786321 133.003759 293.220054 311.178405 306.620286 396.056814 278.605456 165.746795 311.327802 59.816386 
226.000000 9.000000 2.000000 a 120.768373 222.092323 492.776826 132.438665 31.064449 53.712196 181.135309 372.505034 475.903352 233.238076 245.018367 380.573252 296.705241 273.578142 474.557689 415.924272 359.506606 480.815973 480.832611 54.589376 321.561814 167.451486 20.000000 445.135934 55.154329 345.793291 205.156038 416.646133 519.816314 261.602752 
239.000000 1.000000 1.000000 a 259.383885 246.908890 160.056240 247.250885 371.012129 325.729949 351.432782 72.201108 110.602893 260.232588 174.140748 81.859636 104.560987 105.309069 137.593605 197.408207 265.830773 162.606888 155.540991 345.272356 280.864736 334.731235 373.567932 66.640828 359.300710 205.703670 205.182845 197.891384 178.600112 213.740497 
124.000000 5.000000 2.000000 a 345.960980 272.904745 29.410882 345.079701 448.777228 411.617541 379.096294 99.297533 73.756356 396.812298 307.379245 88.408144 171.119841 218.359795 238.606370 335.161155 410.951335 269.703541 16.124515 444.387219 425.574905 368.787202 465.089239 122.090131 459.836928 350.851821 330.479954 105.688221 57.245087 227.771816 
256.000000 3.000000 1.000000 a 201.791972 313.847097 419.659386 171.478862 270.795126 226.318360 361.863234 305.491407 370.633242 22.472205 97.514102 317.586209 255.634505 192.379833 284.007042 182.148291 104.355163 276.421779 413.358198 201.109423 67.801180 340.771184 238.296034 317.050469 205.272989 106.480045 96.767763 414.932525 439.629389 319.907799 
230.000000 1.000000 4.000000 a 340.072051 355.461672 226.514900 320.315469 450.138867 401.707605 455.548022 183.853202 158.977986 275.974637 212.508823 191.253758 214.709106 191.062817 24.515301 125.000000 226.241022 48.104054 228.740027 408.805577 258.031006 437.303099 442.115370 103.092192 420.556774 174.289988 252.200317 303.453456 232.776717 326.021472 
272.000000 5.000000 2.000000 a 124.963995 246.260025 496.235831 125.207827 76.694198 68.963759 221.903132 373.412640 472.890051 195.000000 221.117616 382.576790 298.497906 265.559786 454.686705 385.375142 320.777181 458.075321 485.074221 25.238859 280.793518 206.060671 28.301943 436.972539 12.041595 312.745903 180.853532 431.408159 522.518899 281.320102 
241.000000 4.000000 1.000000 a 186.102123 150.233152 188.350737 183.251194 293.393933 252.812183 255.947260 66.037868 171.233758 251.246891 162.889533 74.652528 9.848858 68.117545 232.124966 262.975284 300.745740 254.332460 177.485211 282.879833 301.212550 240.102062 305.163890 153.013071 298.216364 244.131112 176.459627 154.547727 214.597297 117.630778 
183.000000 5.000000 1.000000 a 389.589528 354.141215 108.231234 379.258487 500.401839 456.464676 462.390528 151.119158 51.078371 383.344493 302.299520 149.120756 220.637712 237.491052 142.014084 263.245133 359.324366 172.351385 116.691902 477.825282 385.591753 448.291200 505.475024 66.610810 491.956299 302.803567 336.095225 224.510579 103.469802 313.159704 
173.000000 9.000000 4.000000 a 241.497412 159.765453 142.677959 245.772252 339.005900 304.862264 266.732075 65.299311 154.828938 328.146309 240.104144 60.033324 82.377181 145.344419 269.987037 326.473582 374.855972 296.998316 129.243955 342.116939 377.584428 255.765518 359.221380 165.027270 357.863102 316.829607 252.001984 77.317527 170.531522 114.978259 
283.000000 3.000000 2.000000 a 329.195990 236.038133 84.899941 333.755899 424.099045 391.777998 337.409247 113.017698 134.063418 408.461749 318.943569 101.000000 166.111408 224.722051 291.207830 375.446401 440.222671 321.622449 71.784399 429.968604 449.071264 329.674081 446.310430 174.186681 445.731982 380.426077 335.335653 45.398238 108.664622 190.538710 
283.000000 6.000000 2.000000 a 190.876924 197.225759 212.659352 177.924141 302.687958 256.815109 295.480964 94.641429 174.897113 205.565075 115.952577 106.737997 65.000000 36.055513 184.569770 200.000000 239.708156 202.408004 204.882893 276.001812 244.018442 277.252592 304.238393 135.988970 290.125835 181.912067 141.031911 210.686972 235.287059 173.046237 
172.000000 4.000000 4.000000 a 289.458114 190.057886 126.142776 296.568710 380.636309 350.237063 290.621747 105.702412 162.348391 383.719950 295.629836 95.713113 137.931142 200.808366 303.832191 373.630834 427.948595 332.843807 112.218537 390.477912 432.195558 283.091858 404.901223 190.318155 406.286844 369.242468 307.314171 22.022716 152.052622 144.779142 
212.000000 4.000000 5.000000 a 243.741667 210.261742 141.449638 236.864940 353.230803 310.821492 317.308998 27.658633 111.413644 276.927788 187.459329 39.204592 72.006944 100.657836 183.002732 240.665743 300.166620 208.942576 133.360414 336.786282 309.982258 302.001656 361.708446 91.197588 351.654660 240.407987 211.627030 154.003247 164.924225 173.415686 
277.000000 6.000000 4.000000 a 295.711008 277.670668 140.602276 283.622989 407.280002 362.111861 383.692585 86.267027 81.939002 290.203377 206.494552 92.097774 136.367151 141.693331 119.553335 203.305189 283.388426 148.222805 139.003597 381.473459 302.978547 367.600326 409.939020 30.528675 395.418765 223.886132 239.301066 203.027092 154.987096 241.896672 
198.000000 4.000000 3.000000 a 279.603290 152.689227 215.378736 295.575709 349.468167 329.633129 231.631172 181.727818 253.836562 411.821563 330.607017 174.897113 179.424079 241.760212 386.246036 440.095444 478.196612 413.672576 201.804361 376.782431 474.443885 229.941297 382.890324 277.252592 392.230799 422.752883 331.339705 85.586214 239.641399 118.004237 
228.000000 1.000000 2.000000 a 281.440935 222.173356 92.655275 278.958778 386.870779 347.805980 330.430023 31.906112 87.005747 331.122334 241.404225 21.213203 105.261579 151.092687 212.285186 288.466636 354.001412 241.400083 82.328610 378.652875 364.910948 317.795532 400.622016 100.000000 393.974618 294.015306 263.326793 109.836242 118.848643 179.337670 
107.000000 1.000000 2.000000 a 375.968084 420.195193 322.902462 350.886021 478.900825 429.664986 511.543742 272.398605 255.148976 263.463470 229.593118 281.256111 287.445647 246.710356 88.022724 66.708320 173.002890 58.420887 325.301399 425.018823 214.888343 491.748920 461.212532 199.612124 434.093308 141.682744 268.901469 396.046714 328.100594 397.604074 
187.000000 2.000000 2.000000 a 198.345658 118.697093 185.809042 204.430917 294.613306 260.923360 226.861191 87.475711 190.262976 298.429221 213.396345 88.090862 58.872744 121.807225 283.240181 322.007764 357.844938 307.616645 172.661519 299.252402 355.598088 214.560015 315.398161 189.446562 315.039680 302.200265 219.665655 111.615411 213.637544 76.000000 
119.000000 1.000000 2.000000 a 272.369235 336.203807 324.353203 245.491344 371.280218 322.218870 417.444607 235.342304 263.685419 155.595630 122.800651 246.775201 221.278106 165.556637 143.836713 52.924474 100.284595 133.843192 321.972048 315.192005 127.640119 396.850098 351.627644 204.714435 324.006173 43.829214 160.639348 360.893336 338.303119 322.270073 
226.000000 4.000000 2.000000 a 197.230829 98.792712 203.730214 207.617437 285.842614 256.124969 205.000000 115.520561 215.083705 314.128954 232.131428 114.756263 84.599054 144.312162 312.921715 349.448136 380.801786 337.243236 190.065778 297.968119 376.049199 194.486503 310.787709 217.919710 313.765836 326.438356 234.008547 110.421918 231.521057 53.450912 
199.000000 5.000000 2.000000 a 312.541197 367.839639 320.024999 286.434984 413.303762 364.145575 453.714668 245.326313 255.501468 197.253644 164.149322 255.884740 243.944666 194.370780 113.463651 22.803509 121.605921 97.185390 319.507433 358.113111 157.876534 433.424734 394.457856 196.206524 367.021798 77.897368 202.805325 371.840019 330.732520 350.035712 
174.000000 9.000000 1.000000 a 166.784292 165.918655 219.592805 157.435701 277.994604 233.617208 264.370952 96.260064 190.541334 208.369863 119.364986 107.377838 41.231056 24.515301 215.668727 227.563178 257.963176 233.790505 210.204662 257.110871 257.316925 246.337167 283.128946 158.808060 271.830830 202.408004 135.988970 198.363303 244.182309 143.087386 
265.000000 8.000000 4.000000 a 179.799889 304.164429 447.180053 151.158857 231.814581 190.965966 337.717337 328.160022 403.044663 35.846897 119.201510 339.954409 269.712810 210.090457 329.684698 232.228336 151.426550 324.007716 439.669194 158.647408 109.731490 317.100930 195.010256 352.404597 160.639348 156.518370 100.019998 428.556881 468.881648 317.327906 
112.000000 3.000000 4.000000 a 169.540556 64.404969 351.445586 197.223224 196.086716 192.260240 62.201286 262.101126 365.005479 344.843443 290.146515 263.273622 205.876176 237.760384 443.842314 449.054562 447.135326 463.712195 337.515926 244.165927 427.440054 62.681736 238.287641 362.509310 257.629579 404.526884 270.148108 237.800336 378.906321 99.322706 
150.000000 5.000000 2.000000 a 351.069794 328.283414 130.291980 338.710791 462.640249 417.432629 435.459527 128.316016 62.297673 336.269237 256.329866 130.034611 189.095214 196.865436 107.004673 220.054539 313.209195 138.322088 134.331679 436.124982 338.545418 420.029761 465.004301 27.000000 449.898878 256.070303 291.084180 225.816297 134.729358 290.167193 
237.000000 7.000000 1.000000 a 110.453610 95.268043 263.427409 113.740934 215.132517 176.011363 189.010582 144.003472 249.777901 219.665655 144.308697 151.449662 68.709534 79.259069 291.046388 291.029208 300.323159 308.358558 251.628695 210.278387 288.861559 170.836179 229.444983 228.116198 225.966812 251.813423 138.924440 202.200396 290.423828 86.539009 
277.000000 8.000000 1.000000 a 251.246891 117.239072 270.815435 272.029410 305.910118 292.617498 176.776695 217.117480 302.483057 402.854813 329.013678 212.941306 193.499354 249.200722 420.029761 458.441927 483.244245 445.407678 256.943574 342.461677 473.769986 178.044938 343.633526 317.984276 357.314987 431.366434 322.374006 143.171226 296.204321 98.954535 
227.000000 6.000000 5.000000 a 308.758806 350.656527 283.143073 284.803441 414.016908 364.790351 441.878943 213.337760 218.277347 214.767316 166.075284 223.376364 219.938628 177.002825 82.073138 59.008474 155.415572 73.736016 282.936389 364.078288 187.970742 422.157554 399.405809 159.050307 374.252589 104.661359 206.242576 339.436297 293.492760 329.072940 
194.000000 8.000000 3.000000 a 224.153965 309.401034 357.844938 195.058965 314.841230 266.580194 378.113740 252.642039 303.591831 89.196412 77.781746 264.756492 218.123818 154.806331 206.632524 112.004464 82.346828 199.489348 353.140199 254.023621 83.725743 357.015406 291.046388 247.358040 261.690657 40.853396 107.354553 371.841364 375.490346 304.236750 
128.000000 2.000000 4.000000 a 342.374064 354.231563 218.123818 323.241396 452.859802 404.623282 455.241694 179.011173 150.442680 282.646422 217.349948 186.002688 212.849712 191.942700 26.076810 134.201341 235.053185 53.823787 220.601451 412.801405 266.400075 437.224199 445.772363 95.273291 424.759932 182.608872 256.780062 297.249054 223.986607 323.871888 
103.000000 8.000000 3.000000 a 56.302753 173.925271 429.609125 68.593003 62.289646 13.038405 164.757397 308.423410 411.180009 192.626582 187.106921 316.798043 232.699377 208.710326 412.322689 361.424958 316.291005 420.010714 417.929420 52.392748 282.837409 146.030819 63.126856 380.159177 67.357256 294.767705 148.707767 359.400890 456.425240 208.425046 
106.000000 9.000000 5.000000 a 300.121642 384.376118 394.351366 270.632592 386.477684 339.165152 454.805453 303.779525 333.013513 144.256716 154.311374 315.420354 282.630501 222.272355 199.421664 72.862885 36.069378 181.289823 392.073973 321.375170 77.820306 433.702663 358.733885 273.788239 327.145228 39.962482 183.076487 428.317639 407.878658 376.427948 
240.000000 4.000000 3.000000 a 374.476969 458.703608 442.191135 344.746284 457.419938 410.990268 529.818837 364.156560 377.064981 210.622886 229.381778 375.225266 351.550850 293.518313 222.173356 100.044990 84.480767 196.086716 441.825758 389.679355 127.011810 508.702270 426.954330 318.000000 394.081210 113.951744 257.489806 490.407993 452.186908 449.188157 
100.000000 6.000000 4.000000 a 83.168504 182.123584 452.659916 100.079968 30.016662 19.416488 152.453272 333.160622 437.419707 221.963961 219.494875 340.939877 257.390754 237.951676 443.883994 393.732142 346.705927 452.004425 440.585973 59.464275 312.028845 136.132289 48.703183 408.570679 69.871310 326.663435 181.033146 375.630137 479.817674 220.871003 
195.000000 1.000000 3.000000 a 366.398690 313.694119 52.325902 360.312364 474.529240 433.391278 421.868463 115.693561 18.248288 387.242818 300.800598 109.767937 190.979056 222.481460 185.784822 295.286302 381.997382 217.082933 59.033889 460.244500 402.662390 409.381240 484.855649 77.646635 475.105251 322.939623 330.024242 167.705098 57.078893 270.453323 
260.000000 5.000000 1.000000 a 332.661991 261.296766 41.593269 331.651926 435.791234 398.401807 367.952443 85.982556 73.246160 384.079419 294.552203 75.000000 157.686398 205.119477 233.452351 326.401593 400.202449 264.327448 29.206164 430.990719 414.035023 357.280002 451.810801 116.297033 446.431406 340.073521 317.294816 101.533246 69.354164 216.372364 
Type de surveillance de chaque endroit(target):tab[nombre de target]
a a a a a a a a a a a a a a a a a a a a a a a a a a a a a a 