Nombre des capteurs:
100
Nombre des targets:
30
Nombre de type de surveillance:
1

Caracteristiques:
153.000000 2.000000 4.000000 a 227.607118 377.534104 151.726728 343.816812 454.397403 435.361918 52.801515 247.315588 233.649310 352.346420 359.116973 161.895028 160.424437 266.204808 205.353354 149.036908 215.132517 182.584227 28.319605 305.851271 305.181913 324.484206 398.743025 10.770330 162.864975 468.564830 95.078915 217.349948 428.882268 308.561177 
234.000000 1.000000 1.000000 a 376.968168 448.037945 281.128085 196.824795 431.542582 506.211418 245.246814 386.684626 351.673144 221.020361 427.229447 67.082039 321.449841 411.661269 203.656574 289.375189 22.000000 372.264691 195.233194 219.228192 260.679880 201.206362 322.121095 216.707176 161.136588 445.731982 215.522621 19.416488 482.130688 151.076140 
204.000000 7.000000 4.000000 a 162.542302 165.701539 112.008928 259.586209 225.743217 224.644163 208.002404 154.304893 107.354553 244.640553 144.941367 297.712949 159.326708 178.846303 82.540899 125.924581 271.670757 234.648674 258.118190 171.400117 124.535136 221.054292 214.347848 236.907155 122.613213 239.207023 139.903538 276.622486 205.847031 256.017578 
252.000000 1.000000 4.000000 a 92.135769 288.173559 127.440182 455.580948 440.854851 333.352666 140.071410 117.000000 144.249783 450.976718 277.317508 348.209707 73.756356 117.902502 267.839504 112.800709 380.707237 12.206556 216.965435 383.891912 350.827593 423.539845 444.292696 182.964477 259.955765 452.385897 168.404275 384.266834 346.208030 434.495109 
144.000000 3.000000 5.000000 a 293.981292 215.002326 242.670559 180.277564 134.182711 258.940148 322.939623 282.001773 235.987288 153.055545 198.305320 338.732933 292.714878 304.277834 130.245921 257.266399 279.034048 368.419598 352.459927 91.809586 37.121422 141.548578 80.808415 340.543683 178.339564 148.556387 249.098374 283.734030 221.020361 200.339711 
229.000000 4.000000 3.000000 a 305.655034 188.451585 270.490296 228.122774 79.378838 223.002242 361.211849 289.663598 246.629276 198.297756 175.513532 393.395475 316.218279 309.006472 177.628826 284.313208 335.046265 390.185853 398.246155 145.248064 92.962358 191.436674 93.263069 383.377099 228.089895 93.920179 288.669361 339.754323 181.466250 252.800316 
154.000000 6.000000 1.000000 a 147.217526 343.246267 169.011834 487.778638 493.223073 387.940717 144.367586 172.026161 198.176689 486.187207 332.356736 350.964386 118.701306 171.548827 305.522503 154.201167 395.049364 46.097722 210.237960 422.242821 394.342491 458.213924 489.434367 179.069819 289.856861 505.059402 193.458006 398.096722 401.280451 462.709412 
277.000000 6.000000 2.000000 a 320.677408 442.774209 232.499462 300.913609 479.059495 502.164316 155.128979 337.170580 314.249901 318.284464 422.764710 62.649820 255.665797 358.825863 224.216413 234.795656 138.683092 286.555405 83.600239 292.246471 312.705932 293.293368 395.020253 114.109596 172.661519 493.617261 163.049072 138.946033 487.939545 258.304084 
117.000000 1.000000 2.000000 a 327.983231 443.551575 237.876018 287.137598 472.974629 503.008946 166.330995 343.588417 318.763235 305.368630 423.340289 46.818800 263.928020 365.842862 219.544984 241.118228 122.800651 298.062074 98.061205 282.001773 305.158975 280.855835 385.375142 127.098387 167.943443 487.533589 167.815375 122.918672 487.403324 244.008197 
108.000000 2.000000 3.000000 a 274.116763 137.568165 254.326562 274.089401 82.219219 171.011696 354.012712 255.440795 216.020832 245.709178 126.142776 413.904578 294.531832 272.238866 188.957667 266.917590 363.902459 365.453143 400.475967 185.930094 126.400158 235.790161 145.344419 381.608438 240.553528 94.593869 284.775350 368.781778 129.988461 294.477503 
267.000000 3.000000 5.000000 a 323.857994 304.139771 245.458754 90.934042 238.075618 355.174605 290.745593 320.053121 273.760845 78.771822 284.829774 246.602920 299.260756 345.488061 104.847508 259.886514 176.366097 372.800215 295.711008 23.194827 74.625733 52.810984 127.424487 293.831584 125.642350 251.849161 220.619582 180.753976 321.361168 95.859272 
101.000000 4.000000 1.000000 a 166.784292 203.887224 94.366308 246.032518 257.070029 263.138747 176.504957 164.550904 119.707978 235.732900 183.251194 258.835855 147.085009 190.433716 56.320511 109.224539 237.191905 222.793626 220.843836 165.157501 131.034347 209.847564 226.596558 201.558924 85.959293 271.007380 105.004762 242.076434 245.409861 235.915239 
119.000000 9.000000 5.000000 a 293.615395 338.042897 200.569190 151.211772 324.607455 395.506005 209.344214 298.060397 257.419890 160.178026 317.279057 148.327341 250.065991 324.024690 93.150416 212.398211 98.005102 315.153931 198.133793 126.063476 153.574086 132.849539 229.314195 202.002475 62.032250 339.036871 150.734867 103.004854 370.163477 119.620232 
276.000000 4.000000 1.000000 a 267.777893 366.349560 172.976877 241.598841 396.061864 425.793377 134.833230 279.901768 249.559612 253.148178 345.937856 98.478424 209.380037 303.942429 141.060271 179.477018 116.661905 259.239272 105.688221 216.363121 231.049778 226.119437 316.764897 114.978259 89.493016 410.615392 104.345580 119.854078 408.886292 204.474937 
202.000000 5.000000 4.000000 a 340.411516 435.289559 246.142235 241.629882 445.299899 494.535135 193.837561 353.114712 322.888526 261.558789 414.656484 28.017851 280.251673 376.948272 198.909527 252.105137 74.813100 324.024690 137.320792 244.724335 274.810844 238.212090 348.914030 161.124176 149.164339 459.791257 176.819117 75.073298 475.042103 197.648678 
116.000000 2.000000 2.000000 a 165.496224 203.823453 92.956979 247.293348 258.094944 263.104542 175.385290 163.367683 118.608600 237.065392 183.207533 258.862898 145.670862 189.264365 57.428216 107.814656 237.693079 221.379764 220.077259 166.532279 132.438665 211.153972 227.982455 200.638979 86.353923 272.016544 104.019229 242.571639 245.601303 237.035862 
235.000000 1.000000 4.000000 a 410.946469 508.655089 317.907219 276.028984 508.944987 567.804544 254.232177 424.778766 395.941915 301.479684 487.976434 48.332184 348.760663 448.090393 269.651627 322.939623 102.956301 385.975388 184.694342 299.527962 337.653669 282.304800 402.921829 215.002326 221.334588 523.282906 247.923375 99.503769 547.417574 230.034780 
134.000000 1.000000 2.000000 a 317.327906 144.499135 367.539114 509.825460 253.284425 85.041167 476.000000 291.953763 288.006944 482.012448 164.830216 606.723990 375.856356 287.334300 385.914498 372.236484 576.210031 416.515306 546.232551 419.314917 357.418522 470.856666 376.191441 517.262023 431.338614 250.353750 428.956874 581.209945 110.018180 526.864309 
245.000000 2.000000 3.000000 a 354.685776 425.117631 258.804946 190.044732 412.807461 483.401489 227.484065 364.021977 328.641142 211.766381 404.309288 70.576200 300.081656 389.101529 181.044193 267.366789 24.186773 352.706677 182.857868 203.302730 241.588493 190.002632 307.084679 201.695315 137.927517 427.094837 194.064422 26.570661 459.740144 145.330657 
280.000000 2.000000 4.000000 a 319.856218 243.074063 263.882550 157.012738 142.800560 285.539840 338.155290 308.768522 262.406174 128.082005 226.715681 336.400059 315.158690 331.484540 141.650980 278.648524 271.029519 391.065212 361.935077 75.166482 41.484937 119.887447 56.612719 352.512411 185.779439 156.473640 264.168507 275.535842 246.546142 181.474516 
241.000000 1.000000 3.000000 a 392.818024 336.001488 322.149034 77.466122 216.060177 378.683245 374.145694 385.507458 338.551326 44.821870 319.189599 316.001582 375.793826 409.838993 183.142021 336.893158 236.044487 450.699456 378.450789 66.603303 109.110036 56.718604 80.056230 377.450659 209.246266 227.407124 303.211148 239.570449 339.171048 116.777566 
108.000000 3.000000 2.000000 a 99.161484 289.772324 98.005102 419.687979 426.718877 339.717530 98.954535 124.310096 138.000000 416.806910 276.407308 306.375586 50.000000 133.600150 235.104232 83.234608 339.166626 36.400549 177.341479 351.808186 323.289344 389.011568 418.492533 143.024473 222.524156 439.004556 128.514591 342.667477 347.298143 396.698878 
256.000000 4.000000 1.000000 a 175.960223 220.238507 96.540147 237.143417 267.091745 279.458405 168.881615 175.647374 132.034087 228.737841 199.584569 242.546903 150.243136 201.682919 45.880279 111.287915 221.253249 225.144398 208.626460 160.000000 131.882523 202.141040 228.352797 191.010471 69.771054 281.215220 95.754895 226.119437 261.283371 224.590739 
284.000000 1.000000 3.000000 a 370.094583 312.040062 301.496269 92.005435 199.123078 355.394147 357.917588 362.270617 315.317301 60.539243 295.083039 313.000000 354.938023 386.429813 164.015243 316.305232 236.484672 430.202278 366.509209 50.159745 85.094066 61.587336 67.416615 363.600055 194.092761 211.191856 285.952793 240.353906 316.336846 125.431256 
122.000000 3.000000 3.000000 a 289.276684 375.289222 193.610434 217.568380 390.544492 434.495109 162.855764 299.868304 266.852019 231.192560 354.633614 87.863531 233.259512 324.513482 139.942845 201.400099 89.442719 285.889839 130.873985 200.422055 222.031529 204.919496 303.014851 142.611360 89.403579 405.093816 127.318498 92.913939 414.981927 178.807159 
299.000000 7.000000 2.000000 a 476.944441 367.979619 422.603833 193.186438 188.170136 394.057102 490.600652 464.140065 418.632297 165.096941 356.628658 445.071904 474.157147 485.553293 293.470612 437.411705 363.666056 550.072722 503.254409 186.681547 197.517088 185.000000 102.649890 499.196354 329.256739 192.093727 417.311634 366.922335 350.069993 238.379949 
110.000000 2.000000 1.000000 a 404.665294 301.099651 352.278299 170.847886 138.600144 332.067764 425.079992 391.795865 346.301891 138.437712 288.405964 400.765517 403.208383 413.269888 227.668619 367.016348 325.246061 479.051145 443.852453 132.015151 128.798292 148.556387 32.202484 436.963385 267.761088 146.894520 351.244929 329.123077 288.916943 210.639502 
213.000000 5.000000 1.000000 a 379.011873 328.342809 307.050484 73.246160 217.866932 372.699611 358.062844 372.263348 325.332138 41.677332 311.014469 302.134076 360.761694 396.812298 167.621598 321.759227 223.430079 435.488232 362.498276 50.911688 97.862148 45.310043 84.811556 361.348862 193.132079 229.839074 287.236836 227.107904 334.073345 108.226614 
194.000000 8.000000 3.000000 a 416.828502 326.534837 357.737334 141.777995 172.029067 360.611980 423.075643 405.704326 359.400890 110.168053 312.630773 382.378085 410.001220 428.228911 226.241022 372.592270 303.659349 485.899166 435.721241 119.331471 132.457540 124.535136 45.880279 431.422067 261.480401 180.693110 349.961426 307.262103 318.077035 183.872238 
113.000000 9.000000 2.000000 a 279.957140 108.245092 329.620994 483.240106 240.441261 49.203658 438.001142 254.530941 249.994000 456.452626 128.887548 570.908924 337.965975 250.714978 351.882083 334.240931 542.583634 379.684079 508.433870 391.492018 329.218772 443.775844 355.681037 479.342258 396.275157 239.633053 391.429432 547.580131 82.565126 498.053210 
230.000000 5.000000 2.000000 a 165.051507 347.938213 223.006726 551.830590 519.640260 382.827637 223.188261 184.260685 223.832527 546.959779 341.540627 431.375706 169.189243 172.069753 363.616556 208.568933 471.721316 98.234414 291.556170 479.220200 443.708237 519.620054 535.414792 260.017307 356.000000 530.066034 262.992395 475.009474 404.555311 530.495052 
121.000000 7.000000 2.000000 a 270.024073 266.101484 191.700287 143.136299 236.772042 320.652460 243.987705 266.895110 220.966061 132.883408 245.904453 235.847408 245.523930 292.514957 51.224994 206.228029 181.372545 319.532471 258.874487 65.795137 66.708320 106.620823 153.759553 252.352927 82.710338 251.246891 171.679935 186.271308 290.987972 138.231690 
213.000000 1.000000 4.000000 a 280.643902 381.931931 186.453748 246.710356 410.201170 441.379655 140.684043 293.429719 264.007576 260.000000 361.531465 83.725743 220.952484 317.189218 155.801155 192.333044 110.860272 267.904834 102.068604 226.735529 244.106534 233.499465 328.219439 115.965512 104.177733 424.759932 117.046999 113.547347 424.499706 207.850908 
280.000000 9.000000 1.000000 a 170.660482 146.996599 130.969462 263.837071 205.009756 205.231577 230.078248 159.201131 112.800709 246.333108 126.194295 318.512166 175.328264 182.332115 98.112181 144.249783 288.849442 249.561616 281.186771 172.803356 120.016666 224.396970 204.137209 259.753730 142.214627 218.213199 162.788206 293.831584 184.390889 264.185541 
119.000000 1.000000 5.000000 a 315.564573 130.736376 357.833760 481.898330 221.081433 74.000000 467.268659 290.070681 280.912798 453.523980 149.789853 588.695167 370.696641 288.362619 365.329988 363.719672 554.582726 416.491296 534.985981 392.378644 330.938061 443.308019 345.606713 507.152837 412.248711 217.919710 416.403650 559.579306 86.556340 500.441805 
125.000000 9.000000 2.000000 a 53.758720 247.977822 118.270876 447.487430 408.325850 291.556170 163.477827 76.941536 111.018017 439.905672 238.214189 365.760851 68.359345 75.312682 256.704110 105.513032 389.185046 54.424259 243.304336 370.151320 331.489065 413.266258 422.143341 208.865986 257.153651 419.268410 174.071824 393.103040 305.942805 430.405623 
166.000000 8.000000 3.000000 a 224.474943 189.842040 167.907713 207.060378 187.181730 244.180261 251.029879 215.334623 168.439900 188.403822 169.814605 297.122870 218.403297 239.259274 71.175839 182.537667 253.538952 294.253292 287.628232 114.982607 62.769419 167.242339 153.388396 272.264577 122.772147 201.556444 177.910090 258.520792 215.295146 211.021326 
171.000000 9.000000 4.000000 a 81.301906 115.624392 138.708327 400.655713 289.458114 161.446586 241.679540 56.035703 56.222771 384.209578 107.004673 403.243103 137.800581 62.769419 219.583697 139.603009 397.543708 183.221178 316.741219 310.663805 257.093368 361.680798 332.915905 285.329634 246.454864 298.707215 207.424685 402.266081 173.565550 397.080596 
152.000000 8.000000 4.000000 a 163.514525 354.739341 150.216510 448.287854 485.338027 404.811067 93.037627 188.883562 202.356122 449.728807 341.070374 295.083039 112.017856 196.063765 274.608813 136.821051 343.537480 71.589105 153.003268 390.006410 369.415755 421.456997 465.875520 122.800651 251.103564 498.073288 154.155765 346.301891 412.145605 419.888080 
121.000000 2.000000 4.000000 a 334.659528 394.119271 239.133854 165.746795 378.355653 451.975663 222.319590 342.106708 304.463463 184.352922 373.321577 100.319490 283.933091 367.642489 149.264865 249.018072 42.047592 341.738204 189.525724 170.073514 207.118324 160.798010 274.171479 203.002463 109.786156 392.653792 178.756818 46.957428 427.263385 123.434193 
244.000000 3.000000 2.000000 a 145.344419 96.208108 214.590307 455.027472 293.470612 114.017543 315.784737 120.933866 132.136293 435.035631 102.396289 478.173609 209.121974 112.271991 284.524164 214.979069 468.540286 241.480848 391.992347 362.310640 303.690632 415.097579 365.568051 360.111094 316.835920 299.547993 283.301959 473.355046 143.387587 456.843518 
259.000000 5.000000 5.000000 a 207.183494 344.026162 122.331517 313.081459 415.481648 402.504658 51.865210 224.376915 205.060967 319.452657 325.098447 161.505418 142.077444 245.464865 166.721324 122.613213 199.248588 180.024998 61.351447 269.742470 266.732075 291.321129 360.846228 44.384682 125.924581 429.670804 58.600341 202.200396 393.997462 280.371183 
235.000000 5.000000 3.000000 a 151.320851 143.055933 234.955315 497.788108 340.649380 151.238223 327.611050 130.873985 156.387340 478.941541 150.233152 503.572239 218.552053 113.278418 321.753011 232.432786 500.756428 235.715931 406.419734 405.783193 348.369057 458.118980 412.825629 373.209057 349.777072 346.343760 305.131119 505.460186 186.024192 497.325849 
229.000000 1.000000 3.000000 a 461.524647 359.961109 404.649231 171.959298 187.523332 388.973007 470.510361 449.494160 403.583944 143.401534 347.639181 423.057916 456.639902 471.424437 273.748059 419.490167 341.774780 532.564550 481.964729 165.387424 179.287479 163.003067 86.833173 478.351335 308.462315 193.041446 397.451884 345.057966 345.351994 216.910120 
196.000000 5.000000 2.000000 a 253.550784 65.000000 292.154069 434.065663 200.489401 13.892444 401.677732 228.162223 216.011574 407.520552 84.403791 525.384621 306.360898 229.019650 304.251541 298.236483 494.652403 355.268912 469.234483 342.160781 279.866039 394.528833 309.025889 441.403444 349.722747 201.692836 350.754900 499.651879 35.057096 448.656884 
181.000000 9.000000 3.000000 a 203.789107 331.440794 114.402797 296.420310 397.786375 390.288355 64.350602 219.317122 196.542616 302.001656 312.169826 160.078106 140.943251 241.536747 148.124947 116.846053 189.707670 186.188077 77.466122 251.348364 248.090709 273.804675 342.165165 63.063460 107.424392 412.021844 46.097722 192.981864 380.295937 264.781042 
117.000000 4.000000 2.000000 a 196.573142 20.000000 236.180016 409.568065 213.843401 48.332184 345.323037 171.292148 158.757677 385.683808 38.897301 477.428529 248.909622 173.738309 262.087772 241.660919 452.762631 298.484505 414.364574 316.140791 254.283307 369.423876 300.532860 385.797875 304.231820 218.826415 296.897289 457.739009 62.032250 418.896169 
167.000000 5.000000 1.000000 a 339.117974 186.102123 318.698917 282.481858 17.117243 203.730214 415.877386 319.845275 281.314770 251.001992 179.635743 457.737916 359.902765 335.644157 239.708156 331.593124 398.983709 431.004640 457.930126 206.118898 157.155973 248.394847 131.308796 441.137167 290.800619 31.064449 345.013043 403.654555 159.480406 311.448230 
272.000000 6.000000 4.000000 a 237.716217 93.680307 296.015202 482.901646 264.282046 53.141321 402.203928 212.624081 214.149481 458.213924 113.547347 547.702474 298.750732 206.196508 335.943448 299.025083 526.279393 335.477272 475.405090 389.683205 327.542364 442.847604 366.922335 445.007865 376.670944 265.919161 361.092786 531.241000 97.406365 493.268689 
137.000000 2.000000 1.000000 a 454.103512 373.353720 388.931871 125.159898 218.563492 408.442162 445.224662 444.567205 397.825339 99.080775 358.923390 381.262377 442.145904 467.880327 252.105137 403.773451 298.001678 517.650461 449.774388 137.010948 167.047897 122.184287 92.655275 449.004454 280.585103 226.419964 373.739214 301.014950 366.034151 170.847886 
224.000000 5.000000 5.000000 a 366.442356 244.616026 326.107344 214.347848 79.624117 272.259068 410.615392 350.955838 307.416655 181.958787 233.555133 417.220565 373.851575 370.548242 218.112356 340.348351 349.406640 448.642397 440.164742 150.791246 120.037494 184.133104 58.008620 428.654873 265.016981 89.888820 336.916904 353.751325 228.720353 248.163253 
197.000000 3.000000 2.000000 a 357.459089 262.880201 305.085234 164.657220 126.605687 299.001672 380.276215 344.988406 299.255743 132.612217 248.622203 370.307980 355.800506 366.809215 183.521116 319.790556 300.106648 431.616728 402.800199 101.513546 83.486526 133.416641 18.384776 394.129420 226.417755 138.408815 306.297241 304.356699 257.328584 197.433533 
124.000000 4.000000 1.000000 a 174.255559 215.336945 96.938125 238.537209 263.030416 274.535972 172.191754 173.277235 129.189783 229.473310 194.671518 247.491414 150.446004 199.271172 47.539457 111.758669 225.610283 225.656819 213.063371 160.078106 130.084588 203.105884 226.384628 195.064092 74.303432 277.115499 99.408249 230.488611 256.284998 226.874415 
291.000000 4.000000 1.000000 a 294.635368 252.049598 227.727908 137.931142 188.430358 301.438219 292.726835 287.123667 240.168691 116.348614 233.345238 286.190496 280.765026 311.512440 95.273291 242.588128 224.189652 356.384624 312.193850 44.407207 19.416488 97.739450 100.960388 304.258114 135.793962 202.647477 219.146070 228.862404 266.692707 150.376195 
241.000000 4.000000 4.000000 a 381.734201 474.975789 287.689068 251.348364 475.988445 534.065539 231.002164 394.665681 364.485939 275.045451 454.274146 22.803509 320.951710 418.412476 235.592869 293.465501 76.419893 362.233350 167.355908 268.493948 304.726107 254.385534 372.368097 194.879450 187.384631 490.368229 218.197159 73.979727 513.429645 205.650188 
208.000000 2.000000 4.000000 a 190.031576 360.223542 134.171532 385.482814 461.566897 415.616410 29.410882 212.607620 208.971290 390.436935 343.493814 219.209945 123.810339 227.846440 226.770809 126.178445 269.312087 129.027129 79.075913 336.823396 326.197793 362.167089 422.271240 47.042534 193.313217 475.217845 103.406963 271.860258 414.840933 353.617024 
145.000000 3.000000 4.000000 a 334.755134 408.401763 238.882816 194.180329 403.133973 466.964667 208.710326 344.268790 309.276575 213.410403 387.604180 71.847060 280.064278 369.287151 165.487160 247.370168 42.449971 333.084073 167.600716 197.941911 231.905153 189.952626 302.165518 184.564352 120.370262 417.527245 174.045971 45.705580 444.288195 151.003311 
136.000000 9.000000 2.000000 a 88.639720 177.132719 50.960769 324.471879 291.480703 234.674242 160.648685 86.700634 45.122057 313.560202 159.326708 304.581680 85.440037 112.751940 134.171532 60.133186 300.509567 159.012578 227.793766 241.944208 200.529300 288.045135 291.451540 199.459269 151.198545 303.916107 111.803399 305.137674 230.217289 313.512360 
180.000000 5.000000 5.000000 a 374.594447 462.981641 279.866039 236.782601 461.147482 521.934862 228.560714 386.757030 355.375857 260.123048 442.240885 28.319605 315.017460 410.844253 222.319590 286.272597 61.983869 359.005571 168.908259 253.221247 289.862036 239.253004 357.077023 194.586742 174.897113 475.509201 211.026065 59.908263 500.631601 191.211924 
169.000000 9.000000 3.000000 a 279.951782 372.005376 184.621234 229.124420 393.960658 431.356001 150.053324 291.295383 259.538051 241.867732 351.449854 90.785461 222.728534 315.659627 140.890028 191.801981 101.636608 273.936124 118.600169 208.386660 226.874415 215.244048 310.103209 129.630243 89.470666 408.520501 117.098249 104.923782 413.052055 191.023559 
192.000000 4.000000 1.000000 a 499.916993 395.949492 442.240885 191.316492 217.230293 422.838030 505.845826 487.910853 442.000000 166.300932 384.204373 448.528706 494.453233 509.812711 309.854805 457.095176 365.067117 570.362166 514.410342 198.708329 216.933169 189.235303 125.251746 512.140606 342.614944 221.036196 433.206648 368.012228 378.903682 237.255137 
195.000000 7.000000 5.000000 a 401.808412 376.341600 320.356052 13.601471 278.485188 424.199246 352.932005 398.647714 352.489716 22.472205 357.840747 262.345192 373.851575 424.169777 180.834178 334.414414 178.070211 445.764512 343.861891 80.224684 141.876707 27.000000 145.248064 348.420723 190.262976 290.589057 287.445647 181.002762 387.459675 51.662365 
220.000000 6.000000 5.000000 a 155.640612 296.514755 71.063352 322.038818 384.629692 354.244266 48.507731 172.261429 153.639188 323.148573 278.258872 208.837257 92.179173 193.705963 151.238223 70.434367 233.805475 142.126704 108.466585 264.609146 249.617708 294.871158 346.030345 80.230917 124.523090 398.406827 27.802878 237.427884 348.386280 295.210095 
141.000000 3.000000 4.000000 a 137.087563 203.494472 62.201286 275.985507 280.608268 262.864984 153.003268 137.524543 95.425364 267.016853 183.600109 262.800304 114.551299 163.600122 84.758480 77.006493 251.745904 190.318155 206.242576 197.202941 163.248277 240.682363 258.306020 183.199345 101.000000 294.151322 86.683332 256.470271 250.427634 263.188146 
267.000000 7.000000 1.000000 a 284.001761 340.390952 189.517809 170.856665 337.800237 398.600050 191.023559 289.994828 251.065728 180.294204 319.582540 135.085158 237.305710 315.767319 96.332757 200.564204 96.664368 300.221585 178.011236 144.585615 167.720005 152.970585 247.018218 182.258059 55.362442 352.302427 135.417872 101.552942 375.150636 137.767921 
102.000000 9.000000 4.000000 a 104.278473 293.470612 97.097889 416.303975 427.880825 343.960754 92.417531 129.243955 141.127602 413.885250 279.789206 300.128306 51.623638 139.283883 232.725160 82.492424 333.731928 41.593269 170.660482 349.450998 322.001553 386.011658 417.484131 136.356151 218.833270 440.283999 124.084649 337.191340 350.851821 392.765834 
223.000000 7.000000 3.000000 a 72.138755 250.449596 56.727418 385.316753 382.172736 302.768889 104.484449 94.201911 97.164808 380.248603 235.915239 298.564901 6.082763 110.535062 197.040605 42.011903 320.189007 72.138755 184.252544 313.129366 281.369863 352.881000 375.825757 150.416090 191.128229 394.507288 105.076163 324.098750 307.312544 365.465457 
270.000000 5.000000 1.000000 a 163.884105 238.757199 74.323617 255.837839 299.001672 298.216364 136.341483 168.190368 129.294238 250.768818 218.563492 226.019911 127.534309 194.092761 68.593003 88.119237 216.372364 200.204895 178.317133 185.310550 162.791277 223.277854 259.393523 159.201131 68.000000 313.039934 63.285069 221.020361 283.734030 238.144914 
112.000000 2.000000 1.000000 a 418.150691 295.061011 374.144357 213.600094 113.004425 318.943569 453.789599 403.112887 359.172660 181.276033 284.903492 441.117898 423.151273 422.965720 257.815826 388.614205 367.049043 498.415489 477.611767 171.417619 157.648343 191.313878 67.268120 468.684329 301.230809 117.957620 379.795998 371.012129 274.854507 253.576418 
115.000000 5.000000 3.000000 a 115.004348 303.000000 173.908022 503.707256 470.082971 341.586007 188.597455 135.558106 173.415686 497.892559 295.218563 397.503459 120.353646 126.301227 314.396247 159.777971 431.477694 57.008771 263.030416 429.441498 392.979643 470.770645 484.455364 229.688920 309.386490 480.759815 219.018264 435.019540 360.373417 483.864650 
143.000000 3.000000 3.000000 a 65.192024 245.024489 147.091808 473.714049 416.415658 283.346078 196.094365 80.993827 123.761868 464.685915 237.844487 398.704151 100.005000 68.410526 282.462387 135.340312 421.019002 77.987178 275.675534 393.776586 351.882083 438.548743 439.978409 241.248834 286.356421 426.588795 206.021844 425.001176 302.233354 458.415750 
270.000000 5.000000 2.000000 a 105.603030 182.496575 199.323857 494.446155 374.897319 205.272989 279.358193 92.962358 133.015037 479.250456 183.095603 468.048074 171.327172 68.308125 308.715079 193.352011 475.303061 175.840837 359.450970 405.770871 353.288834 456.005482 428.654873 325.399754 328.112785 382.507516 268.531190 479.770779 233.899551 488.078887 
158.000000 5.000000 1.000000 a 256.704110 115.801554 242.909448 289.675681 98.412398 151.400132 345.418587 237.185581 199.323857 262.240348 104.216122 416.624531 280.631431 253.071136 190.031576 254.892134 370.621100 350.081419 395.464284 199.541976 138.311243 250.710989 166.090337 375.054663 241.182504 109.384642 278.039566 375.554257 111.830228 307.694654 
286.000000 3.000000 3.000000 a 335.005970 444.245428 243.353652 273.941600 467.068517 503.700308 177.341479 349.755629 323.199629 293.001706 423.869084 32.557641 271.974263 372.533220 215.564376 247.455046 107.647573 309.012945 112.089250 272.310485 298.077171 268.990706 376.119662 139.807010 164.246766 481.614991 173.118457 107.615055 486.795645 230.338881 
234.000000 7.000000 1.000000 a 316.218279 127.236001 354.790079 470.009574 207.021738 73.681748 464.462054 290.764510 279.308074 441.367194 145.361618 581.485167 369.682296 290.337734 357.145629 361.204928 545.704132 417.652966 530.951034 381.035431 319.882791 431.625996 332.416907 503.667549 404.712243 203.710579 411.928392 550.695923 78.644771 489.286215 
266.000000 1.000000 4.000000 a 337.431475 409.605908 241.549167 191.376592 402.591604 468.086530 212.190952 346.770818 311.520465 210.924157 388.803292 73.437048 283.028267 371.841364 166.291912 250.153953 39.051248 336.362899 171.187032 196.514630 231.320125 187.683244 300.707499 188.162164 121.794910 416.965226 177.011299 42.426407 445.121332 148.003378 
256.000000 8.000000 3.000000 a 250.689050 102.459748 242.101219 302.952141 105.683490 137.440896 346.389954 230.358416 194.200927 275.771645 91.787799 424.381903 277.722883 245.203997 197.474049 253.570503 380.426077 345.775939 398.743025 212.322867 150.711645 263.825700 180.005555 377.361895 248.163253 115.485930 280.446073 385.379034 98.234414 320.224921 
228.000000 4.000000 2.000000 a 185.010810 267.589237 90.669730 246.564393 318.830676 327.053512 125.299641 191.908833 155.589203 245.153013 247.315588 197.002538 140.427917 217.441946 72.235725 102.391406 190.625287 208.540164 155.929471 184.805303 172.046505 217.039167 267.798432 140.698259 49.769469 333.096082 52.153619 195.143537 311.801219 224.289991 
207.000000 2.000000 1.000000 a 343.222960 410.025609 247.370168 180.767807 397.575150 468.206151 221.794950 351.869294 315.659627 200.960195 389.217163 82.006097 290.043100 377.131277 165.701539 256.439077 31.000000 344.804292 182.332115 189.187737 226.311732 178.227383 293.204707 198.768710 123.434193 411.885907 184.133104 35.128336 444.302825 137.058382 
278.000000 9.000000 5.000000 a 165.529454 88.481637 159.906223 312.193850 189.620674 146.986394 267.710665 146.731046 108.078675 291.336575 67.675697 375.479693 191.908833 164.347193 156.579054 170.144057 347.362923 259.383885 327.391203 219.002283 159.803004 272.090059 227.184947 302.643354 200.124961 200.638979 207.617437 352.346420 129.247824 317.163995 
100.000000 9.000000 4.000000 a 289.705022 100.647901 301.086366 369.789129 114.284732 97.948966 409.099010 266.174755 239.470249 340.755044 105.361283 498.934865 329.001520 274.832676 272.029410 310.757140 455.385551 390.216607 466.759038 282.179021 222.157602 331.843337 231.969826 443.271926 322.280933 115.156415 347.254950 460.331402 54.644304 390.717289 
296.000000 5.000000 1.000000 a 256.826790 66.730802 273.016483 371.570989 138.636215 74.330344 382.001309 233.002146 208.002404 344.088651 71.805292 482.743203 298.283422 241.085047 256.898813 281.945030 444.302825 357.815595 442.512147 281.001779 219.237314 332.519172 243.074063 417.737956 305.643583 142.042247 322.739833 449.288326 31.000000 388.753135 
149.000000 4.000000 3.000000 a 178.134780 90.338253 169.239475 304.724466 177.132719 147.299016 276.030795 159.505486 120.420098 283.028267 69.856997 377.180328 203.039405 177.138364 155.425223 180.002778 346.151701 271.330057 333.803835 211.286535 151.119158 264.546782 215.613079 309.885463 200.863137 188.308258 214.114455 351.146693 125.876924 311.295679 
291.000000 9.000000 3.000000 a 107.200746 288.105883 79.309520 393.848956 413.772885 340.700748 75.239617 130.698125 134.733069 391.843081 273.247141 280.194575 43.965896 144.589073 211.435569 65.459911 311.565402 64.031242 155.193428 328.100594 302.378901 363.896963 398.302649 120.768373 196.209072 426.487983 101.237345 315.087289 344.744833 370.001351 
236.000000 7.000000 4.000000 a 271.060879 170.355511 234.093998 226.735529 109.772492 212.577045 325.719204 255.976561 212.049523 199.612124 154.719100 368.066570 279.958926 276.210065 146.741269 247.913291 315.158690 354.132743 365.000000 136.850283 76.609399 187.747170 113.652981 349.022922 198.080792 124.169239 253.639508 320.003125 174.450566 245.252931 
175.000000 8.000000 3.000000 a 158.344561 90.210864 225.621364 458.069864 287.800278 102.459748 327.844475 133.764719 142.947543 437.330539 98.898938 487.643312 221.652882 125.574679 290.661315 226.490618 476.155437 254.803846 403.608721 365.005479 305.591230 418.019138 364.453015 371.948921 324.464174 293.334280 293.846899 481.000000 133.962681 461.172419 
214.000000 3.000000 2.000000 a 404.783893 360.611980 329.004559 47.169906 247.163913 405.246838 372.162599 399.249296 352.455671 15.524175 343.118055 296.892236 382.827637 424.169777 188.438319 343.512736 214.114455 456.615812 369.855377 74.323617 128.658463 39.000000 111.287915 371.651719 207.171427 258.600077 303.488056 217.278623 366.612875 89.560036 
128.000000 3.000000 3.000000 a 14.422205 204.120063 83.150466 404.144776 357.037813 252.414342 162.188162 37.121422 59.506302 394.554179 192.260240 348.810837 53.075418 53.009433 212.906083 74.732858 361.332257 94.530418 241.456000 323.471792 282.001773 368.582420 371.344853 207.935086 220.422322 368.184736 149.896631 365.584464 262.047706 390.247357 
177.000000 6.000000 4.000000 a 375.800479 484.381048 284.597962 287.543040 499.713918 543.802354 214.553024 390.865706 364.539435 309.930637 463.915941 28.160256 312.187444 413.473095 251.962299 288.487435 113.265176 346.205141 143.223601 297.892598 329.218772 288.043400 402.125602 174.140748 201.375272 514.208129 214.366509 111.400180 525.978136 242.216845 
208.000000 4.000000 4.000000 a 204.286563 98.843310 190.128904 291.046388 151.396830 150.791246 294.635368 185.884373 146.239530 267.540651 80.305666 382.627756 226.808289 203.482186 156.984076 201.717624 345.768709 296.379824 348.648820 197.608198 135.830777 250.894400 192.566872 326.377083 205.526154 162.926364 229.682389 350.766304 122.286549 301.144484 
253.000000 6.000000 5.000000 a 295.149115 157.664200 272.038600 265.646381 63.788714 187.451327 369.488836 276.826661 236.799493 236.088966 147.176764 419.494934 313.703682 293.920057 197.342342 284.987719 365.600875 385.389413 413.037529 180.800996 124.523090 228.473193 129.096863 395.456698 248.871453 77.233412 299.041803 370.406533 145.003448 289.032870 
217.000000 5.000000 3.000000 a 177.552809 325.124592 98.737024 332.415403 411.175145 382.687862 27.018512 196.022958 180.693110 336.133902 306.960910 193.752419 111.364267 216.067119 171.592541 96.260064 228.954144 148.165448 80.919713 281.440935 271.326372 307.824625 367.164813 51.478151 138.220838 425.075287 49.497475 232.131428 377.160443 302.416931 
189.000000 7.000000 2.000000 a 232.862620 139.606590 202.032176 250.639183 134.212518 187.856328 299.202273 217.175045 173.833253 226.172501 122.004098 362.794708 245.312046 237.118114 136.191042 215.244048 318.226335 318.416394 344.911583 157.648343 95.341491 210.646624 151.637726 326.119610 187.416648 147.665162 229.368699 323.185705 154.304893 263.347679 
193.000000 8.000000 1.000000 a 388.181659 397.816541 298.484505 66.483081 330.770313 450.699456 310.203159 389.493261 345.765817 91.923882 377.921950 194.164878 349.757059 415.553847 170.047052 311.220179 108.461975 416.702532 288.922135 114.021928 172.261429 76.967526 205.528587 298.399062 159.702849 343.943309 252.685575 111.162044 418.150691 21.540659 
207.000000 9.000000 5.000000 a 160.330908 215.696546 80.721744 253.102746 275.089076 275.138147 158.533908 160.798010 118.105885 244.861185 195.289529 247.412611 134.316790 186.868938 61.846584 95.524866 231.276890 209.423017 203.501843 176.011363 146.167712 218.240693 242.332416 183.698122 79.699435 289.015571 87.022985 236.072023 259.370392 239.852038 
113.000000 9.000000 3.000000 a 219.276082 150.615404 180.886705 240.201998 157.384879 202.871881 275.588461 205.650188 160.514797 218.002294 131.400152 338.940998 226.294056 227.200352 112.058021 194.537914 296.723777 300.536188 320.089050 146.669697 86.052310 200.002500 157.546818 301.663720 162.984662 171.143215 205.087786 301.705154 172.513768 249.040157 
126.000000 3.000000 3.000000 a 201.613492 33.060551 218.563492 357.593344 171.172428 84.219950 328.056398 178.263849 152.003289 333.174129 21.260292 440.655194 242.348922 188.111669 219.009132 226.920691 409.542428 302.152279 391.051148 264.367169 202.230067 317.529526 248.090709 365.087661 264.594029 178.392825 271.471914 414.540710 64.007812 368.490163 
255.000000 9.000000 4.000000 a 106.976633 297.833846 104.009615 423.236341 434.087549 347.748472 96.337947 132.189258 146.003425 420.904977 284.450347 304.724466 57.489129 141.031911 239.793661 89.358827 339.524668 36.055513 173.623155 356.519284 329.006079 393.020356 424.444343 139.474012 225.694484 446.430286 130.678996 342.940228 355.354752 399.530975 
186.000000 3.000000 1.000000 a 260.491842 64.938432 284.200633 394.336151 156.371353 54.781384 393.782935 235.936432 215.027905 366.890992 76.236474 501.434941 306.008170 241.615397 276.479656 292.261869 464.905367 362.270617 456.601577 303.621475 241.754007 355.242171 265.271559 430.846841 324.459551 158.316139 336.922840 469.897861 10.816654 411.238374 
161.000000 7.000000 5.000000 a 329.101808 341.866933 241.018671 95.462034 295.133868 396.273895 263.774525 329.815100 285.847862 103.310212 321.645768 190.055255 293.231990 355.856713 110.040901 254.230211 118.105885 362.353419 255.000000 80.956779 126.732001 76.321688 184.610401 258.652276 104.316825 309.095455 200.551739 122.539789 365.815527 71.168813 
Type de surveillance de chaque endroit(target):tab[nombre de target]
a a a a a a a a a a a a a a a a a a a a a a a a a a a a a a 