Nombre des capteurs:
150
Nombre des targets:
30
Nombre de type de surveillance:
1

Caracteristiques:
174.000000 5.000000 2.000000 a 217.793480 206.118898 234.565556 383.063963 287.987847 278.539046 436.606230 265.875911 188.957667 186.796681 264.503308 168.404275 405.123438 492.686513 120.104121 366.193938 245.703073 427.731224 353.793725 92.135769 94.704805 406.695218 251.525347 348.919762 482.995859 199.251098 285.156098 265.858985 485.519310 210.772389 
227.000000 9.000000 5.000000 a 225.361931 277.721083 216.815590 425.737008 182.408881 103.004854 425.470328 46.043458 139.344896 128.003906 57.688820 195.494245 375.133310 302.208537 190.213038 70.455660 53.851648 438.401642 348.281495 284.395851 205.341180 327.653781 408.236451 303.151777 266.174755 112.200713 383.942704 34.481879 340.019117 240.010416 
229.000000 3.000000 1.000000 a 122.576507 176.918060 104.086502 277.028879 36.221541 61.000000 267.001873 186.753849 240.752985 138.397977 113.564959 143.600139 216.226733 186.453748 192.426609 165.858373 164.477962 282.334908 195.020512 247.644907 225.534920 167.868997 304.420761 145.835524 174.155103 210.770017 259.755654 165.420676 198.116128 139.262342 
246.000000 5.000000 2.000000 a 78.638413 96.938125 68.359345 158.417171 88.752465 165.559657 167.931534 281.232999 303.026401 188.215302 211.782908 139.089899 123.178732 233.893138 205.156038 286.244651 253.140277 174.470628 83.186537 207.761883 238.757199 113.635382 197.496835 56.293872 247.420694 278.626991 142.351677 261.673461 202.950733 82.540899 
296.000000 3.000000 1.000000 a 142.947543 128.316016 140.431478 77.833155 168.514094 246.138173 103.174609 360.624458 375.293219 262.131646 292.099298 202.780670 76.321688 270.296134 266.542680 365.483242 332.039154 100.169856 25.495098 242.216845 297.437388 114.634201 166.147525 69.028979 296.082759 352.988668 97.128780 341.439599 219.155196 138.293167 
125.000000 2.000000 3.000000 a 126.657017 77.077883 137.786066 127.192767 197.608198 260.345924 190.339171 351.877820 341.216940 239.885389 294.336542 168.344884 173.600115 351.829504 219.346757 386.835883 321.885073 175.390992 123.166554 165.096941 243.402958 207.270355 75.690158 151.238223 369.000000 325.399754 34.205263 336.072909 309.898370 112.058021 
220.000000 1.000000 2.000000 a 146.577624 184.715998 127.914034 216.898594 81.215762 147.732867 189.636494 273.585453 323.075842 213.564978 200.352190 193.775643 138.946033 141.834410 254.778335 240.983402 250.888421 209.830884 133.135270 284.682279 289.499568 82.365041 290.082747 79.699435 154.563903 294.027210 230.956706 252.253840 124.779806 158.448730 
129.000000 2.000000 2.000000 a 252.115053 303.527593 244.264201 454.103512 211.009478 131.605471 454.027532 45.541190 138.755180 149.187801 85.146932 219.125535 403.654555 324.154284 207.472890 75.166482 67.067131 467.001071 376.852756 303.389189 218.826415 355.647297 433.096987 331.730312 285.812876 115.693561 410.757836 47.381431 365.016438 266.377552 
219.000000 1.000000 1.000000 a 190.276115 185.148589 183.199345 82.006097 191.927069 271.265553 52.554733 392.898206 418.542710 303.726851 321.217995 251.453773 18.601075 241.074677 316.910082 381.146953 365.820994 65.946948 37.483330 300.273209 349.242036 80.399005 219.426525 71.217975 275.045451 394.020304 149.335193 372.601664 179.694185 189.066126 
101.000000 3.000000 4.000000 a 296.932652 347.254950 277.431073 386.544952 208.254652 205.779008 340.194062 289.318164 374.342090 299.826617 237.413142 320.669612 295.411577 90.426766 362.836051 191.637679 283.176623 367.163451 305.628860 425.339864 393.242927 227.705951 464.458825 253.870045 39.698866 343.712089 407.707003 271.621060 161.443489 312.742706 
298.000000 8.000000 1.000000 a 256.462473 231.244459 275.070900 390.483034 335.466839 336.162163 452.747170 331.670017 254.503438 247.386338 326.791983 216.778689 427.480994 539.522937 179.627392 430.080225 310.845621 439.523606 375.133310 118.600169 158.619040 438.727706 239.920820 379.191245 534.176001 265.318676 287.675164 331.049845 525.212338 246.008130 
196.000000 5.000000 2.000000 a 270.120344 243.129595 269.595994 55.973208 295.601083 374.412874 81.055537 490.462027 502.388296 390.663538 421.526986 327.617155 122.090131 345.897384 388.329757 490.045916 461.884185 50.803543 129.448832 345.305662 416.617330 189.736660 209.389589 180.000000 383.981770 481.302400 153.326449 471.202716 277.794888 262.880201 
233.000000 6.000000 5.000000 a 230.488611 234.029913 220.009091 126.194295 212.513529 289.276684 56.568542 414.484017 450.457545 335.743950 341.316569 291.171771 37.202150 209.344214 357.236616 387.413216 389.298086 87.022985 89.067390 349.768495 390.737764 65.192024 274.448538 97.252249 250.000000 424.021226 204.384442 393.489517 140.356688 232.215417 
131.000000 3.000000 2.000000 a 264.092787 264.609146 254.196774 134.525091 247.293348 323.692756 54.589376 449.089078 485.324634 370.567133 375.857686 325.006154 65.513357 226.947130 391.031968 419.539033 424.062495 85.234969 117.341382 380.118403 424.301779 97.416631 293.615395 131.855982 271.012915 458.940083 224.269927 428.049063 154.402073 265.088664 
130.000000 8.000000 2.000000 a 147.122398 169.144908 132.438665 162.864975 113.885908 190.601679 135.882302 315.691305 354.265437 240.407987 242.538657 204.247399 84.899941 173.922396 269.492115 293.695420 290.614865 154.806331 80.230917 280.232047 303.980263 43.566042 254.232177 29.427878 198.040400 327.001529 189.707670 294.703241 132.438665 153.844077 
119.000000 8.000000 1.000000 a 158.154987 102.000000 175.025712 188.883562 242.997942 292.035957 258.940148 362.691329 332.929422 248.213618 315.995253 176.615401 245.051015 416.058890 208.700743 416.760123 333.204142 240.875487 194.743421 128.280942 223.807953 277.366184 42.801869 219.718001 428.805317 323.208911 85.070559 350.091417 378.600053 141.173652 
165.000000 3.000000 5.000000 a 139.560023 158.600126 125.936492 152.856142 114.236597 192.418814 131.209756 316.589640 351.863610 237.427884 243.772435 197.941911 80.448741 186.550261 263.609560 299.107004 290.848758 148.070929 69.375788 270.795126 297.892598 50.695167 241.615397 17.029386 210.152326 325.161498 177.079078 295.787086 144.402216 145.230851 
233.000000 2.000000 3.000000 a 121.016528 163.248277 101.823376 220.193097 53.235327 124.310096 203.066492 250.145957 296.006757 185.558616 176.773867 165.846314 152.118375 164.623814 226.384628 226.982378 226.294056 220.047722 136.341483 258.816537 261.090023 103.740060 276.061587 84.202138 170.880075 267.316292 221.081433 228.949776 152.970585 134.014925 
268.000000 7.000000 4.000000 a 174.748391 143.589693 177.234308 44.283180 216.134218 291.446393 110.453610 400.281151 405.294954 295.655205 334.587806 229.871703 107.703296 320.382584 289.209267 413.624226 370.951479 92.048900 71.449283 247.099170 317.042584 161.300961 133.544000 121.498971 348.005747 385.541178 65.000000 382.049735 265.126385 165.710591 
272.000000 8.000000 3.000000 a 270.416346 321.885073 251.085643 372.135728 181.554400 176.071008 330.938061 261.604664 345.415692 270.118493 208.079312 292.063349 284.154887 99.724621 333.313666 168.074388 254.466108 356.501052 289.711926 397.061708 363.587679 217.002304 441.726160 236.934590 52.345009 314.696679 387.005168 243.462523 164.012195 286.503054 
248.000000 1.000000 4.000000 a 358.453623 400.362336 338.904116 388.320744 275.829658 296.865289 324.499615 393.782935 474.573493 388.854729 336.090762 395.278383 290.688837 73.925638 446.508679 299.821614 384.766163 355.202759 318.347295 494.928278 479.232720 228.354987 500.129983 275.118156 85.088190 443.605681 435.487084 375.054663 128.000000 372.021505 
129.000000 1.000000 4.000000 a 227.378539 176.232801 238.025209 122.918672 294.363721 360.451106 203.342076 451.642558 434.828702 338.585292 395.050630 266.189782 212.047165 424.326525 310.757140 486.769966 421.645586 176.105082 176.082367 238.365266 330.151480 266.627080 70.611614 222.193609 449.141403 421.456997 70.519501 436.286603 370.696641 212.659352 
156.000000 1.000000 3.000000 a 165.075740 184.252544 150.880748 158.069605 132.185476 208.000000 122.576507 333.457643 373.150104 259.378102 260.188393 222.800359 72.201108 170.000000 288.196114 307.938306 308.716699 144.062486 79.158070 296.730517 322.628269 25.000000 262.070601 37.643060 198.567369 345.781723 195.576072 312.385979 121.593585 171.093542 
240.000000 1.000000 3.000000 a 246.333108 218.680132 265.241399 375.158633 327.140643 331.387990 438.206572 333.016516 258.984556 244.460631 324.524267 209.480309 413.769259 530.518614 176.773867 428.802985 311.126984 424.537395 361.386220 108.245092 158.533908 426.550114 223.725278 366.836476 526.498813 268.016791 272.132321 331.350268 514.436585 235.212670 
235.000000 4.000000 1.000000 a 138.708327 161.012422 148.030402 346.698716 181.077332 155.878158 380.001316 153.062079 108.189648 62.425956 140.014285 77.524190 338.651739 380.875308 16.278821 243.507700 128.000000 379.863133 293.025596 111.628849 31.827661 322.020186 266.917590 271.118055 365.547535 99.764723 269.057615 148.030402 384.766163 141.439033 
206.000000 6.000000 2.000000 a 271.280298 318.549839 251.563113 345.567649 184.439692 197.800404 297.523108 296.622656 375.542275 290.413498 237.008439 301.783035 253.298243 54.083269 349.722747 210.401996 286.225436 324.778386 265.753645 404.309288 381.811472 185.585560 430.722649 215.002326 15.620499 344.548981 371.614047 277.333734 120.283000 286.251638 
266.000000 9.000000 3.000000 a 116.043095 90.757920 135.369864 267.675176 200.561711 220.435932 320.039060 262.545234 221.812984 151.753089 229.106962 91.782351 289.698119 401.322813 99.362971 335.001493 234.542107 311.271586 237.928561 25.000000 111.072049 296.730517 155.566706 237.472104 400.495943 214.953483 173.487752 253.268632 383.407094 104.235311 
213.000000 2.000000 4.000000 a 212.407627 165.487160 220.907220 91.285267 272.825952 342.235299 171.592541 439.423486 429.236532 328.146309 379.695931 256.797586 179.922205 394.143375 306.493067 467.821547 409.469169 145.041373 145.344419 242.243679 328.694387 235.512208 85.988371 193.126901 420.304651 413.823634 54.451814 423.095734 339.281594 198.977386 
268.000000 8.000000 5.000000 a 166.337007 165.048478 181.617730 349.885696 231.224999 220.494898 396.152748 218.009174 153.574086 129.711218 208.806130 112.507778 360.817128 435.570890 62.265560 312.416389 195.028203 390.512484 310.927644 68.007353 43.046487 356.400056 238.799079 300.261553 424.971764 156.348969 258.681271 215.232433 430.967516 161.830158 
163.000000 1.000000 5.000000 a 315.626361 281.824413 317.416131 103.247276 349.126052 427.151027 137.116739 540.081475 545.770098 436.551257 472.762097 370.256668 180.013888 402.822542 427.790837 545.046787 511.002935 108.240473 184.401735 374.541052 453.842484 247.622697 221.144749 236.315467 441.616349 526.396239 179.477018 521.395244 333.654012 306.471858 
180.000000 5.000000 1.000000 a 151.647618 204.841402 132.672529 290.015517 63.150614 77.466122 271.621060 198.012626 260.863949 164.347193 127.015747 174.025860 220.658107 159.665275 221.269067 158.041134 179.044687 289.836161 206.390407 278.172608 253.822773 165.360213 330.000000 154.402073 144.256716 230.243350 281.945030 176.725776 179.226114 168.077363 
262.000000 6.000000 3.000000 a 85.475143 141.014184 68.007353 260.311352 20.024984 63.655322 261.375209 183.809684 223.080703 112.787411 111.830228 106.301458 212.002358 219.617850 159.326708 186.531499 157.664200 272.723303 182.258059 209.458827 193.383040 174.106289 270.896659 139.086304 211.151604 194.743421 230.932891 163.294213 222.308344 102.396289 
110.000000 4.000000 3.000000 a 225.534920 177.552809 234.446156 100.209780 286.986062 356.022471 180.601772 452.134936 440.255608 340.383607 393.021628 268.700577 191.637679 407.592934 317.025236 481.740594 422.158738 152.898659 158.675770 249.945994 338.374053 248.501509 88.005682 207.038644 434.194657 425.399812 67.007462 436.010321 351.967328 211.813597 
167.000000 9.000000 3.000000 a 196.900990 251.047804 178.373204 332.280002 109.457754 96.540147 307.175845 196.860357 272.787463 190.433716 134.260940 212.941306 256.750852 146.328398 253.055330 130.146072 184.200977 327.832274 248.213618 318.416394 283.557754 195.931110 377.005305 195.133288 117.239072 241.778825 328.673090 176.739922 184.945938 213.590730 
163.000000 3.000000 3.000000 a 147.461859 182.258059 151.380316 361.796904 167.194498 125.207827 386.626435 110.819673 85.088190 34.928498 100.344407 91.263355 342.040933 357.777864 55.731499 201.526673 85.023526 389.955126 300.281535 152.610616 70.228199 317.001577 299.015050 271.267396 337.857958 66.528190 293.081900 105.004762 369.242468 154.828938 
256.000000 9.000000 4.000000 a 231.294185 267.854438 232.937760 446.131147 234.337364 170.425937 466.759038 74.518454 20.591260 111.085553 123.081274 176.819117 420.323685 402.329467 131.825642 189.095214 73.790243 472.077324 381.451176 224.948883 125.936492 388.363232 381.934549 348.048847 373.250586 20.248457 378.609297 87.005747 426.487983 239.774894 
111.000000 2.000000 4.000000 a 178.036513 208.614477 183.199345 391.214775 199.969998 153.561063 418.399331 110.765518 57.008771 67.601775 120.966938 119.436175 374.339418 387.908494 68.410526 214.282524 91.416629 420.933486 331.808680 162.049375 65.620119 350.005714 318.904374 303.907881 366.019125 48.703183 318.422675 111.319360 401.400050 184.092368 
232.000000 5.000000 4.000000 a 222.703839 265.186727 203.199409 282.285317 142.126704 179.234483 236.698120 295.108455 362.626530 264.503308 226.991189 261.841555 191.002618 62.936476 316.764897 229.923900 278.842249 262.992395 202.417885 359.610901 350.556700 123.369364 371.171120 152.118375 75.059976 331.903600 310.220889 274.262648 83.198558 236.224470 
149.000000 2.000000 1.000000 a 195.450761 151.208465 215.113923 282.334908 283.894347 311.045013 350.077134 349.292141 296.529931 241.598841 320.001562 182.584227 331.339705 477.335312 182.887944 426.057508 322.386414 333.624040 279.415461 85.906926 183.068293 354.276728 126.253713 294.496180 481.823619 295.438657 178.507703 341.678211 450.095545 180.294204 
163.000000 9.000000 1.000000 a 329.705930 365.673352 310.845621 333.241654 254.607541 291.568174 266.016917 401.360187 474.321621 378.482496 336.882769 373.636187 235.594991 58.309519 430.294085 319.978124 387.981958 297.136332 268.197688 467.787345 464.281165 177.451402 455.281232 229.941297 101.867561 443.401624 388.404428 381.241393 73.082146 341.533307 
156.000000 5.000000 4.000000 a 174.897113 122.588743 186.681547 125.239770 246.333108 309.226454 200.643963 397.915820 381.473459 284.706867 342.235299 212.285186 196.025509 392.164506 257.689736 435.744191 367.925264 179.011173 151.092687 189.842040 278.255278 240.607564 42.801869 189.113722 412.477878 367.695526 29.068884 382.753184 344.955070 159.705980 
189.000000 7.000000 3.000000 a 73.061618 84.646323 66.098411 153.055545 97.493590 172.104619 169.319225 284.608503 302.001656 187.747170 216.540989 134.238594 127.062977 247.757946 200.062490 294.635368 256.019531 173.326282 82.861330 197.223224 233.077240 124.036285 183.806964 65.000000 261.275716 278.548021 129.869165 265.497646 215.807785 74.330344 
195.000000 3.000000 2.000000 a 54.671748 101.921538 35.355339 211.482860 42.426407 113.229855 219.312562 227.721321 253.775491 138.917242 158.256122 102.883429 172.122050 230.722777 166.865215 236.712906 199.822421 227.607118 136.341483 192.353841 201.558924 146.874096 226.079632 100.019998 233.019313 228.035085 181.892826 208.086520 216.780995 68.600292 
100.000000 2.000000 5.000000 a 176.005682 214.590307 177.395039 390.847796 182.024724 125.936492 411.418279 79.056942 61.131007 55.542776 87.965902 123.239604 365.301246 360.998615 88.887569 179.426865 57.008771 416.540514 325.960120 185.852092 96.254870 335.256618 333.282163 293.293368 336.554602 35.341194 325.640907 77.129761 379.147728 185.000000 
236.000000 6.000000 2.000000 a 208.338667 222.427516 194.987179 155.630974 176.119278 250.137962 98.792712 376.017287 417.918652 304.322198 302.643354 266.992509 58.034473 169.070991 332.628922 343.512736 351.967328 126.605687 93.493315 336.859021 366.938687 22.135944 284.861370 74.846510 206.891276 390.346000 215.603803 354.809808 105.546198 213.138453 
242.000000 3.000000 2.000000 a 158.142341 214.219514 144.899965 343.559311 97.580736 22.561028 338.998525 116.726175 184.715998 107.647573 46.872167 149.482440 288.444102 232.561820 174.269906 104.177733 98.615415 353.000000 263.865496 252.970354 201.603571 240.553528 346.597750 217.002304 205.766858 153.707514 312.424391 95.425364 260.007692 174.642492 
113.000000 8.000000 2.000000 a 170.660482 114.280357 187.066833 185.162091 254.385534 305.124565 257.623757 377.010610 347.220391 262.514761 329.843902 190.790461 246.564393 423.727507 223.042597 430.173221 347.495324 238.102919 197.314470 141.449638 237.794029 282.028367 29.529646 225.361931 437.824166 337.615166 82.298238 364.313052 384.252521 153.733536 
156.000000 4.000000 1.000000 a 258.549802 224.697575 260.823695 50.119856 295.487732 372.625818 110.113578 483.756137 488.463919 379.427200 417.214573 312.950475 141.509717 368.143994 370.703385 492.446951 454.532727 78.587531 134.164079 319.939057 397.120888 208.319466 174.748391 187.459329 403.124050 469.157756 125.027997 465.305276 303.105592 249.208748 
139.000000 2.000000 1.000000 a 245.686792 296.561967 226.241022 347.404663 156.923548 158.050625 308.384500 252.970354 332.945942 251.747890 194.550765 269.584866 260.800690 94.530418 313.344858 168.315181 243.100802 333.241654 264.609146 374.038768 344.448835 194.177754 415.779990 211.624668 56.648036 302.001656 361.001385 233.805475 150.455974 261.604664 
189.000000 5.000000 5.000000 a 107.563934 83.240615 126.905477 262.194584 192.283645 213.410403 313.312943 258.677405 220.864212 146.891116 223.378602 84.852814 282.334908 392.861299 97.349884 329.037992 230.360587 305.080317 230.707607 32.695565 111.664677 288.591407 154.987096 229.427548 392.184905 212.849712 169.499263 248.847343 374.973332 95.775780 
161.000000 2.000000 2.000000 a 124.579292 97.862148 143.934013 272.264577 209.153054 228.319951 326.013803 267.858171 224.474943 158.028478 236.008474 99.689518 296.447297 409.890229 103.368274 342.052628 240.149953 316.632279 244.524027 19.000000 112.538882 304.507800 155.206314 245.122418 409.092899 218.716712 176.589920 259.069489 391.695034 112.609946 
201.000000 6.000000 3.000000 a 309.454359 352.881000 289.822359 355.069007 225.816297 247.095123 297.511344 347.554312 426.174847 338.651739 287.642139 345.079701 258.698666 32.062439 396.061864 259.001930 337.108291 327.001529 280.503119 445.314496 428.813479 193.000000 456.973741 233.976495 39.051248 395.167053 394.129420 328.294075 103.619496 323.396042 
244.000000 4.000000 5.000000 a 302.248242 345.689167 282.618117 349.173309 218.689277 240.707291 292.432898 342.242604 420.234458 332.025601 281.726818 338.000000 253.047426 26.683328 389.185046 255.049015 331.412130 321.735917 274.142299 438.142671 422.001185 187.042776 450.041109 227.299362 35.227830 389.221017 387.362879 322.851359 99.744674 316.185072 
273.000000 6.000000 1.000000 a 198.567369 155.080624 218.256730 287.424773 286.848392 312.872178 355.077456 349.292141 295.296461 242.297338 321.024921 184.295958 336.154726 480.983368 182.784026 427.168585 322.591072 338.687171 284.191837 85.988371 182.000000 358.700432 131.186890 298.881247 485.077313 294.730385 183.600109 341.973683 454.229017 183.575598 
258.000000 8.000000 3.000000 a 313.320922 364.166171 293.899643 404.398318 224.510579 218.082553 357.330379 295.665351 382.660424 312.014423 247.002024 335.451934 312.923313 103.247276 375.932175 193.829822 291.207830 384.533484 323.607787 440.478149 405.764710 245.203997 482.108909 271.891522 53.823787 352.274041 425.621898 278.705938 175.855054 329.273443 
230.000000 3.000000 2.000000 a 160.561515 210.430511 154.896740 368.895649 136.970800 67.364679 377.921950 68.410526 116.760439 59.000000 25.612497 125.865007 329.188396 300.416378 124.535136 128.265350 40.249224 387.262185 296.006757 216.002315 145.096520 290.594219 339.577679 256.181576 274.155066 85.866175 318.804015 50.328918 323.488794 174.025860 
197.000000 2.000000 5.000000 a 273.936124 328.660919 255.765518 403.148856 187.323250 158.823802 369.524018 222.353322 311.313347 250.199920 178.899413 284.529436 320.755358 152.161099 316.622804 119.854078 219.829479 393.081417 319.288271 390.151253 344.093011 255.440795 455.001099 265.800677 104.345580 281.400071 405.848494 206.169833 214.140141 290.764510 
174.000000 5.000000 4.000000 a 134.182711 190.515091 118.228592 307.683279 61.611687 28.160256 301.081384 152.397507 211.419015 117.413798 79.630396 139.846344 250.459578 208.146583 178.392825 136.003676 131.244047 315.526544 226.991189 245.544293 209.423017 202.780670 321.602239 179.287479 188.217959 180.853532 282.455306 131.026715 227.969296 151.162165 
211.000000 2.000000 3.000000 a 67.230945 117.153745 47.507894 223.517337 26.476405 100.448992 226.753170 218.549765 250.185931 136.180028 147.634684 108.784190 178.272264 219.367272 170.461139 222.279104 191.415778 236.862830 146.013698 203.147729 205.243758 147.000000 242.101219 105.342299 219.419689 223.376364 197.524682 198.436388 209.773688 82.346828 
216.000000 6.000000 2.000000 a 201.836568 150.801194 212.614675 116.661905 269.712810 335.094017 195.900485 426.213561 410.542324 313.312943 369.499662 241.014522 198.768710 405.230798 286.735069 461.469392 396.214588 171.026314 158.826950 217.313138 307.039085 249.561616 56.435804 202.230067 428.370167 396.692576 45.891176 410.785832 354.052256 187.106921 
275.000000 5.000000 4.000000 a 204.120063 148.000000 221.020361 206.787330 288.839056 337.622570 282.718942 404.312998 368.600054 290.244724 360.212437 219.783985 275.786149 458.153904 245.747838 461.888515 375.154635 260.862032 228.037278 156.984076 256.737220 314.515500 39.446166 258.750845 472.688058 361.247837 108.374351 392.581202 417.432629 187.130970 
172.000000 1.000000 5.000000 a 183.371208 237.507895 173.216627 379.717000 135.801325 56.400355 378.893125 76.006579 153.075145 102.391406 21.840330 161.124176 328.609190 268.486499 169.640797 85.023526 62.393910 391.807351 301.783035 258.027130 191.509791 282.081548 369.380563 256.550190 237.360485 122.449990 341.222801 55.081757 300.166620 198.806439 
201.000000 2.000000 5.000000 a 117.290238 99.639350 135.948520 280.608268 198.403629 212.511176 330.650873 248.646335 205.800875 139.434572 218.057332 84.504438 298.613463 401.154584 84.095184 324.260698 221.054292 323.006192 247.315588 21.633308 94.794515 302.337560 171.825493 243.704739 398.268753 199.529446 188.162164 240.066657 386.214966 107.377838 
296.000000 5.000000 1.000000 a 254.017716 293.462093 234.797785 290.387672 176.465294 215.148786 236.122849 329.607342 398.489649 300.443006 262.383307 295.832723 194.879450 34.481879 351.931812 259.030886 314.097119 264.660159 215.027905 391.739710 385.893768 128.249756 392.840935 168.807583 70.213959 367.722722 329.164093 308.933650 56.302753 266.717079 
181.000000 8.000000 3.000000 a 159.028299 210.297408 152.161099 365.034245 130.034611 58.034473 372.103480 73.061618 126.826653 64.629715 16.552945 128.062485 323.024767 290.303290 131.472431 121.926207 46.840154 382.133485 290.987972 221.226129 153.404694 283.049466 340.477606 250.049995 263.865496 95.880134 317.619269 53.413481 314.078016 173.104015 
260.000000 5.000000 1.000000 a 263.108343 318.573382 250.697028 446.248810 200.551739 128.156155 434.084093 109.224539 203.973037 184.783657 105.004762 245.177487 383.093983 269.673877 250.545405 7.071068 119.406867 451.142993 364.551780 341.474743 268.680107 327.470609 450.960087 314.726866 227.000000 177.789201 418.437570 100.344407 319.156701 279.250783 
263.000000 4.000000 3.000000 a 261.633331 231.043286 280.793518 380.930440 343.902602 350.271323 446.216315 353.111880 278.619813 264.054919 344.244099 227.178344 423.670863 546.547345 196.451012 448.700345 331.209903 431.337455 371.295031 124.084649 178.619708 439.045556 225.008889 379.147728 543.600037 288.001736 277.308492 351.432782 528.674758 249.833945 
115.000000 1.000000 4.000000 a 303.046201 272.249885 303.713681 88.481637 332.367267 410.902665 115.316955 525.632001 534.462347 423.945751 457.398076 359.116973 159.154013 381.068235 418.186561 527.386955 496.806803 86.977008 166.604322 369.242468 445.270704 226.592145 222.036033 217.623528 420.202332 514.248967 174.393234 506.628069 311.708197 294.771098 
154.000000 6.000000 2.000000 a 108.406642 140.246212 91.787799 183.847763 71.589105 150.233152 172.513768 273.941600 310.214442 196.308431 201.246118 162.560758 122.298814 187.472665 227.035240 260.768096 248.128999 186.868938 100.439036 245.203997 261.696389 87.091905 243.829859 50.447993 200.820816 283.098923 186.096749 253.189652 161.483745 117.800679 
108.000000 6.000000 2.000000 a 23.259407 67.468511 13.038405 202.200396 74.431176 133.330417 222.912539 235.934313 248.567898 134.736780 171.478862 82.152298 179.805450 264.433356 148.216059 259.617026 206.651881 226.373585 136.400147 160.561515 181.994505 167.044904 195.028203 112.641023 267.884303 225.610283 157.012738 217.807254 246.223476 34.205263 
192.000000 2.000000 2.000000 a 187.002674 220.292987 190.800943 401.180757 202.417885 150.479234 425.987089 96.509067 45.617979 71.253070 113.569362 130.000000 381.068235 385.538584 82.927679 202.647477 79.158070 429.504366 339.744021 177.395039 81.049368 354.238620 332.897882 309.898370 361.813488 33.241540 330.650873 98.615415 401.876847 194.095337 
226.000000 1.000000 4.000000 a 157.543645 128.549601 159.665275 58.821765 198.768710 273.821109 115.156415 382.685249 388.645082 278.490574 316.897460 213.377600 104.235311 309.234539 273.541587 396.227208 353.389304 100.975244 61.351447 235.076583 301.981788 152.108514 133.734812 108.004630 335.149220 368.555288 63.655322 364.407739 256.563832 148.946299 
111.000000 2.000000 4.000000 a 153.000000 191.175312 155.080624 367.838280 164.438438 116.107709 389.740940 96.317184 81.252692 33.734256 87.091905 99.824847 344.188902 350.332699 70.455660 186.903719 70.064256 394.239775 303.922688 167.092789 84.770278 316.309975 310.663805 272.624284 328.721767 58.309519 302.233354 90.000000 364.573724 161.697248 
185.000000 4.000000 1.000000 a 214.133136 233.418080 223.056047 420.329633 249.815932 208.722304 455.378963 154.870914 69.007246 119.037809 176.105082 152.947703 414.016908 442.295150 88.294960 264.969810 141.509717 454.819745 368.408740 158.417171 61.400326 395.641252 327.035166 346.000000 421.371570 84.758480 338.107971 160.262285 452.965782 216.540989 
154.000000 4.000000 2.000000 a 184.024455 134.617978 194.092761 106.174385 250.139961 316.393742 183.357574 409.674261 396.993703 297.469326 351.745647 225.594769 182.526710 385.933932 273.879536 442.634160 379.680129 160.377679 140.630722 209.346603 295.702553 231.192560 61.269895 182.784026 408.597602 382.154419 26.248809 393.855303 335.737993 169.752761 
135.000000 5.000000 5.000000 a 256.534598 304.921301 251.031870 464.389922 226.019911 147.648231 469.473109 29.966648 111.485425 144.474911 96.384646 216.813284 419.715380 352.958921 195.563289 107.377838 59.682493 480.651641 389.720413 292.542305 202.200396 375.133310 431.542582 347.051869 316.001582 92.395887 414.335613 46.010868 390.851634 269.557044 
199.000000 1.000000 4.000000 a 279.034048 330.727985 270.800665 479.420484 235.076583 155.878158 477.205407 68.117545 155.862119 176.241312 111.606451 246.418343 426.597000 335.335653 233.343095 75.709973 93.059121 491.011202 401.322813 329.661948 243.131652 376.649705 460.405256 355.202759 294.382404 136.062486 437.671109 73.979727 380.295937 293.436535 
154.000000 5.000000 1.000000 a 276.956675 325.038459 271.543735 484.876273 245.963412 167.263266 489.477272 49.648766 119.816526 163.975608 116.503219 236.501586 439.604368 367.196133 212.776878 114.389685 79.630396 500.896197 410.025609 309.777339 217.329243 394.241043 451.116393 367.034058 328.694387 105.004762 434.632028 66.528190 407.332788 289.882735 
258.000000 7.000000 4.000000 a 282.251661 331.235566 262.611881 365.198576 194.177754 199.278699 318.284464 290.946731 372.989276 292.965868 234.882950 309.231305 273.651238 71.693793 354.278139 199.062804 282.577423 345.325933 284.692817 413.019370 385.560631 205.934456 446.229761 233.308808 21.840330 342.118401 388.404428 272.369235 140.716026 297.699513 
144.000000 9.000000 2.000000 a 300.532860 354.153921 290.373897 493.315315 247.145706 170.205758 485.136063 103.942292 193.424404 205.827598 133.701159 273.484917 434.190051 322.741383 266.152212 60.728906 126.015872 501.022954 412.989104 361.509336 278.037767 380.248603 485.420436 364.522976 278.648524 173.080906 458.449561 106.004717 373.503681 315.786320 
154.000000 6.000000 2.000000 a 231.501620 286.048947 220.531177 422.867592 176.827600 99.624294 416.617330 78.006410 171.119841 147.275253 68.359345 209.458827 365.800492 276.088754 212.734576 40.853396 83.216585 431.602827 342.965013 304.164429 230.932891 314.311947 418.057412 295.255821 237.894935 143.401534 388.711976 65.299311 318.147764 247.163913 
126.000000 3.000000 5.000000 a 296.325834 312.950475 281.602557 221.054292 251.336428 316.829607 144.249783 441.426098 494.036436 383.337971 369.005420 353.192582 131.209756 155.862119 417.940187 389.323773 420.415271 175.684376 178.910592 427.094837 452.588113 106.404887 368.892938 165.027270 205.299781 465.026881 298.839422 420.059520 83.450584 302.317714 
141.000000 2.000000 2.000000 a 185.994624 241.373155 174.048844 375.289222 129.402473 52.153619 370.482118 93.434469 172.791782 116.709040 38.600518 170.011764 319.832769 249.903982 184.458667 76.485293 81.939002 384.751868 295.692408 269.979629 208.002404 270.601183 373.760619 248.646335 217.947241 142.172431 342.125708 73.164199 283.705834 202.071769 
297.000000 3.000000 4.000000 a 208.254652 154.922561 220.438200 136.359818 280.251673 342.940228 215.696546 429.616108 409.552194 315.849648 375.214605 243.211842 218.048160 422.018957 285.217461 469.469914 399.662357 190.688227 177.002825 210.705956 303.600066 267.591106 42.579338 218.789854 443.938059 397.080596 59.211485 414.889142 372.135728 192.782261 
283.000000 3.000000 3.000000 a 79.158070 119.854078 82.975900 293.942171 111.359777 102.528045 318.209051 156.160174 153.574086 43.139309 110.027269 31.622777 274.235300 313.643109 65.000000 215.113923 126.245792 321.337828 231.728289 130.969462 99.282425 253.047426 245.977641 204.413796 301.935424 132.230859 230.586209 142.214627 314.771346 88.005682 
235.000000 9.000000 4.000000 a 174.255559 204.474937 179.644093 387.253147 197.448728 152.463110 414.791514 113.441615 61.220911 65.115282 121.165177 115.451288 370.885427 386.467334 64.202804 215.761442 93.300589 417.167832 328.153927 158.094908 62.289646 347.036021 314.671257 300.602728 365.075335 52.554733 314.230807 113.322549 399.249296 180.155488 
297.000000 6.000000 4.000000 a 114.690889 154.184954 96.046864 208.254652 56.435804 131.590273 193.217494 256.908544 299.327580 187.384631 183.657290 162.788206 142.411376 172.534055 224.875521 237.693079 232.280003 209.308385 124.555209 252.794383 259.655541 97.862148 264.682829 73.000000 181.198786 271.154937 209.021530 235.849528 155.913438 126.732001 
280.000000 3.000000 4.000000 a 176.366097 200.249844 160.704698 178.058979 132.544332 204.687567 136.740630 330.643312 375.481025 263.093139 257.280003 231.890060 88.102213 148.637142 296.384885 298.001678 307.084679 160.552172 100.404183 310.792535 331.061928 24.413111 282.729553 57.306195 178.016853 347.298143 216.667949 309.380025 101.833197 183.961953 
288.000000 3.000000 2.000000 a 144.100659 90.553851 157.003185 138.293167 219.317122 279.229296 207.060378 365.624124 349.161854 252.241947 310.813449 179.769297 194.262709 376.176820 225.601418 405.730206 335.644157 189.433366 145.041373 161.554944 246.969634 230.755282 51.419841 175.316856 393.204781 335.171598 35.057096 350.656527 333.781366 128.444541 
259.000000 7.000000 5.000000 a 211.021326 184.718705 229.897803 346.978385 291.926361 298.107363 407.461655 307.001629 238.899560 213.215853 293.710742 174.734084 381.320076 495.176736 146.112970 398.900990 283.637092 395.072145 329.013678 72.917762 132.034087 392.230799 202.615399 332.669506 491.427512 244.607849 245.165250 303.797630 479.317223 200.062490 
257.000000 4.000000 2.000000 a 215.232433 257.262512 195.780489 274.774453 135.602360 175.524927 230.325856 293.000000 358.923390 259.464834 224.082574 255.196003 184.114095 70.178344 310.792535 230.826775 276.045286 256.259634 194.579033 352.369125 344.723077 116.619038 362.926990 144.055545 83.150466 328.298645 302.001656 272.029410 83.725743 228.600087 
236.000000 3.000000 3.000000 a 301.683609 353.827642 292.957335 500.036999 254.750859 176.082367 495.600646 91.021975 175.191324 200.000000 133.988806 270.024073 444.814568 343.110769 256.877403 80.305666 116.726175 510.236220 421.099751 353.307232 266.007519 393.092864 483.820215 374.040105 300.106648 157.334040 460.257537 97.744565 391.520114 316.291005 
219.000000 1.000000 4.000000 a 283.825651 334.885055 264.427684 380.553544 194.997436 190.213038 337.001484 273.906918 358.600056 284.256926 221.605505 306.138857 291.084180 96.254870 347.522661 177.721693 267.478971 363.225825 298.739017 411.057174 377.764477 223.579963 453.722382 246.357464 46.238512 327.951216 398.151981 256.070303 164.201096 299.816611 
270.000000 5.000000 5.000000 a 246.343256 287.795066 226.909674 294.531832 166.330995 201.526673 243.515913 314.841230 384.692085 288.055550 248.114893 286.036711 200.449495 39.051248 340.872410 243.756026 299.708191 271.287670 217.082933 383.512712 374.603791 133.003759 390.919429 168.860889 62.096699 353.861555 328.543757 294.241397 70.710678 259.615100 
140.000000 6.000000 5.000000 a 203.482186 257.386868 193.458006 399.545992 154.932243 75.742986 397.454400 66.940272 153.003268 117.515956 38.327536 179.524372 346.989913 276.486889 183.564702 69.231496 61.717096 410.907532 321.168180 274.262648 203.081265 298.931430 389.075828 275.274409 242.441746 123.434193 361.437408 48.332184 312.169826 218.819560 
258.000000 4.000000 1.000000 a 229.538668 221.325552 245.578908 400.319872 296.082759 281.584801 452.447787 260.099981 179.011173 188.438319 264.007576 177.341479 419.886890 500.273925 123.794184 363.593179 241.611258 444.288195 368.911914 109.073370 94.578010 419.243366 270.601183 362.111861 488.758632 191.908833 303.209499 261.589373 495.654113 223.573254 
259.000000 7.000000 2.000000 a 138.090550 194.010309 121.103262 303.402373 59.093147 40.607881 293.819673 163.416645 223.986607 129.529919 91.197588 148.475587 243.002058 195.563289 189.525724 139.402296 143.055933 309.239389 221.731820 254.094471 220.984162 193.328736 324.006173 172.742583 176.323566 193.380454 282.469467 142.042247 215.671046 155.080624 
141.000000 1.000000 5.000000 a 307.375991 337.415175 289.560011 287.221169 241.232253 290.506454 217.451144 408.122531 473.688716 370.994609 339.511414 356.665109 190.244579 81.301906 417.033572 338.195210 391.479246 248.805145 227.191549 444.802203 451.629273 137.713471 417.278085 194.620143 132.018938 443.221164 348.941256 387.253147 38.275318 317.416131 
197.000000 8.000000 4.000000 a 86.833173 104.235311 76.164296 154.466825 91.831367 169.711520 160.975153 286.844906 310.227336 195.327929 216.813284 147.166572 115.572488 228.600087 213.234613 289.032870 258.990347 168.439900 77.175126 215.724361 246.894714 105.550936 201.099478 48.052055 243.526179 285.553848 144.013888 267.097361 195.971937 90.757920 
152.000000 6.000000 5.000000 a 267.013108 274.344674 255.039213 162.825059 239.083667 312.541197 85.070559 438.492873 480.713012 366.852832 365.124636 326.879183 79.404030 196.473917 392.842208 401.327796 414.738472 116.481758 131.026715 390.016666 426.821977 84.929382 316.077522 132.230859 242.002066 453.260411 246.089415 417.234946 123.130013 270.083320 
106.000000 6.000000 1.000000 a 260.969347 231.624696 280.014285 383.803335 342.511314 347.495324 448.414986 348.472381 273.239821 260.599309 340.630298 225.222113 425.229350 545.564845 192.898937 444.815692 326.847059 433.913586 372.839107 123.069086 174.264167 439.638488 229.019650 379.802580 542.033209 283.015901 280.315893 347.070598 528.545173 249.479458 
146.000000 2.000000 4.000000 a 287.673426 299.020066 274.410277 193.297698 251.644591 321.636441 114.947814 447.320914 494.632187 382.001309 374.219187 346.413048 108.300508 181.157390 412.001214 402.517080 424.852916 146.109548 158.808060 414.310270 446.346278 99.322706 345.862690 153.443801 229.200785 466.391466 275.804278 425.958918 107.335921 292.042805 
100.000000 9.000000 1.000000 a 199.401605 241.896672 198.252364 413.319489 192.213423 125.574679 428.956874 47.169906 60.827625 79.246451 78.108898 150.986754 381.413162 357.280002 121.564798 154.547727 31.827661 436.056189 344.895636 218.563492 128.000000 346.413048 363.606931 308.638948 328.791727 30.232433 352.852660 49.739320 381.701454 209.990476 
104.000000 7.000000 5.000000 a 108.078675 159.662143 88.600226 251.445819 20.000000 82.079230 242.260191 207.761883 255.158774 147.220922 134.406101 139.387948 191.650724 185.270073 194.494216 191.470624 183.861361 257.031127 169.425500 240.000000 228.652575 146.164291 284.000000 120.615090 180.005555 226.008849 236.712906 186.601179 187.259179 123.975804 
298.000000 6.000000 5.000000 a 169.805771 208.798946 171.093542 384.637492 176.002841 121.078487 405.093816 81.498466 67.268120 49.244289 84.864598 117.456375 358.988858 356.168499 85.375641 178.846303 57.706152 410.231642 319.640423 182.386951 94.894678 329.109404 328.184399 287.000000 332.290536 41.629317 319.865597 77.929455 373.616113 178.921771 
172.000000 6.000000 1.000000 a 298.605090 344.383507 278.887074 359.339672 212.800376 228.019736 305.918290 325.135356 405.228331 320.627510 266.737699 330.945615 264.518430 43.600459 379.684079 235.034040 315.545559 334.516068 282.044323 432.800185 411.895618 197.463921 453.100430 233.238076 15.811388 374.256596 392.118605 306.150290 117.345643 313.193231 
104.000000 7.000000 2.000000 a 133.154046 116.107709 131.882523 83.868945 164.502280 241.014522 115.433964 353.454382 365.695228 253.142252 285.842614 192.333044 88.684835 276.586334 255.556256 361.941984 324.607455 111.004504 37.013511 229.688920 286.099633 123.470644 156.246600 73.681748 300.601065 343.908418 88.238314 334.563895 227.694971 127.612695 
155.000000 9.000000 3.000000 a 199.449242 220.056811 208.117755 406.669399 234.795656 194.982050 440.818557 148.081059 68.883960 104.388697 164.146276 138.311243 399.205461 428.002336 74.330344 255.882786 132.378246 440.585973 353.841773 149.936653 50.328918 380.522010 316.835920 331.006042 407.707003 79.075913 325.779066 151.700363 438.046801 202.200396 
104.000000 1.000000 3.000000 a 174.805606 218.691564 155.241747 256.462473 94.625578 141.226768 223.212903 263.387547 323.579975 220.771375 192.065093 214.114455 173.643313 111.036030 270.292434 214.888343 244.018442 245.758011 173.219514 311.515650 304.401051 110.390217 329.475341 120.074977 115.741090 293.342803 271.597128 242.095023 115.117331 188.605408 
282.000000 4.000000 5.000000 a 90.735880 143.923591 83.450584 297.417215 77.317527 55.542776 309.386490 139.946418 166.589315 55.317267 77.025970 73.164199 261.839646 271.154937 108.931171 175.581890 111.018017 317.176607 225.887140 177.724506 141.209065 229.786858 275.757140 189.171880 256.288899 139.262342 249.353163 121.630588 279.120046 105.546198 
270.000000 1.000000 1.000000 a 157.175062 159.803004 171.735261 345.971097 219.401459 207.195560 390.001282 206.038831 144.931018 116.297033 195.478899 101.518471 353.543491 423.445392 48.877398 299.292499 182.537667 385.331027 304.236750 71.449283 32.015621 347.121016 240.800748 291.665905 412.258414 145.784087 257.029181 202.714084 420.010714 153.730283 
155.000000 9.000000 2.000000 a 41.146081 93.648278 21.540659 220.864212 48.270074 107.912001 233.418080 216.603324 238.201595 123.223374 149.214611 85.234969 187.243157 245.660335 149.164339 233.634330 188.045207 240.160363 148.932871 176.867182 183.847763 164.347193 222.193609 115.974135 245.601303 213.152528 182.923481 197.570241 233.940163 56.920998 
267.000000 7.000000 5.000000 a 220.984162 257.241132 202.299283 252.051582 149.883288 200.638979 201.675482 321.561814 383.114865 279.308074 251.017928 266.908224 157.927198 74.215901 326.019938 263.928020 303.041251 229.019650 175.482193 359.089125 360.501040 90.426766 353.464284 129.031004 104.560987 352.881000 289.430475 300.374766 55.578773 232.639206 
117.000000 1.000000 2.000000 a 253.805043 284.260444 236.072023 248.887525 189.736660 244.346066 187.259179 365.662413 426.307401 320.876923 295.000000 303.679107 151.267974 79.378838 364.773903 305.949342 347.005764 217.221086 181.198786 391.203272 399.462138 90.443352 368.521370 143.735869 124.555209 396.232255 301.358590 344.470608 15.556349 263.821910 
188.000000 2.000000 5.000000 a 313.729183 338.634021 296.952858 269.432737 254.960781 310.644491 195.532606 431.260942 492.667230 386.684626 361.067861 366.349560 174.897113 114.402797 428.724853 366.619694 413.098051 227.107904 217.186556 449.369558 463.492179 132.230859 408.633087 191.846293 165.205932 462.602421 339.202005 410.147534 55.145263 322.256109 
165.000000 8.000000 1.000000 a 78.032045 62.096699 80.610173 136.883162 129.691943 199.110522 171.002924 303.586890 310.035482 198.962308 239.301066 135.679770 137.032843 283.790416 198.494332 324.229857 274.133179 168.074388 85.842880 177.775139 229.106962 150.332964 146.328398 90.553851 298.573274 289.254213 94.366308 285.671140 247.858831 70.837843 
271.000000 2.000000 5.000000 a 195.412384 238.472221 193.981958 409.118565 187.299226 120.598507 424.321812 47.010637 65.306967 75.663730 73.389373 147.756557 376.697491 352.482624 120.303782 151.953940 28.600699 431.566913 340.379200 217.313138 128.097619 341.492313 360.867012 303.896364 324.205182 34.481879 349.356551 47.423623 376.724037 206.206207 
272.000000 7.000000 5.000000 a 210.230826 174.957138 213.663287 33.301652 253.254812 328.635056 113.701363 436.702416 439.089968 330.847397 371.527926 263.600076 126.649122 348.414982 320.951710 450.751595 407.255448 87.206651 101.965681 271.532687 347.384513 187.600640 136.565003 154.563903 378.761138 420.192813 78.057671 418.666932 289.088222 200.249844 
113.000000 6.000000 3.000000 a 186.938493 239.776980 178.216161 387.703495 145.962324 67.082039 389.477856 61.204575 138.061580 96.254870 19.235384 159.662143 339.483431 283.985915 162.188162 90.609050 47.010637 401.519613 311.014469 253.126451 182.002747 294.592939 370.838240 267.029961 252.810205 107.615055 345.453325 40.012498 315.057138 201.764714 
195.000000 2.000000 1.000000 a 233.334524 283.365488 213.770905 331.887029 144.899965 152.554908 293.342803 253.584306 330.723449 245.409861 192.200416 259.609322 245.540221 90.138782 305.522503 174.748391 241.960741 317.988994 249.088338 363.389598 337.250649 179.108905 401.382610 196.122411 60.216277 299.713196 346.036125 233.854656 140.035710 249.018072 
140.000000 6.000000 4.000000 a 161.941347 216.748702 143.784561 310.266015 76.105190 66.640828 292.865157 181.099420 248.760929 158.600126 112.147225 177.259696 241.896672 168.656456 219.244156 136.780847 163.990853 310.922820 226.876618 282.644653 250.571347 186.386695 344.371892 175.236982 147.003401 217.862342 298.718931 160.012500 195.064092 178.756818 
151.000000 6.000000 5.000000 a 110.208893 66.730802 119.419429 123.911259 176.705970 241.660919 179.535512 337.440365 332.025601 227.167339 277.650860 157.200509 157.952525 329.830259 212.473528 367.926623 307.522357 167.863039 106.254412 168.026784 238.799079 187.256509 97.984693 130.172962 346.659776 314.612460 48.764741 320.937689 289.069196 97.000000 
263.000000 7.000000 1.000000 a 222.036033 269.007435 217.800367 432.411841 199.251098 123.975804 441.403444 8.000000 88.617154 107.540690 71.386273 180.094420 392.378644 344.444480 158.672619 120.615090 24.083189 451.047669 359.805503 255.556256 167.047897 351.523826 394.680884 319.401002 311.584659 63.063460 378.993404 21.377558 376.011968 234.437625 
170.000000 9.000000 5.000000 a 186.096749 237.446836 166.688332 303.591831 97.308787 109.772492 275.334342 222.144097 292.042805 200.262328 154.932243 211.400095 225.204352 125.355494 258.520792 162.825059 206.494552 296.769271 219.544984 315.145998 290.800619 163.343197 358.871843 166.111408 106.775465 261.122577 306.789830 201.357890 155.167651 202.081667 
170.000000 2.000000 5.000000 a 250.800718 203.651663 259.082998 104.177733 309.622351 380.064468 182.603395 477.833653 466.647619 366.415065 417.996411 294.884723 200.339711 421.294434 343.421024 505.356310 447.876099 152.856142 173.011560 275.481397 364.642290 260.848615 110.317723 223.647043 450.071105 451.701229 92.763139 461.512730 362.816758 237.394187 
164.000000 4.000000 1.000000 a 44.011362 79.624117 31.016125 189.760375 69.050706 137.844115 205.080472 247.606543 265.800677 151.162165 180.313616 102.591423 160.654910 247.735746 168.582324 262.520475 218.899520 210.297408 119.402680 180.000000 202.548760 146.164291 200.000000 92.195445 253.948814 241.809843 155.283611 228.674441 226.631860 52.630789 
166.000000 2.000000 2.000000 a 154.951605 210.582525 142.762040 345.210081 100.264650 21.260292 343.093282 108.673824 174.244082 97.637083 37.121422 142.506140 292.774657 242.915623 164.648110 107.004673 89.140339 356.261140 266.507036 245.024489 191.460179 246.619140 343.017492 220.791757 216.529444 143.251527 310.821492 87.298339 269.118933 171.163664 
269.000000 8.000000 1.000000 a 333.755899 363.675680 315.901884 307.962660 266.833281 313.982484 235.614091 429.787157 497.363046 395.921709 362.194699 382.785841 211.966979 93.962759 442.831797 355.759750 414.030192 267.164743 251.079669 471.202716 477.378257 162.542302 441.814441 220.227155 142.863571 466.759038 373.096502 409.101454 64.637450 343.816812 
130.000000 5.000000 1.000000 a 197.767540 146.604911 208.655218 117.200683 266.062023 331.158572 196.022958 422.018957 406.311457 309.090602 365.409359 236.782601 197.800404 402.951610 282.519026 457.558739 392.020408 171.604196 157.098695 213.384629 302.887768 247.776109 53.935146 199.842438 425.714693 392.449997 42.426407 406.616527 352.302427 182.989071 
264.000000 7.000000 3.000000 a 193.992268 143.680200 204.435809 111.251966 261.013410 326.840940 189.763010 419.004773 404.724598 306.414752 361.708446 234.292552 191.128229 396.440412 281.204552 453.154499 389.005141 165.653252 150.416090 213.953266 302.208537 241.105786 58.240879 193.380454 419.421030 390.415164 37.107951 403.390630 345.626967 179.471446 
197.000000 5.000000 3.000000 a 195.726850 144.471450 214.704448 250.241883 284.344861 321.224221 321.599129 372.313040 326.879183 260.863949 336.269237 195.501918 307.405270 469.234483 208.000000 441.090694 344.245552 302.927384 256.602806 112.871608 213.377600 336.879801 88.204308 278.107893 477.956065 322.967491 146.931957 362.833295 436.249928 179.270745 
258.000000 6.000000 4.000000 a 104.847508 152.433592 85.146932 232.432786 28.284271 101.552942 222.265607 226.832537 271.016605 160.654910 153.574086 144.267113 171.679935 181.760832 203.105884 210.876741 202.338825 237.118114 149.936653 240.831892 237.693079 127.577427 272.470182 100.657836 182.060430 242.404620 222.173356 205.766858 176.232801 119.473847 
145.000000 3.000000 2.000000 a 218.277347 186.096749 220.367874 19.313208 256.007812 332.663494 99.045444 443.297868 448.769429 339.202005 376.888578 273.300201 116.558998 341.005865 332.024096 453.282473 414.073665 71.421285 98.371744 285.580111 359.235299 180.000000 153.114336 151.789328 373.044233 429.106047 93.536089 424.867038 279.732015 209.251045 
279.000000 7.000000 4.000000 a 220.229426 274.696196 209.418242 412.685110 166.883193 89.022469 407.612561 74.706091 165.758861 136.528385 57.140179 198.133793 356.880933 273.592763 202.410474 50.447993 76.059187 422.152816 333.174129 293.288254 221.359436 306.414752 406.676776 285.954542 236.913486 137.207871 377.588400 59.548300 313.394320 235.847408 
113.000000 4.000000 2.000000 a 312.878571 278.643141 314.865050 101.138519 347.220391 425.103517 137.462722 537.629054 542.778039 433.778745 470.507173 367.266933 179.621825 403.039700 424.577437 543.346114 508.504671 108.171161 182.857868 370.871946 450.497503 247.293348 217.112874 235.002128 441.511042 523.536054 175.855054 519.008670 334.167623 303.585243 
115.000000 6.000000 4.000000 a 104.809351 75.960516 124.402572 252.873486 191.149156 215.956014 304.906543 265.452444 229.730277 152.800524 228.063588 88.051122 274.721677 390.144845 105.801701 333.294164 236.856497 296.204321 222.892351 40.024992 121.210561 282.676494 145.691455 223.235302 390.717289 221.056554 159.702849 255.080379 370.540146 91.934759 
216.000000 5.000000 5.000000 a 221.110832 277.353565 204.707108 379.011873 141.650980 94.254973 358.704614 158.826950 244.436086 182.649938 110.317723 222.647704 307.949671 190.010526 249.721845 76.694198 152.977122 378.113740 295.435272 327.391203 276.240837 248.823230 407.834525 243.312556 151.608047 214.114455 365.559845 140.943251 236.400085 238.102919 
249.000000 7.000000 4.000000 a 119.954158 159.812390 122.090131 334.802927 136.499084 101.138519 357.001401 119.436175 113.885908 7.615773 88.073833 68.883960 311.849323 329.946965 60.166436 193.889144 90.249654 361.204928 271.007380 150.013333 86.683332 286.000000 282.630501 240.707291 312.233887 91.301698 270.830205 108.240473 339.166626 129.034879 
139.000000 9.000000 3.000000 a 155.618122 206.649462 136.124943 279.544272 67.082039 94.894678 257.421833 216.122650 278.097105 179.337670 145.000000 183.632786 206.596225 144.917218 234.008547 173.219514 197.010152 276.739950 195.532606 286.251638 267.151642 149.264865 328.493531 142.688472 133.843192 247.588368 277.519369 194.833262 161.375339 171.470114 
161.000000 3.000000 1.000000 a 267.686384 243.287895 286.162541 402.800199 345.862690 344.723077 465.111815 336.362899 257.031127 255.000000 333.880218 226.808289 439.751066 550.158159 187.384631 436.440145 316.303652 451.884941 387.411925 130.096118 164.769536 450.618464 251.644591 391.143196 544.177361 269.163519 299.933326 336.465451 536.601342 257.489806 
125.000000 6.000000 3.000000 a 108.784190 132.276226 94.725920 162.929433 88.752465 168.107109 154.922561 290.244724 321.908372 207.183494 218.178826 166.721324 105.702412 200.638979 232.355331 281.044480 263.685419 167.600716 79.812280 242.002066 266.655208 81.320354 227.607118 32.695565 217.524711 295.690717 167.672299 269.764712 167.597733 115.381974 
270.000000 2.000000 1.000000 a 90.708324 100.900942 105.475116 287.923601 157.876534 161.919733 326.553212 199.919984 169.248338 88.119237 166.012048 38.183766 288.390360 362.659620 45.793013 272.183761 171.452617 323.882695 240.074988 71.589105 73.164199 280.643902 207.086938 225.337525 355.444792 157.432525 207.547585 189.907872 355.236541 88.141931 
148.000000 5.000000 4.000000 a 63.890531 105.702412 45.793013 200.863137 47.423623 123.109707 206.021844 240.104144 267.710665 152.895389 169.805771 115.741090 158.445574 222.800359 180.269243 244.560831 212.532350 215.076730 123.975804 201.972770 214.897650 133.090195 225.142177 86.122006 227.844245 241.820181 177.341479 220.220344 205.516423 75.927597 
188.000000 7.000000 1.000000 a 192.512337 202.627737 180.543624 135.014814 169.499263 246.221445 86.533231 371.404093 408.431145 293.972788 298.236483 252.343021 39.293765 188.130274 318.323735 346.099697 346.273014 111.233988 70.178344 317.770357 352.278299 28.460499 261.583639 57.706152 223.221863 381.662154 192.283645 350.408333 127.577427 195.969385 
159.000000 6.000000 4.000000 a 228.370313 284.063373 211.021326 375.298548 144.886162 108.226614 350.693598 180.013888 265.137700 199.484335 129.834510 234.957443 300.323159 170.238069 265.849582 93.621579 173.772840 371.431016 291.302249 340.376262 293.424607 239.006276 412.950360 238.403020 130.698125 234.691287 367.729520 162.049375 219.494875 245.344656 
240.000000 4.000000 1.000000 a 142.790056 165.051507 152.013157 350.800513 184.396312 157.813181 384.104153 151.647618 104.690019 64.031242 140.630722 81.614950 342.706872 383.719950 19.849433 243.559028 127.062977 383.985677 297.127919 113.885908 30.000000 325.849659 270.351623 275.089076 367.983695 97.046381 272.963368 147.166572 388.128845 145.560984 
297.000000 5.000000 1.000000 a 155.858911 150.442680 149.723078 86.925255 165.193826 244.429949 85.702975 363.593179 385.550256 271.029519 292.957335 216.946998 49.040799 244.724335 282.200283 359.026461 335.886886 91.586025 4.472136 265.843939 314.358076 86.330759 195.880065 50.566788 273.263609 361.658679 126.570139 343.681539 190.779978 154.159009 
168.000000 9.000000 1.000000 a 125.733846 163.082801 107.415083 205.272989 68.117545 141.509717 185.800969 267.217140 311.194473 199.564526 193.868512 174.897113 134.825814 163.453357 237.191905 243.977458 243.041149 203.295352 121.198185 263.787794 271.974263 86.833173 269.874045 68.264193 174.888536 282.856854 212.190952 246.065032 144.062486 137.178716 
167.000000 3.000000 2.000000 a 243.829859 300.059994 229.804265 418.383795 174.470628 108.503456 403.140174 125.670203 218.013761 179.805450 99.624294 233.137299 352.184611 236.763595 247.329739 27.730849 128.222463 421.099751 335.828825 333.766385 269.180237 295.221950 432.342457 285.047364 195.310010 189.525724 395.955806 111.803399 285.338396 260.449611 
193.000000 7.000000 3.000000 a 353.713161 388.000000 335.073126 345.162281 280.264161 318.441517 274.535972 428.117974 501.240461 405.030863 363.803518 398.889709 248.213618 85.000000 456.219246 345.469246 414.879501 306.008170 284.297380 491.808906 490.316224 194.092761 473.425813 249.110417 126.150704 470.323293 405.631606 408.049017 90.210864 365.089030 
Type de surveillance de chaque endroit(target):tab[nombre de target]
a a a a a a a a a a a a a a a a a a a a a a a a a a a a a a 