Nombre des capteurs:
150
Nombre des targets:
30
Nombre de type de surveillance:
1

Caracteristiques:
287.000000 2.000000 2.000000 a 536.780216 436.400046 518.015444 304.568547 443.379070 277.908258 243.823707 270.490296 106.023582 325.510368 441.255028 280.713377 331.185748 448.201963 476.495540 355.984550 289.637705 123.438244 466.691547 478.828779 180.825883 417.234946 510.424333 145.725770 443.938059 260.892698 535.679008 490.789160 242.495361 381.451176 
258.000000 2.000000 1.000000 a 315.753068 358.240143 359.706825 85.375641 160.822884 315.420354 41.629317 287.099286 183.221178 302.866307 166.628329 34.014703 57.245087 172.794676 204.804785 291.317696 242.167298 168.000000 427.656404 320.624391 103.406963 143.680200 330.260503 179.011173 382.648664 274.361076 302.696217 397.573893 76.059187 358.600056 
235.000000 3.000000 2.000000 a 274.390233 254.326562 281.177880 51.623638 211.910358 210.000000 111.986606 180.853532 160.561515 192.774480 257.419890 140.459959 162.052461 202.039600 224.153965 182.833257 132.200605 143.282937 320.024999 240.353906 118.105885 237.693079 261.705942 123.308556 276.741757 168.807583 271.449811 298.283422 45.000000 248.708665 
169.000000 4.000000 2.000000 a 237.118114 16.763055 133.416641 258.104630 364.588809 171.187032 349.676994 162.373027 348.300158 105.380264 448.037945 374.513017 382.925580 331.670017 328.907282 68.154237 135.977939 336.025297 94.111636 115.277925 345.071007 435.560558 159.050307 292.588448 44.687806 168.002976 259.082998 67.067131 282.304800 81.394103 
271.000000 8.000000 2.000000 a 125.355494 288.683217 154.120083 369.238405 344.583807 448.579982 472.826607 431.128751 549.596215 381.316142 440.500851 471.538970 446.937356 306.620286 277.721083 333.034533 379.269034 532.918380 342.023391 182.016483 505.914024 443.289973 141.739197 502.753419 309.467284 431.448722 143.753261 255.196003 427.987149 368.657022 
199.000000 5.000000 4.000000 a 247.341869 331.472472 307.650776 71.589105 95.257546 328.249905 115.208507 298.750732 245.446532 300.216588 139.817739 100.702532 77.103826 99.297533 130.357202 277.077606 243.213898 228.757514 406.831661 271.267396 171.093542 123.166554 273.148311 228.054818 358.834224 287.513478 231.691605 362.944899 114.039467 348.631611 
180.000000 9.000000 3.000000 a 497.618328 382.815883 470.090417 276.739950 425.699424 221.616786 234.770100 215.058132 89.677199 270.769274 435.932334 275.363396 324.211351 425.734659 451.784241 303.265560 238.254066 104.019229 410.845470 431.726765 171.058470 412.145605 465.381564 108.337436 389.235147 205.936884 498.891772 437.402561 217.910532 325.775997 
121.000000 5.000000 1.000000 a 478.553027 428.612879 483.938013 233.362379 352.308104 301.517827 149.966663 284.191837 69.462220 330.074234 339.249171 181.416648 231.905153 362.972451 393.761349 347.224711 279.460194 78.313473 475.269397 443.203114 95.131488 315.298271 467.680446 124.016128 442.945821 271.737005 472.381202 480.177051 171.265875 391.000000 
173.000000 7.000000 3.000000 a 300.740752 58.249464 183.983695 323.827114 436.537513 176.649370 409.067232 179.980555 387.583539 126.589889 518.802467 437.175022 449.455226 403.832886 400.911462 115.208507 178.280678 377.530131 22.825424 177.406313 396.676190 505.653043 218.524598 331.942766 28.301943 189.907872 324.804557 77.278716 340.825469 69.462220 
147.000000 1.000000 1.000000 a 273.386174 269.874045 289.006920 36.345564 195.243438 229.804265 97.185390 200.683831 165.051507 212.037732 237.901240 122.560189 142.341140 187.771137 211.624668 200.384630 151.647618 147.566934 337.215065 248.386795 113.017698 218.000000 266.833281 133.405397 293.127958 188.600106 268.330021 312.257906 35.341194 267.301328 
237.000000 5.000000 5.000000 a 323.109888 402.616443 386.467334 128.891427 128.887548 374.125647 92.655275 345.418587 237.760384 357.328980 108.558740 53.338541 3.605551 153.447059 187.042776 341.282874 297.309603 223.758799 475.388262 349.656975 156.387340 84.852814 352.142017 238.757199 428.700362 332.929422 305.196658 437.535141 136.180028 410.757836 
165.000000 2.000000 1.000000 a 277.353565 386.757030 353.134535 127.412715 73.000000 383.881492 135.712932 354.458742 278.648524 357.397538 83.006024 103.788246 56.850682 99.362971 132.740348 334.187073 300.016666 263.190045 462.909278 318.943569 198.841646 65.946948 315.526544 270.407100 414.566038 342.912525 257.099203 415.992788 158.619040 405.843566 
166.000000 9.000000 1.000000 a 392.949106 276.501356 360.013889 194.010309 353.192582 134.346567 194.195778 118.004237 97.862148 168.466614 385.190862 236.326046 277.088434 345.144897 366.870549 195.563289 128.996124 93.407708 312.968049 321.827594 144.277510 362.944899 356.265351 50.219518 285.847862 106.230881 396.708961 330.629702 148.222805 227.607118 
294.000000 1.000000 2.000000 a 251.531310 20.591260 148.489057 261.696389 373.395233 158.549677 350.475391 151.400132 342.861488 94.021274 455.202153 376.724037 387.072345 341.247711 339.607126 61.983869 130.049990 331.119314 86.267027 130.138388 343.093282 442.108584 174.011494 287.000000 38.626416 157.841693 273.095221 75.292762 282.639346 66.287254 
182.000000 1.000000 2.000000 a 225.842866 54.561891 102.615788 305.181913 390.800461 232.647802 402.839919 226.205659 411.578668 168.834238 480.470603 424.011792 426.785660 354.673089 345.904611 132.849539 200.179919 398.799448 95.754895 106.212052 403.792026 470.562429 141.792101 356.092685 64.257295 232.432786 252.162646 10.000000 337.037090 132.306462 
235.000000 1.000000 4.000000 a 281.192105 198.123699 255.162693 116.284135 271.648670 140.459959 177.002825 110.981981 172.629661 122.298814 326.475114 209.914268 233.555133 254.756747 270.894814 119.820699 61.400326 158.230844 256.329866 215.418198 163.076669 307.605267 246.829901 119.816526 216.667949 99.764723 285.727143 247.487373 109.123783 180.313616 
137.000000 5.000000 1.000000 a 42.438190 215.455332 88.102213 263.893918 263.471061 355.360380 368.781778 334.994030 442.485028 289.849961 361.203544 370.645383 350.705004 223.886132 201.062179 241.124449 279.112880 425.775763 283.924286 94.005319 399.439607 359.801334 50.249378 396.103522 241.853261 333.701963 71.847060 199.449242 321.512053 289.062277 
103.000000 5.000000 3.000000 a 467.888876 329.028874 426.597000 268.672663 426.075111 160.654910 252.057533 157.943028 119.473847 215.081380 450.409813 294.497878 339.695452 420.145213 442.814860 252.241947 191.658551 126.570139 351.069794 390.041023 192.782261 427.354654 426.806748 104.923782 332.746149 150.632002 472.648918 383.719950 217.745264 266.852019 
284.000000 6.000000 3.000000 a 352.164734 110.163515 245.814971 323.748359 456.070170 120.208153 394.473066 133.304163 348.048847 95.707889 529.634780 427.673941 447.902891 427.422508 430.029069 115.108644 156.540730 340.599472 77.987178 230.703273 371.064684 513.797626 274.357431 294.334843 89.286057 145.773797 373.241209 147.827602 326.957184 43.011626 
251.000000 7.000000 5.000000 a 53.225934 193.569109 75.006666 242.668498 256.126922 328.987842 348.367622 308.358558 417.594301 263.797271 353.411941 352.423041 335.276006 216.584856 197.022841 215.139490 252.285552 401.014962 264.765934 71.196910 376.616516 350.304154 31.064449 370.526652 220.954746 306.954394 80.212219 182.482876 298.800937 265.067916 
233.000000 3.000000 2.000000 a 256.704110 407.314375 351.829504 174.568038 30.805844 428.878771 200.124961 399.365747 342.007310 394.716354 67.186308 167.868997 118.962179 70.405966 96.187317 365.312195 340.978005 326.203924 485.815809 322.541470 262.880201 70.604532 310.266015 330.490544 436.482531 388.753135 232.008621 429.196924 216.923950 437.548854 
167.000000 9.000000 1.000000 a 65.513357 224.035711 89.560036 294.266886 291.163184 373.954543 399.335698 355.069007 470.848171 307.375991 388.861158 401.314091 381.057738 251.718096 227.369743 258.677405 301.405043 454.277448 287.210724 107.703296 429.302923 388.252495 64.621978 423.571718 248.394847 354.663221 93.300589 200.661406 351.410017 301.041525 
121.000000 2.000000 1.000000 a 167.358896 114.337221 119.364986 172.052318 265.580496 203.393707 273.221522 181.320159 307.507723 141.056726 350.351252 291.348588 292.588448 232.768125 231.352545 94.429868 124.779806 292.261869 193.145023 79.404030 283.114818 338.881985 113.600176 255.765518 143.683680 179.424079 182.043951 142.302495 210.447143 158.596973 
296.000000 4.000000 2.000000 a 106.901824 273.247141 137.873130 349.692722 328.609190 430.694788 453.511852 412.797771 529.748997 363.593179 425.075287 452.726187 428.841463 290.258505 262.093495 315.153931 360.323466 513.069196 329.183839 163.878003 486.202633 427.200187 122.800651 482.958590 294.977965 412.884972 126.889716 242.051647 408.270744 352.638625 
228.000000 3.000000 1.000000 a 34.713110 277.115499 152.505738 273.561693 234.036322 405.444201 372.778755 382.785841 464.784896 342.229455 330.151480 367.241065 339.308120 196.155551 167.242339 294.151322 323.363572 447.527653 347.558628 154.741720 412.237795 332.741642 112.929181 423.143002 304.396123 379.859184 35.355339 263.696796 335.276006 347.696707 
295.000000 4.000000 4.000000 a 128.565159 117.987287 59.093147 219.822656 282.554420 252.723169 324.718339 233.976495 368.245842 186.400107 374.766594 338.147897 332.415403 245.505601 235.592869 137.640837 182.280004 352.784637 193.775643 18.357560 340.308683 366.694696 56.648036 316.891149 146.931957 234.002137 150.572242 120.241424 265.397815 186.217615 
127.000000 9.000000 2.000000 a 487.082129 344.762237 444.569455 287.179386 444.001126 173.461811 267.043068 173.104015 130.172962 230.488611 466.411835 309.312140 355.316760 438.649062 461.599393 269.007435 209.609160 139.129436 363.962910 408.309931 206.494552 443.198601 445.408801 121.696343 347.432008 166.604322 491.936988 399.384526 235.257306 280.494207 
119.000000 2.000000 2.000000 a 228.827446 84.628600 102.083299 330.806590 407.953429 261.938924 430.196467 256.444926 442.162866 199.022612 499.672893 450.014444 450.693909 370.799137 359.606730 163.719272 231.008658 429.252839 109.178753 117.004273 433.013857 490.846208 145.416643 386.746687 89.050547 262.937255 256.602806 30.413813 365.087661 159.298462 
138.000000 5.000000 1.000000 a 166.048186 113.454837 117.136672 173.933895 266.413213 204.748626 275.261694 182.849665 309.738599 142.126704 351.501067 293.245631 294.253292 233.413796 231.682973 95.257546 126.589889 294.496180 192.379833 77.201036 285.308605 340.147027 111.606451 257.978681 142.898565 181.069048 181.011049 140.730238 212.577045 158.826950 
201.000000 9.000000 3.000000 a 374.833296 134.729358 270.453323 333.318166 470.574117 111.220502 398.528544 129.282636 342.814819 102.176318 541.273498 433.267816 456.027411 443.190704 447.263904 130.361037 162.409975 336.535288 100.568385 254.196774 371.258670 524.675138 298.060397 290.477194 114.560028 142.442971 395.248023 173.104015 331.887029 61.400326 
193.000000 7.000000 2.000000 a 195.028203 91.301698 130.831953 185.324041 291.327994 176.821944 281.575922 156.543924 301.094669 112.641023 373.273358 303.402373 309.110013 259.788375 259.924989 65.007692 104.637469 286.775173 168.220094 94.403390 284.740232 360.627231 134.164079 247.412611 119.281180 156.083311 211.037911 128.003906 216.020832 128.693434 
227.000000 7.000000 5.000000 a 127.475488 270.913270 137.786066 366.356384 351.240658 433.820239 471.038215 417.267300 542.623258 366.346830 448.001116 471.691637 449.187043 312.640368 285.000000 318.421105 367.016348 526.157771 322.223525 168.433963 501.698116 449.695453 130.483715 494.636230 290.822970 418.114817 149.214611 235.688354 423.798301 351.368752 
149.000000 7.000000 1.000000 a 283.015901 72.622311 193.496770 244.075808 373.451469 106.526992 322.280933 99.297533 298.429221 41.880783 447.800179 352.642879 369.303398 345.027535 348.472381 32.557641 88.277970 287.920128 110.887330 168.267644 307.026058 432.455778 212.249853 242.621104 77.884530 106.470653 301.212550 127.062977 254.001968 39.698866 
163.000000 4.000000 3.000000 a 313.638327 109.658561 230.078248 244.806046 384.786954 68.767725 312.617978 64.474801 273.117191 13.892444 453.186496 346.092473 367.662889 359.183797 365.846963 54.009258 74.793048 264.092787 133.958949 202.881739 290.327401 436.331296 246.416314 218.009174 110.476242 73.763134 330.024242 163.517583 245.177487 49.000000 
245.000000 6.000000 1.000000 a 142.056327 235.185034 191.157004 104.809351 144.692778 287.558690 207.511445 259.649764 297.405447 239.232105 232.561820 209.353768 194.064422 112.294256 115.693561 201.836568 196.461192 280.000000 314.111445 156.204994 243.287895 223.579963 156.204994 259.470615 264.643156 252.241947 135.148067 257.124483 166.207701 272.737969 
289.000000 1.000000 4.000000 a 369.358904 125.674182 251.366267 374.994667 498.046183 180.543624 451.310315 194.370780 409.101454 153.733536 576.601249 482.995859 500.320897 466.840444 465.833661 162.542302 213.600094 401.529575 54.037024 246.028454 430.554294 562.069391 286.973866 355.259060 96.384646 206.784912 393.376410 141.226768 383.297535 94.021274 
115.000000 3.000000 3.000000 a 232.137890 52.345009 144.903416 224.153965 338.070998 151.716842 314.033438 137.905765 313.882143 84.118963 418.445934 339.560009 349.498212 306.910410 307.039085 38.183766 102.883429 301.230809 123.490890 117.388245 309.103543 405.028394 161.207940 258.373760 76.157731 141.428427 251.047804 101.414989 246.497464 83.677954 
137.000000 2.000000 2.000000 a 254.243977 44.407207 132.442440 314.968252 410.409552 215.058132 408.853274 211.985849 406.853782 154.828938 497.860422 432.560978 438.658181 375.299880 368.435883 125.928551 194.054116 394.993671 65.620119 132.740348 405.079005 486.834674 170.469939 351.005698 39.698866 219.604189 279.973213 22.203603 341.796723 110.390217 
179.000000 5.000000 5.000000 a 407.461655 416.736128 439.829512 165.081798 248.163253 333.654012 59.093147 309.025889 135.959553 339.948526 226.274170 73.061618 121.630588 265.045279 297.741499 341.140733 280.492424 127.581347 477.946650 399.505945 67.201190 202.388241 414.609455 161.276161 437.416278 295.609540 395.790349 462.108212 119.037809 400.281151 
139.000000 9.000000 2.000000 a 324.804557 86.452299 204.570281 352.852660 465.697327 192.270643 436.867257 199.278699 410.394932 149.030198 548.205254 465.597466 478.523772 432.758593 429.316899 142.940547 203.796467 401.011222 7.211103 201.955441 422.720948 535.060744 241.598841 355.090129 56.586217 210.152326 349.687003 93.536089 368.571567 88.566359 
237.000000 8.000000 4.000000 a 139.520608 236.444497 190.517716 107.447662 143.533968 290.337734 209.773688 262.480475 300.413049 241.698159 232.105579 211.123187 195.164034 110.634533 113.318136 204.000000 199.271172 283.001767 315.448887 155.955122 246.002033 223.432316 155.080624 262.589033 265.966163 255.131339 132.276226 257.769277 169.011834 274.758075 
181.000000 1.000000 2.000000 a 321.659758 393.513659 381.064299 119.012604 135.000000 361.835598 80.224684 333.216146 225.435135 346.013006 121.061968 42.449971 9.486833 156.847059 190.394328 330.927485 285.804129 211.255769 465.618943 343.704815 144.124946 97.493590 347.696707 225.800797 419.262448 320.663375 304.726107 429.408896 123.458495 399.981250 
265.000000 9.000000 5.000000 a 43.416587 278.741816 150.632002 286.803068 248.364651 412.074022 386.626435 390.037178 476.945490 348.058903 344.284766 381.504915 353.816337 210.601519 181.466250 299.681498 331.409113 459.740144 347.403224 156.719495 425.403338 347.086445 113.600176 434.605568 305.366992 387.537095 49.658836 262.488095 348.244167 351.091156 
234.000000 5.000000 5.000000 a 148.647233 264.764046 214.357179 106.606754 115.256236 313.154914 201.695315 284.763059 304.581680 267.080512 205.000000 197.618319 176.082367 82.619610 88.323270 230.846269 221.939181 287.088836 343.758636 181.515840 244.182309 197.342342 176.555940 270.933571 294.278779 276.683935 135.915415 285.567855 169.614268 302.049665 
236.000000 8.000000 1.000000 a 300.832179 55.713553 187.096232 313.969744 429.930227 163.248277 397.689577 166.379085 374.285987 113.137085 510.886484 426.395356 439.669194 397.886919 396.011363 103.740060 165.592874 364.351479 33.734256 177.538728 384.266834 497.308757 219.672483 318.692642 28.071338 176.323566 324.137317 84.433406 329.400971 55.946403 
156.000000 6.000000 4.000000 a 278.210352 432.926091 376.223338 196.697738 55.036352 452.239981 212.475881 422.711486 356.405668 419.305378 48.270074 177.053664 126.649122 93.920179 116.430237 390.493278 364.968492 341.093829 511.414705 347.495324 276.134025 59.405387 334.270848 348.080450 462.087654 411.884693 252.642039 454.658113 235.423024 462.740748 
101.000000 1.000000 2.000000 a 230.254207 84.480767 159.624560 193.685312 314.459854 142.045767 282.024822 122.983739 284.297380 77.414469 391.675886 308.058436 319.311760 285.175385 288.118031 30.413813 77.006493 271.162313 152.947703 126.178445 277.218326 377.413566 167.693172 229.172424 107.205410 123.713378 246.000000 132.370692 214.401493 99.322706 
244.000000 5.000000 2.000000 a 195.041021 70.604532 115.602768 208.830074 309.433353 183.469343 305.591230 166.207701 322.622070 116.691902 393.560669 327.181907 332.054212 276.551984 274.401166 68.007353 120.341182 308.650288 149.281613 83.384651 308.301800 381.587474 126.241831 268.365423 99.824847 167.538055 213.841062 104.086502 240.008333 120.619236 
294.000000 2.000000 1.000000 a 399.530975 158.154987 293.751596 354.970421 494.272192 122.004098 416.792514 143.781084 354.035309 123.794184 563.716241 452.462153 476.707457 467.333928 471.815642 154.767568 182.877008 348.810837 115.762688 278.519299 386.848808 546.758630 322.262316 303.160024 136.312142 157.178243 420.116650 193.680149 350.887446 86.400231 
113.000000 2.000000 2.000000 a 456.513965 421.303928 468.540286 209.990476 322.684056 305.491407 120.830460 285.742891 76.661594 327.879551 308.110370 150.685102 201.062179 334.593784 365.855163 340.777053 274.065686 78.746428 472.238287 427.692647 71.610055 284.163685 449.961109 124.426685 437.457426 272.809457 449.027839 471.529426 149.512541 389.236432 
201.000000 9.000000 5.000000 a 187.640614 303.026401 258.874487 94.921020 79.630396 332.519172 172.539850 303.310072 290.848758 293.109195 162.413054 161.554944 134.372616 58.420887 80.523289 261.451716 242.392244 273.541587 381.293850 225.568172 222.733024 153.443801 221.000000 264.439029 332.031625 293.804357 170.985379 327.136057 154.505663 333.588069 
180.000000 4.000000 2.000000 a 523.473973 411.442584 498.198756 298.241513 443.460258 249.088338 248.072570 243.328995 103.947102 299.247389 448.285623 287.210724 337.013353 445.467171 472.451056 331.917158 266.810794 120.220631 438.781267 459.657481 184.097800 424.340665 492.857992 132.400906 417.694865 234.386433 523.994275 466.038625 237.844487 353.860142 
229.000000 3.000000 5.000000 a 268.603797 416.076916 362.774034 177.924141 42.426407 433.472029 196.786687 403.943065 339.920579 400.839120 55.326305 162.864975 113.088461 82.036577 108.226614 372.464763 346.301891 324.394821 494.354124 333.034533 260.101903 58.821765 321.446730 330.364950 445.102235 393.103040 244.002049 438.872419 217.368351 444.713391 
134.000000 9.000000 5.000000 a 343.455965 104.737768 240.276924 309.232922 442.603660 108.683025 379.722267 120.016666 334.598267 80.956779 515.481328 412.912824 433.263199 414.366987 417.560774 101.607086 141.777995 326.879183 84.380092 223.056047 356.602019 499.505756 267.001873 280.608268 87.235314 132.242202 363.852992 146.686741 312.193850 30.463092 
183.000000 7.000000 1.000000 a 176.773867 292.357658 246.714410 96.135321 88.617154 326.663435 179.805450 297.618884 293.906448 285.476794 173.971262 170.950285 145.560984 62.936476 80.399005 252.620268 236.072023 276.508589 370.843633 213.506440 227.846440 165.411608 208.865986 265.397815 321.504277 288.466636 160.996894 315.673882 157.442053 324.612076 
127.000000 1.000000 5.000000 a 170.425937 270.223981 229.965215 85.755466 111.395691 305.262182 179.493732 276.371127 284.297380 263.007604 194.858923 176.045449 156.626945 84.693565 98.183502 229.828197 214.406157 266.812668 348.518292 195.256242 222.481460 185.010810 194.002577 252.388589 299.240706 267.523831 158.113883 294.771098 148.660687 301.809543 
268.000000 3.000000 1.000000 a 328.271229 201.121854 285.007017 169.260155 327.099373 91.934759 211.009478 64.404969 163.229899 99.126182 377.477152 248.726758 278.992831 311.081983 327.287336 119.616052 52.354560 153.081678 244.032785 247.745838 180.612846 357.561184 284.200633 107.466274 212.607620 51.224994 335.519001 254.803846 147.787009 160.449369 
189.000000 3.000000 4.000000 a 250.008000 63.150614 165.484138 222.766694 344.702771 131.125894 308.021103 117.686023 299.536308 63.529521 422.039098 335.596484 348.472381 315.039680 317.157689 19.235384 86.977008 287.506522 124.233651 137.360839 299.167177 407.656718 180.941980 243.756026 80.894994 121.696343 267.904834 116.107709 239.927072 70.213959 
182.000000 6.000000 3.000000 a 198.668065 93.813645 71.847060 314.407379 382.827637 271.309786 416.235510 262.611881 437.886972 205.779008 475.857121 433.721109 431.566913 345.098537 332.556762 165.423698 230.208601 424.189816 135.014814 90.426766 423.249335 467.936962 115.624392 383.157931 106.625513 267.725606 226.631860 48.662100 352.740698 173.772840 
185.000000 7.000000 3.000000 a 314.992063 361.872906 361.166167 88.119237 156.000000 321.138599 46.486557 292.742207 189.129585 307.883095 160.327789 32.388269 51.000000 169.026625 201.308221 295.665351 247.258974 174.011494 431.770773 322.304204 109.036691 137.360839 331.119314 185.324041 386.517787 280.046425 301.405043 400.665696 82.006097 363.298775 
212.000000 2.000000 1.000000 a 280.708033 126.241831 217.866932 188.223272 330.183282 91.087870 259.237343 67.446275 236.712906 43.185646 396.797177 291.235300 311.400064 306.132324 314.963490 44.598206 24.083189 225.284265 175.513532 183.698122 242.396370 379.795998 224.055797 180.825883 139.517024 66.189123 293.342803 179.777640 191.191004 98.086696 
289.000000 9.000000 3.000000 a 378.600053 294.268585 361.387604 159.477271 315.001587 173.458929 146.986394 152.315462 68.410526 195.023076 340.800528 189.306630 231.397926 310.586542 334.773057 212.602916 144.544111 57.078893 340.052937 321.549374 97.185390 318.147764 351.752754 13.601471 307.743400 139.269523 378.957781 346.705927 106.381389 256.195238 
180.000000 3.000000 1.000000 a 234.682765 329.969696 299.821614 80.006250 82.024387 335.120874 131.015266 305.591230 260.311352 304.236750 136.517398 115.433964 87.664132 83.630138 114.546934 278.829697 248.509557 243.507700 406.322532 264.393646 186.625293 122.065556 264.030301 241.406297 357.865897 294.716813 218.103187 359.389761 127.565669 350.796237 
195.000000 4.000000 1.000000 a 382.531044 414.219748 424.976470 148.758193 211.116082 348.051720 48.383882 321.726592 168.866811 346.770818 186.550261 37.643060 82.734515 230.555850 263.751777 342.327329 286.127594 158.094908 479.683229 385.406279 91.416629 162.634560 396.658543 185.421142 436.836354 308.415304 368.799403 456.636617 116.691902 405.561339 
280.000000 6.000000 1.000000 a 24.186773 240.077071 131.552271 222.800359 206.400097 355.731640 324.493451 332.103899 411.661269 294.205710 304.138127 322.232835 298.573274 166.868211 143.840189 247.008097 271.646830 394.467996 314.930151 120.353646 361.087247 303.237531 86.977008 369.445530 268.888453 328.543757 29.154759 235.771075 283.637092 305.124565 
162.000000 4.000000 2.000000 a 171.493440 81.498466 54.230987 268.225651 339.979411 247.426757 370.487517 234.580477 397.416658 180.005555 431.769614 387.516451 385.410171 302.952141 292.514957 134.714513 194.620143 383.157931 146.751491 51.088159 379.195200 423.199716 87.920419 343.460332 105.385008 237.857100 197.294197 65.215029 307.611768 161.046577 
227.000000 4.000000 3.000000 a 322.299550 424.858800 397.112075 156.204994 109.603832 407.770769 131.240238 378.746617 276.226356 387.258312 70.114193 91.005494 41.976184 141.509717 174.132134 367.925264 328.109738 262.345192 499.624859 362.227829 194.833262 46.270941 360.090266 277.102869 451.956856 366.541948 301.652118 456.477820 172.307864 438.626265 
217.000000 2.000000 3.000000 a 325.161498 346.355309 358.754791 82.710338 186.681547 291.547595 23.769729 263.787794 154.635054 283.425475 196.002551 49.203658 85.796270 195.058965 225.887140 275.797027 222.524156 139.089899 412.993947 318.788331 76.243032 172.956642 332.280002 149.723078 369.423876 250.798724 314.453494 388.387693 52.430907 340.851874 
115.000000 2.000000 3.000000 a 303.265560 115.663304 226.991189 224.207493 365.636431 69.856997 292.097586 56.639209 256.780062 7.071068 432.921471 325.356727 346.878941 340.787324 348.432203 45.694639 54.120237 247.050602 150.053324 197.022841 270.955716 415.896622 239.703984 201.248602 121.433109 62.769419 318.265612 170.343770 224.537302 67.082039 
270.000000 3.000000 3.000000 a 370.012162 330.340733 375.281228 128.413395 268.627996 233.600086 83.006024 209.468375 71.784399 243.829859 282.024822 125.538839 170.751281 271.022139 298.971571 251.071703 186.424247 54.817880 385.519131 334.456275 33.615473 258.698666 357.967876 66.241981 348.116360 196.063765 365.261550 379.444331 65.513357 304.960653 
223.000000 6.000000 4.000000 a 186.453748 351.449854 284.703354 159.530561 40.012498 396.894192 221.237429 367.903520 350.720687 354.227328 137.440896 199.809910 159.298462 8.062258 28.635642 319.175500 306.140491 333.713949 430.698270 257.769277 277.910057 138.610966 242.167298 328.146309 381.209916 358.804961 162.049375 368.209180 215.870331 390.513764 
228.000000 6.000000 3.000000 a 77.369245 240.520269 158.344561 170.941510 163.884105 330.024242 271.486648 304.164429 363.279507 273.514168 260.762344 269.081772 246.546142 124.595345 109.000000 229.512527 241.530536 345.927738 319.010972 133.843192 309.594897 257.390754 115.767007 323.630963 270.440382 298.810977 68.767725 248.195487 232.664995 294.767705 
127.000000 8.000000 1.000000 a 308.525526 238.411409 292.754163 108.060168 268.328157 159.806133 144.585615 131.795296 134.111894 155.666310 311.770749 181.176709 211.303100 257.157539 277.584221 159.154013 96.046864 118.962179 294.458826 252.491584 123.583980 291.238734 281.439159 84.148678 256.195238 118.869677 309.962901 288.078114 79.931220 215.800834 
297.000000 9.000000 4.000000 a 290.497849 433.041568 383.270140 186.681547 64.195015 443.338471 193.313217 413.832092 338.013313 413.392066 33.734256 156.524758 105.905618 103.696673 130.245921 386.803568 357.594743 323.055723 510.886484 352.846992 257.235301 38.013156 342.317104 332.096372 461.806236 402.617685 266.000000 457.316083 220.707952 458.978213 
188.000000 5.000000 2.000000 a 259.007722 396.808518 347.979884 156.000000 35.846897 411.588387 178.997207 382.058896 320.806795 379.400843 69.079664 147.329563 99.126182 72.339477 102.615788 351.637598 324.579728 305.026228 474.772577 316.987381 241.677471 65.030762 307.546744 309.712770 425.639519 371.194019 235.766834 420.975059 196.351725 423.869084 
234.000000 8.000000 2.000000 a 258.953664 420.220180 359.254784 193.582024 40.360872 446.874703 219.658826 417.388308 361.896394 411.340492 68.658576 186.601179 137.083916 76.922038 97.015463 380.753201 358.421540 346.134367 499.056109 331.531296 282.605732 78.390050 316.835920 350.462551 449.618727 406.950857 233.040769 440.193139 236.845941 452.911691 
207.000000 2.000000 3.000000 a 451.716725 364.971232 437.114402 220.737401 365.299877 223.647043 172.490579 209.193690 27.459060 259.422435 373.642878 213.122031 261.925562 367.164813 394.351366 283.340784 215.390343 42.190046 404.230132 397.336130 108.779594 349.857114 427.387412 62.201286 375.968084 197.570241 450.467535 418.412476 159.702849 318.926324 
163.000000 1.000000 1.000000 a 435.583517 285.952793 387.331899 252.958495 412.917667 116.760439 254.283307 114.389685 139.230025 171.723615 446.542271 296.651310 338.245473 403.124050 423.341470 210.440015 152.800524 141.113430 307.084679 351.808186 200.848201 424.279389 389.955126 106.254412 289.000000 107.800742 442.305324 340.587727 209.480309 222.847481 
106.000000 6.000000 4.000000 a 177.053664 226.415547 206.545395 72.615425 160.424437 255.925770 178.675684 227.266364 259.094577 212.941306 238.002101 186.967912 180.679274 134.736780 145.715476 180.693110 164.842349 241.760212 303.423796 168.000000 208.434642 225.361931 177.538728 220.193097 254.629142 218.874393 172.884354 256.095685 130.602450 252.875463 
273.000000 1.000000 4.000000 a 337.668476 327.377458 355.844067 91.285267 223.606798 255.049015 47.423623 228.319951 116.180893 253.692728 238.899560 88.005682 128.751699 227.178344 255.978515 252.210230 193.352011 99.639350 389.309645 315.125372 47.423623 215.935175 334.053888 106.737997 348.212579 215.058132 330.437589 373.005362 31.953091 313.129366 
254.000000 4.000000 4.000000 a 287.543040 445.449211 387.386112 209.059800 66.730802 464.823622 221.652882 435.294153 366.110639 432.093740 44.294469 185.148589 134.536240 104.923782 125.602548 403.287738 377.679759 351.000000 523.997137 359.122542 285.506567 60.207973 345.162281 358.959608 474.650398 424.420782 261.503346 466.804027 246.714410 475.534436 
216.000000 4.000000 4.000000 a 198.040400 68.818602 118.004237 209.554289 311.448230 180.693110 305.792413 163.615403 321.462284 113.841996 395.237903 327.727021 333.042039 278.729259 276.812211 65.192024 118.342723 307.584135 147.248090 86.162637 307.878223 383.129221 129.120099 267.082384 97.836598 165.075740 216.815590 103.696673 240.002083 117.686023 
239.000000 4.000000 1.000000 a 228.160032 125.447200 180.277564 153.473125 282.143580 146.003425 240.869259 120.933866 250.689050 92.698436 355.147857 266.908224 279.177363 255.548430 262.206026 60.207973 60.745370 236.577683 193.424404 142.130222 237.928561 339.942642 178.440466 196.824795 148.367786 117.153745 239.365829 171.236678 173.401269 132.230859 
229.000000 4.000000 3.000000 a 183.439363 292.605537 250.545405 88.887569 90.210864 322.614321 172.072659 293.462093 286.356421 282.676494 172.409396 163.710110 139.445330 67.468511 86.977008 250.838594 232.312290 268.972118 370.799137 216.633331 220.056811 162.855764 213.396345 258.311827 321.561814 284.091535 168.181450 317.176607 149.883288 322.967491 
215.000000 4.000000 4.000000 a 86.683332 176.776695 101.000000 185.054046 222.319590 284.822752 291.247318 261.633331 358.424330 223.109838 316.627541 297.934557 285.028069 184.358347 172.884354 176.102243 202.111355 341.774780 254.636997 70.327804 317.529526 310.306300 65.620119 312.014423 206.518764 258.565272 100.005000 183.174780 239.827021 236.254100 
149.000000 9.000000 4.000000 a 400.850346 156.016025 283.975351 394.005076 522.586835 181.000000 465.102139 199.150697 412.835318 166.412139 598.588339 498.495737 518.492044 492.468273 492.854948 183.251194 227.297162 406.552580 87.022985 277.483333 440.218128 583.246946 318.943569 360.469139 127.487254 212.219226 424.407823 174.183811 397.705922 111.521298 
101.000000 5.000000 3.000000 a 288.175294 161.409417 240.432943 160.704698 310.601030 99.624294 224.129427 70.604532 201.308221 74.706091 371.012129 257.596584 280.713377 289.994828 302.423544 79.906195 13.928388 189.264365 212.595861 203.383874 205.353354 352.869664 240.526506 145.602198 176.229963 62.393910 297.355007 213.883146 156.588633 133.764719 
167.000000 4.000000 1.000000 a 151.538774 98.020406 40.311289 257.070029 322.117991 256.425428 360.800499 241.598841 394.920245 188.827964 414.797541 376.011968 371.796988 284.692817 273.402633 141.739197 197.344876 380.157862 166.355042 31.112698 372.667412 406.846408 68.410526 341.843531 123.628476 243.823707 177.124250 85.445889 299.474540 175.413796 
292.000000 8.000000 2.000000 a 43.081318 288.201319 168.964493 260.931025 211.858443 407.953429 357.604530 384.200469 455.027472 346.369745 307.416655 350.047140 320.257709 174.545123 144.779142 299.015050 323.445513 437.652830 360.846228 166.337007 399.530975 310.586542 127.011810 415.313135 316.291005 380.465504 24.351591 278.619813 323.371304 355.856713 
248.000000 4.000000 5.000000 a 271.140185 40.459857 170.751281 263.472959 382.832862 137.902139 347.669383 132.924791 331.108743 75.663730 461.841964 375.936165 389.178622 352.018465 352.238556 53.935146 119.205705 320.145280 83.815273 151.013244 336.252881 447.800179 195.092286 275.223546 44.553339 140.431478 291.821863 93.861600 279.435145 44.283180 
192.000000 9.000000 2.000000 a 99.297533 230.841937 162.926364 147.610975 159.248234 309.467284 249.721845 283.015901 338.741790 254.950976 253.931093 249.513527 230.097805 121.433109 112.449989 212.551170 220.020454 321.409396 310.009677 133.296662 286.036711 248.394847 123.320720 298.933103 260.837114 277.146171 93.236259 243.797047 208.798946 279.946423 
160.000000 2.000000 3.000000 a 137.829605 249.689808 198.479218 111.731822 130.801376 304.198948 210.950231 276.211875 307.585760 255.970701 221.142488 209.403916 190.163088 96.938125 99.005050 218.295671 213.063371 290.118941 328.811496 165.387424 250.351753 213.459598 161.198635 271.503223 279.315234 268.680107 127.663621 269.666461 174.315805 288.979238 
108.000000 7.000000 3.000000 a 450.219946 398.339052 453.485391 206.409787 332.677021 275.078171 130.969462 256.538496 43.863424 301.014950 327.152869 166.676333 217.221086 340.851874 370.827453 317.067816 249.465428 49.091751 446.040357 412.778391 70.661163 303.133634 437.687103 95.336247 413.039950 243.852414 444.838173 449.721025 143.683680 362.138095 
101.000000 8.000000 2.000000 a 49.244289 294.090122 175.328264 261.767072 208.626460 412.462119 357.494056 388.506113 456.601577 351.205068 303.726851 349.181901 318.628310 171.723615 141.421356 304.001645 327.514885 439.200410 366.950950 172.351385 400.232432 307.312544 133.270402 417.444607 322.262316 384.610192 28.284271 284.875411 324.376325 361.337792 
179.000000 4.000000 2.000000 a 435.790087 316.741219 403.685521 227.727908 384.001302 162.151164 209.504177 151.634429 83.408633 205.866462 407.470244 252.003968 296.840024 379.116077 402.613959 236.712906 171.405951 87.206651 348.173807 365.629594 151.327460 384.438552 400.116233 61.983869 324.229857 141.481448 438.782406 371.214224 175.231276 262.710868 
101.000000 2.000000 2.000000 a 298.573274 144.312162 238.321212 189.274932 336.752134 76.655072 252.675681 50.159745 220.336107 46.238512 399.340707 286.623446 309.885463 314.610871 325.301399 63.529521 16.401219 209.690248 188.170136 203.867604 231.250946 381.473459 243.823707 164.477962 155.364089 46.818800 310.220889 198.406149 185.431928 106.733313 
276.000000 6.000000 5.000000 a 40.607881 245.814971 115.134704 283.778082 266.046988 386.534604 387.001292 365.892061 467.410954 321.174407 363.397854 385.875628 362.403090 227.008810 200.808366 272.464677 309.376793 450.494173 312.641968 125.063984 421.058191 364.067301 81.000000 422.383712 271.670757 364.363829 64.776539 227.107904 343.208392 320.189007 
151.000000 2.000000 4.000000 a 310.409407 78.600254 188.480768 350.720687 458.268480 204.313485 437.786478 209.093281 417.554787 156.416112 542.583634 465.172011 476.122883 424.499706 419.748734 144.360659 208.194620 407.541409 15.620499 188.302947 426.381285 530.126400 226.737734 361.935077 50.537115 219.317122 335.876465 76.687678 369.628192 98.081599 
184.000000 9.000000 1.000000 a 264.833910 414.797541 360.027777 179.203795 39.051248 434.277561 200.444506 404.753011 343.227330 400.940145 59.076222 166.973052 117.388245 78.644771 104.076895 372.055103 346.770818 327.611050 493.206853 330.637263 263.609560 63.568860 318.498038 333.016516 443.906522 394.011421 240.033331 437.037756 219.790810 444.302825 
186.000000 2.000000 3.000000 a 239.282260 348.969913 312.526799 102.181212 62.513998 357.471677 142.705991 327.942068 277.348157 326.098145 115.745410 120.933866 84.528102 72.346389 105.361283 299.843292 270.697248 260.837114 425.931919 278.431320 201.467119 102.956301 275.049087 261.030650 377.210816 317.077278 220.429127 376.670944 147.013605 371.938167 
255.000000 4.000000 4.000000 a 35.355339 222.894594 96.150923 263.706276 258.631011 360.998615 368.110038 340.270481 444.288195 295.787086 356.366384 369.054197 348.110615 219.107280 195.563289 247.111311 283.790416 427.488012 291.760175 101.123687 399.941246 355.406809 57.706152 398.493413 249.467433 338.732933 64.660653 207.424685 322.007764 296.006757 
239.000000 8.000000 2.000000 a 434.163564 373.430047 432.177047 193.868512 329.123077 248.853370 131.137333 230.234663 19.798990 275.001818 331.386481 170.355511 220.020454 334.281319 363.088144 291.972601 224.153965 23.021729 420.119031 391.624820 67.268120 307.470324 417.968898 69.115845 387.620949 217.559187 430.191818 425.211712 130.923642 336.053567 
242.000000 3.000000 5.000000 a 192.023436 77.388630 67.720012 292.827594 366.279948 252.533166 394.081210 242.538657 415.216811 186.196133 458.170274 412.167442 411.059606 329.133711 318.210622 144.308697 208.201825 401.463572 130.541181 75.822160 400.524656 449.569794 107.912001 360.568995 95.189285 247.145706 218.892668 44.271887 330.275642 158.496057 
245.000000 8.000000 5.000000 a 323.556796 180.867355 271.897039 183.199345 338.249908 73.817342 232.142198 44.687806 185.690603 76.006579 393.021628 268.931218 297.200269 319.907799 334.071849 100.184829 37.013511 176.002841 221.144749 236.019067 203.651663 373.739214 274.344674 130.138388 190.905736 32.756679 332.776201 235.053185 167.475371 137.233378 
218.000000 6.000000 4.000000 a 436.482531 396.339501 445.138181 190.918831 312.270716 281.810220 110.063618 261.512906 57.280014 303.033002 305.198296 144.886162 195.478899 321.566478 352.011363 315.767319 249.050196 55.901699 447.286262 404.312998 52.630789 281.177880 427.463449 100.578328 412.437874 248.501509 430.004651 446.678856 129.073622 364.407739 
169.000000 7.000000 5.000000 a 400.880281 409.859732 432.781700 158.145503 243.731410 328.092975 52.325902 303.250721 133.824512 333.624040 224.396970 68.876701 118.270876 259.878818 292.438028 334.426375 274.040143 124.679589 471.301390 392.449997 62.369865 200.442012 407.638320 156.984076 430.633255 289.836161 389.399538 455.132948 112.017856 393.859112 
118.000000 7.000000 1.000000 a 97.590983 214.009346 148.192442 150.748134 175.316856 297.042085 255.000000 271.149405 337.250649 241.014522 269.208098 257.419890 240.750909 137.905765 129.417928 197.691679 208.540164 320.062494 293.138193 117.200683 288.001736 262.944861 110.163515 295.420040 244.008197 265.830773 96.648849 226.920691 210.230826 264.246097 
273.000000 9.000000 1.000000 a 268.330021 243.148103 271.536370 56.302753 215.956014 201.943061 123.166554 172.629661 166.291912 182.628037 264.911306 151.287805 171.592541 204.120063 224.891085 171.816763 122.286549 149.214611 308.954689 230.688101 127.757583 245.635909 253.031619 126.126920 265.580496 160.863296 266.443240 287.210724 56.035703 238.069318 
274.000000 9.000000 2.000000 a 231.294185 293.831584 278.064741 37.336309 122.983739 291.302249 117.889779 261.772802 229.923900 261.520554 178.465683 117.388245 108.258949 115.260574 141.039002 238.170107 205.060967 212.624081 368.555288 240.168691 163.003067 162.114157 246.497464 204.841402 320.831732 250.888421 219.718001 326.989296 93.637599 309.685324 
197.000000 2.000000 1.000000 a 223.143452 401.034911 329.705930 198.816498 41.000000 443.838935 242.981481 414.638397 380.663894 402.975185 109.635761 214.294190 167.242339 55.758407 63.071388 368.680078 353.564704 364.215595 480.313439 304.809777 303.842064 118.966382 286.225436 363.606931 430.837556 405.093816 196.147903 416.677333 249.723847 440.160198 
244.000000 2.000000 4.000000 a 465.756374 382.388546 453.477673 231.672182 372.474160 240.351825 176.045449 226.373585 33.241540 276.848334 376.430604 215.392665 265.047166 375.996011 403.923260 300.740752 232.757384 50.566788 421.602894 413.566198 112.071406 352.512411 443.067715 78.549348 393.432332 214.841802 463.812462 435.784350 169.664375 336.269237 
118.000000 4.000000 1.000000 a 102.576800 239.102488 171.093542 145.344419 150.791246 314.915862 246.107700 288.173559 338.402128 261.292939 245.725457 244.616026 223.912930 112.871608 104.004808 219.462981 225.035553 321.014018 318.308027 141.823834 284.015845 240.470372 131.034347 299.668150 269.091063 282.007092 94.069124 252.382646 207.183494 287.346481 
144.000000 7.000000 5.000000 a 343.739727 234.616709 311.133412 158.473973 318.698917 119.570063 183.983695 94.936821 128.565159 134.093251 360.934897 223.606798 257.937977 306.719742 326.055210 152.882308 84.770278 118.105885 279.028672 272.567423 148.141824 339.948526 306.537110 72.691127 247.097147 81.541401 348.264267 287.767267 125.363472 195.368882 
148.000000 3.000000 1.000000 a 43.931765 267.615396 161.966046 219.911346 183.024589 374.646500 317.472833 349.857114 414.004831 315.192005 280.401498 311.353497 283.734030 144.055545 118.088950 269.072481 288.078114 396.618204 343.470523 149.566039 358.559618 281.144091 117.379726 374.733238 296.786118 345.351994 20.615528 265.444910 282.285317 329.951512 
194.000000 6.000000 1.000000 a 412.869229 410.440008 439.581619 167.720005 262.177421 320.220237 65.192024 296.379824 116.846053 329.686214 244.495399 88.022724 137.927517 277.028879 309.250707 333.408158 271.060879 109.201648 469.524227 398.994987 53.310412 220.537979 416.082924 144.941367 430.154623 282.978798 402.457451 457.088613 116.103402 390.483034 
125.000000 6.000000 3.000000 a 310.850446 416.941243 386.839760 150.655236 98.183502 404.200445 134.182711 375.033332 279.402935 381.931931 67.683085 95.524866 45.044423 129.807550 162.459226 361.400055 323.241396 265.088664 492.205242 352.295331 198.123699 44.944410 349.468167 277.958630 444.292696 363.001377 290.063786 447.715311 170.906407 432.446528 
297.000000 5.000000 1.000000 a 291.405216 347.040343 340.376262 72.235725 136.970800 317.674362 66.887966 288.736904 203.796467 299.541316 153.941547 55.027266 54.405882 147.027208 178.807159 283.917241 239.603840 187.864313 418.718282 302.001656 125.960311 132.382023 309.291125 194.030925 372.538589 276.443484 277.596830 383.940099 83.570330 353.073647 
136.000000 7.000000 2.000000 a 337.379608 454.854922 420.107129 189.589029 114.477072 442.475988 164.000000 413.392066 308.157427 420.862210 42.379240 122.482652 75.960516 151.462867 181.686543 400.216192 362.082863 294.803324 530.528981 386.694970 226.874415 20.615528 381.435447 311.168764 482.432379 401.254283 314.734809 484.532765 207.272767 471.343824 
162.000000 2.000000 1.000000 a 191.366141 57.454330 96.602277 233.002146 325.479646 200.002500 331.255189 185.421142 348.931225 132.412235 412.283883 351.863610 354.970421 291.075592 286.174772 85.445889 144.201248 335.089540 136.209398 71.253070 334.905957 401.294156 115.433964 294.462222 87.367042 188.087745 212.960090 79.812280 266.120274 124.004032 
205.000000 8.000000 5.000000 a 460.934919 418.761269 469.597700 215.034881 332.079810 298.564901 129.769026 279.644417 67.623960 323.222833 319.606007 161.300961 211.834841 342.965013 373.879660 337.817998 270.599335 72.006944 468.009615 428.785494 76.367532 295.629836 452.133830 118.228592 434.180838 266.865134 454.182783 469.574275 153.525242 384.469765 
173.000000 9.000000 2.000000 a 302.134076 234.173013 286.775173 104.048066 264.168507 160.639348 145.499141 132.245983 140.132081 153.769308 309.260408 181.207064 209.990476 252.335095 272.360056 155.463822 93.605555 124.823876 291.322845 246.456893 127.192767 288.979238 275.181758 90.509668 252.446034 119.519873 303.637942 283.425475 79.649231 213.459598 
282.000000 7.000000 2.000000 a 91.443972 263.229938 182.463695 166.508258 140.918416 344.836193 262.619497 318.157194 362.789195 290.644112 238.287641 256.704110 230.644748 101.390335 84.599054 248.080632 255.031371 345.325933 342.023391 158.221364 304.803215 235.936432 139.463257 326.038341 293.206412 312.006410 75.292762 272.281105 229.314195 314.941264 
187.000000 1.000000 3.000000 a 428.416853 331.730312 407.612561 206.460650 358.096356 190.055255 175.413796 175.102827 45.793013 225.399645 375.395791 217.623528 264.007576 356.355160 381.753847 250.241883 182.543146 49.203658 370.125654 368.278427 115.039124 352.029828 399.846220 37.576588 342.217767 163.441121 428.886931 385.416658 149.090576 284.803441 
227.000000 4.000000 2.000000 a 452.769257 396.590469 453.943829 209.897594 338.378486 270.647372 137.102152 252.669745 38.600518 298.026844 334.073345 173.415686 223.895065 345.939301 375.666075 315.153931 247.347933 46.173586 443.190704 413.303762 75.769387 310.058059 438.857608 92.005435 410.813826 240.104144 447.844839 448.295661 146.986394 359.012535 
220.000000 8.000000 1.000000 a 307.118869 402.057210 377.344670 132.774244 104.661359 384.853219 115.000000 355.763967 260.123048 363.848870 87.800911 77.878110 27.513633 131.726990 165.157501 344.569296 304.763843 245.589088 476.541709 341.786483 179.000000 65.192024 341.247711 257.815826 429.001165 343.633526 287.772480 434.355845 150.734867 415.215607 
233.000000 5.000000 5.000000 a 96.301610 265.062257 129.402473 338.385874 319.264780 420.789734 442.308716 402.591604 518.374382 353.816337 416.001202 441.774830 418.273834 280.713377 253.000000 305.286750 349.692722 501.687154 322.620520 153.941547 474.827337 417.748728 112.294256 471.653474 287.391719 402.517080 117.273185 235.416652 396.894192 344.005814 
254.000000 3.000000 2.000000 a 55.081757 300.509567 179.602339 271.029519 214.946505 420.979809 366.383679 397.190131 466.004292 359.402282 309.362247 357.643677 326.534837 178.572114 147.678705 312.025640 336.364386 448.600045 372.671437 178.443268 409.444746 313.512360 138.397977 426.878203 328.441776 393.410727 37.107951 289.918954 333.677988 368.635321 
197.000000 5.000000 5.000000 a 105.385008 297.042085 211.151604 181.276033 121.037184 376.132955 269.519944 348.969913 379.794681 323.348110 218.515446 258.234390 226.364750 82.097503 57.280014 281.460477 285.700893 362.306500 375.712656 189.763010 316.886415 219.184853 167.074834 346.538598 327.001529 342.286430 81.394103 304.803215 244.124968 348.769265 
254.000000 1.000000 2.000000 a 178.530110 90.824006 53.141321 291.084180 358.258287 263.804852 393.672453 252.659850 420.058329 196.939077 451.169591 410.312076 407.381885 320.632188 308.525526 153.482898 215.541179 405.937187 145.523194 66.037868 402.514596 443.243725 94.578010 365.874295 109.895405 256.688527 205.805734 58.940648 330.938061 171.956390 
277.000000 4.000000 5.000000 a 488.401474 385.253164 466.682976 261.841555 407.710682 230.360587 214.114455 220.966061 69.007246 275.136330 415.014458 254.135790 303.422148 409.235873 436.097466 304.607945 238.069318 84.593144 417.490120 427.649389 150.163245 391.152144 459.795607 96.834911 393.405643 210.850658 488.414783 439.546357 201.526673 332.051201 
120.000000 5.000000 4.000000 a 414.468334 303.427092 385.519131 205.292474 362.022099 157.714933 191.094218 143.422453 76.694198 195.028203 387.397728 233.634330 277.331931 356.721180 380.090779 222.463480 155.708060 76.026311 339.166626 346.969739 135.428948 364.560009 380.552230 42.154478 312.640368 132.098448 417.004796 357.548598 153.639188 253.712436 
216.000000 6.000000 4.000000 a 292.001712 81.467785 203.337158 246.008130 378.207615 97.082439 321.645768 91.065910 293.436535 34.014703 451.154076 352.865413 370.818015 350.435443 354.640663 37.589892 85.510233 283.346078 114.109596 177.890416 304.473316 435.422783 221.822001 237.760384 84.504438 98.898938 309.854805 135.602360 253.475837 36.619667 
268.000000 6.000000 4.000000 a 207.761883 41.436699 94.339811 269.862928 359.089125 213.037555 367.600326 202.950733 379.811795 146.577624 447.394680 388.659234 391.760131 323.748359 316.796465 105.209315 170.417135 366.580141 110.494344 84.504438 369.510487 436.931345 125.717938 324.672142 66.098411 207.713745 232.155121 43.011626 302.000000 121.757957 
139.000000 4.000000 2.000000 a 227.178344 269.981481 262.291822 20.808652 146.294224 265.668967 123.308556 236.144024 219.317122 235.274308 204.707108 131.244047 129.973074 134.000000 156.348969 212.424104 178.921771 201.836568 343.837171 223.271136 159.113167 188.175450 233.567977 189.010582 296.502951 225.459531 218.826415 304.954095 83.815273 283.746366 
221.000000 3.000000 1.000000 a 475.946426 412.617256 474.383811 233.824721 362.084244 279.078842 160.330908 263.121645 50.009999 311.006431 355.508087 195.478899 246.089415 370.028377 399.824962 330.927485 262.819330 63.158531 456.268561 433.881320 99.809819 331.489065 460.405256 105.905618 425.630121 251.007968 471.410649 465.018279 170.856665 371.436401 
157.000000 3.000000 3.000000 a 404.665294 302.948841 380.032893 191.062817 347.001441 164.754363 175.376737 148.054044 67.468511 197.144617 371.614047 217.910532 261.520554 342.344855 366.181649 221.449769 153.769308 63.953108 342.116939 340.966274 120.420098 348.760663 373.376486 26.400758 313.614413 136.014705 406.340990 356.624452 138.293167 256.943574 
293.000000 3.000000 2.000000 a 333.121599 117.413798 244.517893 266.587697 407.570853 64.498062 331.531296 70.256672 284.253408 35.468296 475.441900 365.919390 388.737701 382.005236 388.542147 74.672619 95.000000 276.322276 127.200629 219.658826 306.452280 458.381937 263.594385 230.054341 112.294256 82.000000 350.321281 169.070991 264.622372 42.941821 
278.000000 8.000000 1.000000 a 139.807010 108.747414 69.115845 214.114455 284.397609 239.741527 318.158765 220.988687 357.754105 173.487752 375.250583 333.006006 329.133711 248.072570 239.835360 124.723695 169.614268 342.476277 185.924716 29.698485 331.748399 366.390502 69.641941 305.929730 138.195514 221.070125 160.801119 116.211015 257.614052 174.562310 
169.000000 6.000000 1.000000 a 24.758837 266.662708 151.208465 243.577503 208.060087 384.880501 342.546347 361.188317 435.739601 323.303263 305.080317 337.218030 309.967740 169.425500 142.225174 276.001812 300.562805 418.431595 340.230804 145.399450 382.280002 306.471858 107.912001 394.948098 295.054232 357.531817 6.000000 259.140888 305.483224 333.330167 
151.000000 9.000000 3.000000 a 299.482888 292.482478 316.083850 55.758407 205.021950 237.655212 73.979727 209.322717 143.108351 227.107904 236.484672 105.152271 133.405397 202.405534 228.659135 220.127236 166.207701 125.674182 357.463285 275.408787 85.982556 215.113923 294.146222 118.342723 314.658545 196.580772 293.470612 336.429785 8.062258 284.541737 
292.000000 6.000000 1.000000 a 390.708331 241.298570 340.473200 222.171105 382.252534 82.054860 241.478778 71.784399 151.647618 127.910125 424.231069 282.605732 319.677963 369.173401 387.218285 164.295466 106.018866 148.003378 268.001866 305.000000 196.468827 402.955333 343.384624 104.316825 246.221445 63.063460 398.459534 296.006757 187.472665 182.693733 
260.000000 4.000000 3.000000 a 353.239296 220.077259 309.012945 185.647515 345.128961 88.588938 215.807785 65.969690 150.013333 112.294256 390.907918 255.384025 289.110705 330.938061 348.414982 139.542108 74.652528 142.021125 257.316925 272.150694 178.474088 370.256668 309.014563 95.754895 229.264040 52.952809 360.223542 274.351964 156.604598 172.290452 
241.000000 9.000000 4.000000 a 351.318943 391.214775 396.232255 121.004132 182.989071 336.786282 36.359318 309.381641 178.058979 329.946965 169.026625 8.246211 58.855756 200.471943 233.452351 321.864878 269.046464 164.975756 458.904129 357.022408 96.881371 145.055162 366.934599 185.148589 414.840933 296.285335 337.431475 431.918974 98.792712 387.330608 
299.000000 7.000000 4.000000 a 111.825757 171.303824 36.769553 297.149794 324.279201 333.204142 403.447642 317.472833 456.798643 265.648264 421.390555 411.655196 398.406827 284.782373 265.216892 218.057332 269.773979 441.081625 229.366519 71.449283 424.925876 417.737956 48.259714 406.004926 193.258894 318.962380 141.209065 142.274383 348.367622 251.031870 
164.000000 5.000000 1.000000 a 49.406477 279.723077 149.913308 294.244796 256.532649 415.765559 394.405882 394.087554 483.740633 351.336021 352.363449 389.535621 362.008287 218.817275 189.594304 302.828334 335.934517 466.567251 347.311100 158.154987 432.781700 355.259060 114.529472 441.010204 305.949342 391.827768 57.775427 261.885471 355.519338 353.000000 
102.000000 8.000000 1.000000 a 345.930629 495.685384 443.938059 244.239636 122.702893 500.617619 231.657074 471.221816 376.204731 473.565201 33.837849 190.517716 142.635900 161.969133 183.991848 448.385994 416.692933 362.667892 573.433518 414.468334 294.864376 55.027266 402.243707 377.604290 524.400610 459.593298 319.920303 519.850940 270.623354 520.447884 
129.000000 3.000000 2.000000 a 98.000000 285.671140 200.481919 177.530279 128.561269 366.488745 268.672663 339.532031 375.587540 313.036739 226.276380 259.169828 229.157151 89.140339 66.850580 270.780354 276.305990 358.094959 364.321287 178.549713 314.338989 226.000000 156.588633 341.058646 315.626361 333.073565 75.927597 293.470612 240.526506 337.783955 
180.000000 3.000000 1.000000 a 253.870045 82.377181 177.552809 207.684857 335.037311 120.332872 290.394559 103.730420 280.371183 54.129474 409.796291 318.849494 333.282163 306.789830 310.813449 6.324555 68.007353 268.287160 141.039002 146.540097 280.301623 394.737888 189.108435 224.617453 99.408249 106.301458 270.016666 135.029626 222.173356 78.102497 
224.000000 1.000000 4.000000 a 124.919974 154.159009 113.137085 163.248277 229.139695 247.477272 269.105927 223.787846 325.313695 187.096232 318.863607 280.577975 273.875884 193.847879 188.732615 141.283403 163.884105 309.006472 233.420222 74.006756 289.499568 309.769269 90.049986 277.243575 184.133104 220.465417 136.718689 171.189953 212.809774 205.243758 
178.000000 3.000000 5.000000 a 71.063352 185.714835 97.144223 197.618319 224.147273 299.866637 303.488056 277.027074 373.737876 237.474209 319.820262 308.585482 293.552380 185.407659 171.128607 190.010526 217.882996 357.012605 262.457616 72.180330 331.507164 314.658545 57.218878 327.727021 215.113923 274.175127 86.284413 187.768474 253.663162 248.298208 
Type de surveillance de chaque endroit(target):tab[nombre de target]
a a a a a a a a a a a a a a a a a a a a a a a a a a a a a a 