Nombre des capteurs:
100
Nombre des targets:
30
Nombre de type de surveillance:
1

Caracteristiques:
103.000000 3.000000 1.000000 a 394.555446 359.901375 448.475194 130.862523 147.054412 408.636758 129.691943 301.582493 434.497411 110.040901 320.918993 330.296836 353.786659 369.606548 320.057807 425.553757 469.720129 356.949576 222.049544 218.357505 153.473125 262.718481 421.930089 202.950733 531.836441 392.390112 364.078288 421.627798 362.667892 58.591808 
167.000000 1.000000 5.000000 a 270.001852 253.617823 426.057508 133.154046 20.248457 424.001179 179.412932 308.014610 373.048254 191.342625 193.313217 379.969736 244.008197 307.883095 204.978048 322.913301 355.384299 339.390630 195.634864 266.046988 176.241312 138.057959 385.253164 177.369670 484.153901 379.110802 265.529659 371.732431 408.677134 71.344236 
216.000000 3.000000 5.000000 a 171.187032 69.354164 273.248971 297.835525 304.607945 365.629594 347.207431 293.470612 138.827231 388.870158 231.486501 418.660961 85.906926 121.655251 128.280942 33.301652 111.758669 246.758992 231.147139 361.951654 312.001603 207.200386 214.373506 240.074988 247.517676 272.501376 47.010637 171.735261 427.603789 370.753287 
271.000000 8.000000 1.000000 a 421.921794 305.000000 41.400483 282.639346 400.281151 102.956301 286.111866 116.516093 149.251466 323.426962 441.131500 202.800394 319.043884 151.476071 338.072477 303.960524 382.126942 54.083269 198.600101 226.450878 256.550190 380.669148 65.306967 217.892175 156.952222 18.601075 274.781732 108.452755 194.504499 409.293293 
247.000000 6.000000 4.000000 a 195.726850 161.771444 363.918947 140.206990 84.958814 386.581169 199.421664 273.080574 291.302249 228.122774 143.087386 369.925668 153.075145 228.254244 116.841773 230.766115 267.166615 285.043856 154.638288 266.189782 178.966477 71.610055 316.303652 142.351677 406.444338 325.006154 173.349358 295.880043 394.031725 155.955122 
108.000000 1.000000 1.000000 a 197.676503 82.200973 238.201595 217.910532 247.315588 307.834371 265.544723 221.400090 132.853303 307.566253 224.109348 345.314350 94.894678 79.227520 116.107709 110.353976 182.463695 188.045207 149.090576 281.186771 230.078248 176.082367 181.176709 158.003165 250.838594 220.952484 56.400355 148.054044 357.494056 302.034766 
153.000000 9.000000 2.000000 a 324.163539 219.829479 184.894565 137.611773 251.310565 193.132079 157.784663 84.876381 179.777640 200.412075 317.592506 203.656574 227.905682 124.036285 229.584407 252.578701 326.019938 96.046864 48.846699 142.506140 122.319254 249.649755 153.808322 68.447060 264.699830 135.712932 199.210943 157.841693 219.244156 261.237440 
288.000000 3.000000 2.000000 a 296.546792 190.412710 188.223272 146.754898 243.756026 214.107450 176.232801 111.865991 160.654910 219.492597 294.884723 233.002146 198.979898 100.284595 202.852163 222.733024 296.055738 106.042444 56.035703 170.839106 139.713994 229.000000 148.717854 74.411021 255.123500 146.000000 169.307413 144.360659 247.552015 264.054919 
186.000000 5.000000 1.000000 a 373.301487 268.895891 162.806634 400.216192 467.453741 290.688837 427.429526 289.171230 96.208108 470.005319 432.255711 394.081210 286.148563 162.003086 324.445681 224.008928 284.964910 213.964950 309.919344 395.297356 391.706523 396.273895 134.212518 328.001524 59.548300 207.002415 238.665037 112.258630 386.745394 509.863707 
164.000000 7.000000 5.000000 a 133.686200 68.154237 326.459798 204.247399 176.173210 379.697248 261.965647 277.838082 225.321992 298.303537 133.660016 393.174262 60.671245 171.187032 37.802116 137.353558 177.282261 264.168507 173.366663 306.493067 232.490860 83.815273 271.361383 171.420536 343.447230 301.144484 82.734515 240.674053 411.409771 248.887525 
218.000000 1.000000 5.000000 a 292.263580 207.183494 250.427634 405.937187 438.320659 372.155881 445.600718 340.992669 125.602548 488.881376 365.919390 459.377840 223.134489 171.303824 266.257394 145.230851 189.000000 272.442655 323.484157 435.178124 408.922976 345.411349 204.120063 338.048813 166.234774 279.546061 183.861361 164.201096 458.401571 497.012072 
284.000000 8.000000 3.000000 a 206.700266 89.319651 226.108381 237.507895 270.647372 304.356699 283.049466 225.177708 112.378824 325.557983 241.167991 350.155680 104.403065 65.787537 132.000000 101.079177 177.228666 184.287818 164.003049 292.801981 247.072864 196.743488 167.868997 174.734084 230.488611 214.394496 58.668561 131.548470 360.312364 324.829186 
133.000000 9.000000 2.000000 a 330.340733 281.822639 374.471628 55.027266 111.211510 350.583799 87.846457 237.227739 351.461235 100.568385 269.295377 292.801981 277.405840 286.276091 247.584329 345.376606 394.324739 283.534830 142.635900 177.564073 92.005435 202.607996 343.421024 123.004065 451.452102 321.056070 283.323137 340.207290 322.894720 72.801099 
216.000000 8.000000 4.000000 a 440.447500 327.299557 93.605555 394.655546 488.889558 216.333077 409.003667 247.644907 134.059688 448.937635 485.807575 331.903600 344.175827 186.560982 376.479747 296.863605 366.105176 175.000000 304.200592 358.094959 376.183466 438.808614 103.406963 323.803953 36.359318 151.637726 295.169443 117.175083 318.521585 515.593832 
212.000000 7.000000 3.000000 a 415.405826 333.054050 292.960748 96.834911 243.304336 233.238076 50.159745 135.882302 322.024844 73.925638 377.127299 157.276826 335.679907 266.992509 321.137042 380.757140 447.044740 205.000000 121.926207 42.047592 55.154329 305.196658 281.774733 115.520561 394.849338 233.362379 321.068529 296.233016 188.382589 201.804361 
221.000000 8.000000 4.000000 a 421.882685 305.954245 65.734314 263.400835 385.797875 89.403579 264.017045 92.698436 163.294213 300.562805 435.724684 180.136060 319.164534 155.878158 335.180548 310.459337 388.931871 40.199502 182.222392 202.200396 235.467620 373.065678 82.764727 201.062179 180.944743 7.000000 276.795954 122.772147 173.807365 390.717289 
125.000000 2.000000 4.000000 a 323.024767 232.594067 230.184708 414.120755 456.810683 355.140817 450.258814 334.073345 118.713942 493.568638 393.695314 448.683630 249.098374 174.040225 291.386341 174.324410 222.081066 262.488095 328.495053 432.907611 413.624226 369.218093 189.066126 344.305097 136.693087 264.984905 206.929940 153.209008 445.426762 511.202504 
175.000000 7.000000 2.000000 a 283.978872 166.760307 148.929514 256.563832 325.000000 239.820766 289.153938 183.199345 49.578221 332.398857 318.039306 306.114358 182.386951 17.000000 209.468375 160.206117 238.530920 123.664870 168.154691 273.660373 252.634123 268.627996 90.138782 185.064853 161.245155 145.670862 135.029626 54.037024 310.190264 364.215595 
140.000000 3.000000 5.000000 a 434.191202 326.252969 157.155973 202.200396 342.147629 94.530418 187.243157 26.076810 231.698079 218.680132 427.603789 103.730420 335.876465 200.002500 340.219047 349.181901 426.010563 86.005814 143.589693 113.137085 165.656271 358.436884 164.757397 157.496032 271.326372 97.989795 302.352443 195.125601 111.606451 328.525494 
124.000000 5.000000 1.000000 a 346.343760 250.888421 221.056554 100.463924 233.308808 202.089089 110.435502 86.023253 228.464439 152.463110 326.442951 182.098874 256.400078 172.002907 250.449596 291.547595 361.780320 129.541499 39.623226 100.000000 76.380626 255.368361 197.567710 49.040799 310.009677 165.921668 234.437625 205.528587 203.744939 228.037278 
117.000000 9.000000 3.000000 a 87.361319 70.007142 364.965752 330.219624 292.514957 450.894666 386.349583 367.839639 231.486501 424.406645 169.920570 491.294209 68.593003 208.904284 100.662803 65.375837 50.009999 330.854953 284.154887 419.659386 354.587084 174.862803 305.949342 287.459562 337.431475 360.000000 90.138782 264.007576 503.978174 372.828379 
257.000000 7.000000 5.000000 a 300.403063 270.416346 409.470390 101.079177 60.307545 396.988665 141.548578 281.822639 369.567315 151.211772 229.314195 345.392530 262.908729 303.784463 227.264163 338.017751 377.636068 320.351370 175.914752 230.495119 142.555252 168.715737 372.876655 156.540730 476.388497 359.302101 278.001799 363.859863 374.977333 46.957428 
241.000000 7.000000 3.000000 a 194.858923 128.658463 312.003205 138.003623 136.033084 343.493814 196.061215 233.555133 237.402612 232.019396 168.585290 340.476137 125.063984 174.048844 101.592323 193.132079 242.018594 236.433923 119.037809 246.130047 167.720005 99.161484 262.992395 112.432202 352.230038 275.960142 131.912850 241.698159 361.668356 193.662077 
280.000000 5.000000 5.000000 a 325.345970 222.173356 179.359973 373.026809 429.009324 302.978547 405.531750 282.453536 69.570109 448.688088 385.659176 396.025252 239.384628 131.228808 278.598277 176.011363 238.170107 210.116634 284.903492 383.212735 369.120577 352.149116 136.341483 301.783035 100.846418 212.268698 192.585046 101.004950 392.657612 476.681235 
185.000000 8.000000 1.000000 a 361.333641 352.029828 497.821253 179.936100 110.440029 474.236228 200.039996 361.889486 461.735855 189.644404 276.088754 406.492312 342.317104 395.960857 302.702825 421.279005 452.602475 407.461655 264.321774 292.006849 214.573997 231.613903 463.569844 244.632377 568.248185 445.486251 363.435001 455.800395 438.164353 52.201533 
200.000000 1.000000 3.000000 a 114.978259 67.029844 341.344401 329.492033 304.507800 431.483488 383.888005 353.069398 205.936884 423.288318 193.600103 477.529057 72.532751 187.970742 112.254176 38.078866 50.328918 311.834892 276.441676 411.205545 350.827593 190.821906 282.462387 281.604332 310.058059 339.299278 77.077883 239.766553 488.706456 381.451176 
189.000000 9.000000 5.000000 a 336.823396 222.407284 122.482652 205.380135 309.517366 167.630546 223.660457 96.104110 122.800651 265.452444 348.810837 219.572312 234.642281 84.172442 248.565887 236.008474 313.912408 48.301139 115.108644 191.801981 189.129585 286.944245 85.912746 134.792433 197.083739 85.146932 194.917931 93.776330 225.539354 327.391203 
229.000000 7.000000 1.000000 a 275.675534 210.038092 312.865786 54.405882 124.016128 311.642423 113.318136 195.655309 275.174490 148.276768 233.383804 281.753438 208.062491 209.537586 184.764715 270.275785 324.616697 225.077764 81.049368 175.695760 88.865066 161.375339 275.263510 63.071388 379.400843 264.660159 207.894204 267.067407 307.390631 139.053946 
275.000000 4.000000 3.000000 a 422.852220 319.607572 188.095720 170.073514 313.249102 127.882759 152.085502 32.280025 247.018218 183.382115 409.058675 103.855669 327.665988 206.951685 327.562208 349.322201 424.354804 107.856386 121.803120 79.812280 131.848398 338.498154 188.215302 132.774244 298.328678 128.140548 298.283422 213.354166 121.400165 295.149115 
297.000000 2.000000 4.000000 a 321.819825 239.175668 268.477187 52.201533 182.989071 253.001976 84.011904 137.091211 256.908544 126.905477 290.036205 220.676233 241.298570 194.589311 226.991189 289.913780 353.707506 177.564073 40.496913 119.004202 48.041649 217.919710 239.175668 24.515301 349.313613 215.406592 228.973798 240.208243 245.817005 177.924141 
184.000000 4.000000 3.000000 a 397.292084 298.412466 208.693555 135.181360 278.341517 161.941347 121.313643 52.697249 247.929425 156.204994 378.600053 129.957685 305.103261 200.249844 301.496269 333.803835 406.696447 121.202310 91.678787 66.490601 97.984693 307.402017 199.459269 100.239713 312.078516 149.214611 279.517441 218.130695 151.818971 260.909946 
130.000000 3.000000 1.000000 a 49.406477 150.479234 462.524594 322.453097 226.000000 524.203205 381.938477 422.427509 343.704815 410.991484 54.589376 535.280300 133.843192 302.512810 110.571244 194.517351 168.404275 407.357337 313.746713 441.480464 358.860697 112.401068 404.902457 308.301800 458.027292 443.072229 182.701943 368.435883 554.917111 315.670715 
121.000000 6.000000 3.000000 a 140.801278 117.200683 368.110038 190.588562 128.156155 408.314830 250.121970 299.641452 276.088754 281.328989 102.215459 406.400049 105.309069 218.508581 64.513564 187.042776 214.895323 298.100654 185.270073 309.187645 226.108381 35.128336 315.458397 177.589414 393.960658 336.857537 136.029409 288.196114 427.954437 208.470621 
250.000000 3.000000 3.000000 a 389.651126 291.384626 210.722566 128.471787 270.822820 168.315181 117.345643 56.797887 245.165250 153.574086 370.563085 137.905765 297.874134 196.022958 293.824778 327.661411 400.151221 122.004098 83.737686 69.354164 92.347171 299.347624 199.210943 92.179173 312.128179 151.644321 272.882759 216.314586 159.881206 254.756747 
270.000000 3.000000 3.000000 a 357.337376 240.052078 75.643903 282.455306 376.033243 179.888855 301.602387 156.894869 71.693793 343.110769 388.161049 267.267656 255.493640 85.702975 280.722283 230.217289 307.605267 82.298238 191.441897 263.150147 267.226496 334.539983 16.763055 210.876741 119.004202 85.615419 208.405854 30.886890 264.439029 401.926610 
124.000000 1.000000 3.000000 a 204.240055 102.415819 253.239018 171.828403 204.022058 303.222690 222.036033 204.137209 169.198109 263.190045 209.066975 323.443967 108.466585 106.625513 110.981981 150.119952 214.841802 187.544661 112.008928 247.386338 187.600640 150.003333 200.561711 117.085439 284.692817 224.877745 88.955045 175.413796 339.423040 254.701786 
121.000000 4.000000 4.000000 a 173.666347 64.288413 264.756492 282.143580 292.514957 353.578846 331.255189 278.958778 133.753505 372.978552 227.774011 404.071776 81.492331 109.877204 121.741529 47.010637 124.470880 234.181554 215.127869 346.135811 296.006757 198.879360 205.730406 224.055797 246.000000 261.197243 36.619667 164.158460 413.562571 356.910353 
147.000000 7.000000 1.000000 a 131.183078 97.416631 355.810343 198.539669 147.166572 401.478517 257.800310 295.203320 259.347258 290.929545 107.563934 405.493526 85.883642 203.420746 46.690470 167.287178 197.306868 288.904829 183.861361 311.905434 231.708869 49.477268 302.006622 178.213355 377.413566 327.024464 116.387285 273.124514 425.836823 225.534920 
169.000000 5.000000 5.000000 a 228.527898 134.134261 253.047426 138.462991 186.954540 288.404230 188.023935 182.781290 187.256509 229.264040 220.617316 297.699513 138.195514 121.827747 132.943597 184.133104 247.879003 178.213355 80.529498 216.011574 153.639188 155.003226 204.943895 83.677954 298.484505 217.441946 122.800651 186.507373 315.748317 228.429420 
230.000000 2.000000 1.000000 a 280.515597 171.685759 180.313616 322.948912 373.893033 292.473930 359.005571 251.676380 41.048752 402.325739 334.574356 371.845398 188.939144 82.861330 226.296266 135.340312 206.630104 185.440017 237.143417 345.220220 322.349190 298.077171 125.801431 252.922913 138.177422 197.709383 140.811931 81.835200 372.833743 423.036641 
133.000000 3.000000 4.000000 a 205.827598 112.641023 266.046988 154.466825 184.173831 308.176897 206.700266 204.482273 188.480768 247.018218 201.136769 320.357613 115.870618 124.811858 110.390217 166.147525 227.129919 195.489130 103.077641 238.379949 173.277235 138.050715 215.244048 105.004762 302.986798 233.985042 104.000000 192.595431 338.096140 234.136712 
169.000000 5.000000 5.000000 a 399.592292 282.809123 43.566042 321.622449 421.118748 168.807583 335.529432 177.132719 99.297533 375.660751 433.664617 272.734303 298.718931 130.464555 325.676220 266.593323 342.171010 102.727796 231.607426 287.179386 302.645007 380.821480 31.953091 251.286689 89.319651 85.988371 250.784768 64.513564 264.272587 443.717252 
110.000000 7.000000 5.000000 a 390.322943 287.716875 186.676190 148.475587 286.923335 149.083869 141.173652 34.205263 226.614210 177.654158 377.127299 136.124943 295.487732 181.220860 295.006780 319.339944 393.605132 98.473347 90.376988 88.600226 114.769334 306.882714 176.649370 102.883429 289.254213 127.561750 267.052429 195.969385 153.837577 275.769832 
298.000000 7.000000 3.000000 a 385.406279 332.254421 386.214966 77.388630 160.776242 343.493814 64.560050 237.023206 382.256458 53.225934 324.229857 268.067156 329.024315 318.893399 301.159426 393.451395 446.010090 294.803324 166.234774 154.466825 90.210864 257.963176 362.751981 148.408221 474.175073 329.220291 331.072500 365.920756 300.006667 94.578010 
229.000000 5.000000 2.000000 a 57.706152 137.364479 444.830305 296.905709 202.714084 502.696728 356.387430 399.439607 330.000000 385.498379 38.275318 511.124251 120.203993 285.567855 90.956033 188.679623 173.254149 386.803568 289.499568 416.394044 333.421655 87.091905 387.831149 283.593018 445.818349 423.180812 169.106475 352.740698 531.202410 292.104433 
289.000000 9.000000 2.000000 a 222.200360 114.402797 230.262893 176.646540 223.033630 282.936389 222.811580 187.395304 149.495819 265.062257 231.464900 309.006472 123.069086 85.428333 131.034347 152.777616 222.467975 166.012048 106.212052 239.401337 187.171045 173.002890 177.634456 115.004348 263.592489 202.773272 95.078915 153.378617 323.426962 268.633579 
267.000000 8.000000 3.000000 a 346.301891 248.455227 210.535033 110.571244 241.051862 194.435079 120.801490 78.517514 219.164322 162.603813 329.341768 180.546393 254.636997 163.768129 250.511477 286.965155 358.231769 119.037809 42.059482 104.923782 86.977008 258.750845 187.018716 54.918121 299.541316 155.682369 230.846269 195.532606 200.810856 237.945372 
188.000000 6.000000 4.000000 a 298.511306 291.780740 463.953661 160.112460 48.332184 455.742252 197.699267 340.324845 414.010869 201.062179 214.755675 403.421616 281.314770 348.749194 240.852652 361.437408 390.225576 376.095732 231.639807 288.196114 201.318156 168.671278 424.577437 212.720474 524.626534 415.486462 305.103261 412.112849 433.364742 58.137767 
188.000000 5.000000 3.000000 a 429.773196 323.558341 169.283785 189.594304 330.856464 107.354553 173.461811 23.259407 237.539470 204.792578 420.373643 101.965681 332.583824 202.385770 335.201432 349.177605 425.377479 93.904207 134.629120 99.764723 152.397507 350.616600 173.769963 147.526269 281.952124 109.658561 300.629340 202.061872 113.899078 315.483756 
282.000000 8.000000 1.000000 a 454.696602 350.647972 192.782261 195.576072 341.247711 110.494344 170.073514 53.450912 267.904834 196.173393 440.855986 72.945185 359.026461 232.774569 359.488526 378.419080 454.138745 123.199026 153.495928 85.586214 155.012903 370.129707 202.237484 163.719272 308.358558 134.480482 328.660919 232.002155 89.403579 317.833290 
241.000000 5.000000 1.000000 a 149.576068 119.037809 361.005540 181.135309 124.779806 399.405809 240.651200 290.291233 271.692841 272.249885 111.830228 396.601815 108.258949 213.025820 69.426220 188.904738 220.077259 289.886185 175.570499 299.294170 216.363121 43.174066 308.933650 167.737891 389.313498 328.823661 135.771867 282.603963 418.259489 202.785601 
205.000000 9.000000 2.000000 a 109.041277 106.099010 380.276215 368.289288 331.144983 473.763654 423.820717 396.610640 242.470617 462.403503 200.212387 521.095001 107.074740 229.863003 139.832042 75.604233 11.180340 354.419243 318.788331 453.894261 391.471583 212.322867 321.740579 323.210458 340.308683 380.938315 120.303782 278.255278 532.184179 412.040047 
136.000000 5.000000 5.000000 a 167.170572 51.156622 266.101484 259.855729 269.267525 347.522661 310.006452 266.810794 142.126704 351.364483 212.426458 391.371946 68.007353 106.943911 104.120123 63.150614 135.694510 227.466481 195.800919 328.566584 275.147233 178.619708 207.280004 203.629566 257.856549 257.157539 19.000000 168.077363 402.457451 333.204142 
221.000000 1.000000 5.000000 a 48.836462 163.682620 477.980125 374.769262 287.179386 552.211010 434.245322 457.192520 349.252058 465.620017 116.619038 574.930431 150.233152 318.311169 144.422990 185.690603 136.014705 432.906456 355.444792 487.447433 408.711390 170.017646 419.144367 352.604594 457.564203 465.928106 194.339908 379.158278 592.203512 376.579341 
171.000000 6.000000 4.000000 a 284.028168 179.724790 193.080294 343.460332 390.493278 309.040450 380.139448 272.150694 58.189346 423.463103 343.209848 391.471583 196.939077 104.120123 236.247751 135.624482 202.141040 204.707108 258.193726 366.488745 343.470523 310.382023 141.155942 273.775455 136.894120 214.848784 150.216510 98.488578 391.655461 441.815572 
237.000000 8.000000 2.000000 a 343.861891 263.153947 278.195974 45.541190 189.931567 251.246891 61.131007 137.102152 276.421779 104.403065 308.379636 207.337888 265.005660 215.406592 249.559612 314.078016 377.785654 186.681547 61.032778 100.005000 24.515301 236.211769 253.148178 48.041649 364.736891 222.766694 253.160028 257.489806 234.326695 172.956642 
197.000000 3.000000 2.000000 a 136.124943 180.767807 457.316083 251.031870 131.897688 495.390755 308.622747 384.400832 360.111094 331.657956 44.011362 484.664833 164.477962 305.576504 122.102416 244.826469 245.863783 387.020671 267.151642 380.468133 291.907520 54.230987 404.100235 256.353272 478.223797 425.988263 207.858125 375.246586 508.381746 221.461058 
171.000000 1.000000 1.000000 a 335.005970 218.357505 106.004717 233.555133 330.163596 176.082367 254.064952 122.200655 94.005319 296.057427 355.449012 242.332416 232.124966 67.896981 251.240920 222.829531 301.310471 58.309519 142.523682 221.939181 219.200821 297.284376 59.481089 161.969133 167.621598 84.314886 188.679623 62.968246 245.155053 353.344025 
131.000000 9.000000 2.000000 a 42.426407 159.100597 474.341649 353.645303 260.969347 542.971454 413.185189 444.668416 349.676994 443.365538 89.202018 560.244589 143.961800 314.027069 130.418557 191.316492 151.608047 424.590391 339.458392 469.614736 388.870158 145.784087 415.914655 335.375908 460.977223 458.911756 190.937162 377.385744 578.662250 350.583799 
297.000000 4.000000 1.000000 a 344.261528 230.367098 112.800709 325.731485 402.617685 233.053642 351.229270 215.244048 37.121422 393.686423 389.082254 325.960120 247.202346 94.810337 279.715927 203.769478 276.848334 141.226768 234.887207 319.640423 315.683386 343.960754 65.734314 253.387056 83.570330 141.661569 198.204440 35.777088 322.083840 438.854190 
286.000000 7.000000 1.000000 a 329.874218 213.377600 107.335921 289.278413 369.867544 214.953483 314.707801 183.273020 36.674242 357.239416 367.001362 298.564901 229.512527 65.115282 258.193726 197.739728 274.361076 111.758669 198.345658 285.224473 279.100340 317.647603 49.517674 216.933169 115.762688 120.303782 181.245690 5.385165 297.410491 403.447642 
173.000000 6.000000 4.000000 a 63.324561 95.126232 399.712397 267.082384 193.889144 458.872531 326.496554 357.351368 286.174772 358.620970 68.622154 471.410649 77.878110 240.559764 45.880279 153.323188 154.547727 342.317104 250.315801 380.468133 300.815558 72.006944 342.772519 246.107700 402.703365 378.399260 126.019840 308.016233 490.407993 280.144606 
161.000000 9.000000 4.000000 a 585.642382 476.598363 235.594991 327.246085 475.194697 107.707938 290.759351 177.428859 356.287805 304.657184 576.938472 84.053554 486.785374 340.640573 491.678757 494.417839 572.386233 215.522621 289.946547 198.567369 284.564580 506.628069 274.590604 300.612708 353.362420 199.461776 451.453209 315.792653 52.239832 442.386709 
175.000000 9.000000 2.000000 a 352.404597 236.038133 94.047860 235.053185 338.600059 157.699081 251.286689 109.165013 107.670795 292.479059 370.666966 226.585525 249.559612 86.278618 267.529438 241.207380 319.690475 40.718546 145.055162 212.849712 217.414351 311.088412 56.568542 164.754363 169.011834 66.370174 206.634944 72.560320 228.238910 357.404533 
250.000000 9.000000 5.000000 a 367.310495 256.195238 120.552893 360.111094 436.646310 247.145706 384.480169 242.785914 66.098411 426.691926 417.252921 348.001437 273.309349 128.631256 308.016233 222.245360 291.204396 167.487313 269.133796 349.463875 349.194788 374.862642 87.692645 287.767267 52.469038 161.111762 224.437074 69.202601 341.410310 473.565201 
136.000000 1.000000 1.000000 a 492.403290 398.963657 275.675534 188.042548 335.529432 180.380154 140.801278 128.875909 344.117712 149.003356 462.934121 72.780492 404.477441 301.532751 396.648459 436.771107 508.944005 203.577995 186.142419 54.817880 144.917218 390.755678 283.637092 187.877620 391.173874 217.469538 381.580922 310.452895 105.759160 291.053260 
209.000000 3.000000 2.000000 a 508.780896 392.903296 106.404887 322.628269 457.109396 35.608988 309.011327 140.071410 240.000000 338.545418 520.216301 158.808060 406.099741 241.811910 421.375130 395.479456 473.777374 124.615408 253.049402 228.779370 287.503043 455.724698 155.206314 270.046292 220.911747 90.697299 363.633057 199.444228 137.419067 449.805514 
103.000000 2.000000 1.000000 a 128.875909 128.817701 393.325565 209.403916 127.475488 434.222293 268.821502 325.203014 298.115749 297.865742 77.420927 430.698270 114.629839 242.123935 70.936591 197.436066 215.967590 324.003086 210.097596 331.639865 246.756965 10.770330 340.147027 201.603571 416.203075 362.691329 151.716842 311.841306 452.739439 213.114992 
298.000000 2.000000 3.000000 a 216.981566 143.087386 295.717771 119.941652 142.779550 321.976707 176.570099 211.009478 230.288949 214.112120 191.755052 317.056777 141.718030 165.360213 122.539789 203.855341 257.856549 217.278623 95.692215 223.215143 146.700375 121.671689 248.909622 89.106678 342.649967 257.124483 141.598023 230.835439 338.368143 189.994737 
187.000000 5.000000 2.000000 a 460.722259 343.918595 41.677332 361.933696 472.245699 149.214611 367.490136 197.385410 158.319298 404.882699 493.623338 267.912299 359.780489 190.918831 386.121742 326.534837 401.143366 133.146536 275.181758 306.419647 337.468517 439.092245 89.140339 294.811804 102.357218 99.724621 311.910243 125.574679 252.414342 487.462819 
140.000000 4.000000 4.000000 a 28.844410 103.174609 416.000000 336.150264 271.140185 493.122703 394.798683 401.639142 286.932048 429.400745 122.413235 521.829474 91.438504 256.719691 97.308787 125.004000 90.271812 373.343006 305.640311 440.065904 366.349560 149.214611 357.095225 305.131119 396.025252 405.423236 132.834483 316.865902 537.492326 357.358364 
224.000000 7.000000 4.000000 a 241.671264 237.453153 436.903880 160.461833 14.422205 444.014639 210.535033 328.032011 373.016085 224.931101 160.822884 407.103181 226.119437 309.118100 184.743065 307.332068 333.376664 353.009915 212.021225 294.552203 203.924005 111.400180 392.756922 195.125601 487.016427 393.066152 253.013834 375.485020 434.885042 103.324731 
264.000000 1.000000 4.000000 a 59.640590 61.400326 375.474367 280.930596 226.808289 444.460347 339.324329 349.126052 254.568262 374.513017 108.673824 467.847197 45.122057 215.127869 41.761226 112.254176 116.077560 325.591769 250.281841 384.360508 310.543073 107.424392 317.320028 249.359179 369.135476 359.573358 93.648278 279.873186 484.430594 309.725685 
179.000000 4.000000 5.000000 a 100.079968 128.362767 414.342853 243.238566 153.117602 461.824642 302.645007 354.764711 310.885831 331.386481 47.169906 462.603502 112.004464 259.030886 70.007142 192.608411 198.829072 349.171877 241.346224 364.891765 280.492424 33.241540 359.450970 233.805475 428.788992 387.091720 156.016025 328.298645 483.985537 241.298570 
264.000000 8.000000 5.000000 a 383.835902 317.516929 341.552339 55.108983 183.349393 296.735573 18.110770 190.588562 346.236913 39.204592 332.861833 225.077764 316.659123 284.810463 294.090122 374.085552 432.560978 250.449596 130.268953 110.072703 47.010637 262.908729 320.806795 114.791115 433.148935 283.876734 312.001603 327.001529 256.382527 133.958949 
276.000000 9.000000 2.000000 a 318.713037 219.829479 199.022612 384.532183 434.424907 322.614321 418.936749 300.106648 85.158675 462.195846 382.989556 414.786692 236.864940 143.125819 277.461709 168.760185 226.559043 228.492888 297.607124 399.489674 382.384623 352.943338 155.708060 313.944263 115.974135 231.624696 191.595929 119.205705 411.844631 485.136063 
246.000000 1.000000 3.000000 a 370.297178 295.967904 308.025973 44.687806 191.094218 268.033580 23.537205 158.902486 313.499601 66.760767 327.024464 206.421898 296.622656 252.936751 277.800288 349.322201 411.004866 216.778689 98.671171 91.706052 13.416408 255.501468 286.839676 85.000000 399.224248 250.726943 287.841971 293.455278 236.241402 156.259400 
266.000000 6.000000 4.000000 a 69.634761 165.849329 473.152195 398.329010 321.038938 555.446667 457.389331 466.048281 339.536449 490.811573 154.563903 586.693276 155.589203 315.905049 161.058995 171.746907 109.114619 435.405558 370.563085 504.774207 429.847647 200.997512 414.120755 369.756677 442.665788 466.228485 193.437328 372.339898 602.050662 409.646189 
209.000000 9.000000 5.000000 a 440.101125 371.098370 358.810535 110.679718 233.773395 293.886032 53.338541 201.536597 382.744040 23.323808 388.579464 202.091563 371.052557 324.721419 349.817095 425.301070 486.211888 270.662151 172.455791 98.005102 88.141931 319.023510 346.698716 160.449369 459.853237 299.173862 363.727920 359.116973 234.931905 170.698565 
120.000000 2.000000 4.000000 a 504.287616 392.322571 151.003311 279.114672 421.099751 28.844410 257.099203 103.846040 266.030073 282.660574 503.778721 94.826157 403.555448 251.628695 412.243860 406.132983 484.405822 126.210142 222.427516 171.230838 240.303974 435.643203 185.054046 236.712906 271.149405 109.444050 365.771787 225.623580 76.941536 403.629781 
102.000000 3.000000 2.000000 a 60.415230 81.884064 389.771728 269.631230 203.767024 452.039821 328.791727 352.414529 274.007299 362.084244 82.637764 468.158093 64.629715 230.054341 38.275318 138.924440 141.777995 334.623669 247.891105 379.668276 301.943703 82.565126 332.416907 244.804003 390.079479 370.094583 113.282832 296.840024 486.362005 288.764610 
254.000000 7.000000 4.000000 a 387.253147 298.412466 255.431008 92.227978 239.970832 209.344214 72.201108 101.710373 279.308074 108.903627 357.191825 156.387340 302.423544 224.588513 291.780740 342.649967 411.108258 165.680415 84.433406 52.430907 51.039201 285.047364 240.740524 82.680106 353.899703 196.664689 284.200633 253.836562 183.806964 214.238185 
167.000000 9.000000 2.000000 a 336.180011 311.168764 440.990930 123.490890 85.615419 419.071593 149.214611 305.883965 408.030636 146.819617 259.788375 356.602019 303.295236 342.251370 266.728326 379.015831 417.336794 350.602339 207.588535 241.298570 159.803004 204.088216 407.259131 187.882942 512.828431 388.660520 319.126934 400.585821 387.583539 5.830952 
206.000000 5.000000 5.000000 a 275.535842 182.945347 232.034480 374.930660 409.552194 350.191376 414.692657 313.193231 99.929975 457.961789 344.280409 433.102759 199.461776 141.028366 241.754007 125.928551 180.346888 246.416314 292.588448 405.544079 378.021163 319.788993 182.024724 307.065140 161.058995 256.312309 157.546818 140.014285 433.416659 466.820094 
292.000000 4.000000 2.000000 a 235.170151 163.150238 297.121187 99.849887 136.124943 315.203109 156.732256 202.071769 240.842272 194.030925 204.611828 303.527593 161.789987 175.236982 141.548578 223.304725 277.953233 215.188290 84.172442 206.409787 127.534309 133.146536 253.061257 74.404301 350.714984 255.282197 160.953409 238.270854 326.019938 175.071414 
189.000000 2.000000 1.000000 a 267.329385 149.939988 165.387424 243.232399 306.662681 249.633732 278.626991 184.361059 66.219333 321.950307 299.135421 308.812241 165.130252 5.656854 190.850727 149.281613 227.758644 131.034347 156.732256 269.000000 241.960741 249.230817 107.200746 172.661519 180.313616 156.974520 118.701306 73.246160 314.892045 347.922405 
222.000000 6.000000 4.000000 a 430.351020 339.736663 261.017241 128.316016 276.920566 193.328736 90.088845 103.227903 304.821259 113.318136 400.041248 119.331471 344.361728 255.070578 334.773057 381.344988 451.443241 176.705970 125.674182 10.198039 84.864598 327.867351 255.978515 125.670203 368.089663 201.022387 324.168166 275.408787 149.345238 241.207380 
106.000000 7.000000 2.000000 a 208.887530 144.585615 313.690931 122.527548 126.779336 339.087009 180.953033 227.305961 245.747838 216.390850 177.282261 330.847397 141.056726 181.342218 116.691902 208.585714 258.017441 235.212670 110.535062 233.863208 153.473125 106.174385 266.557686 101.828287 359.112796 275.089076 147.054412 247.648945 352.981586 179.602339 
233.000000 3.000000 1.000000 a 310.551123 302.828334 468.984008 161.111762 59.808026 457.580594 195.489130 342.584296 422.042652 196.328806 226.638479 402.139279 292.576486 356.602019 252.366797 372.392266 401.931586 380.479960 235.936432 286.754250 201.300770 180.623919 430.670408 216.760236 531.813877 419.640322 315.634282 419.230247 432.467340 50.447993 
125.000000 4.000000 3.000000 a 359.388369 316.659123 404.741893 85.000000 124.036285 372.368097 97.005155 261.874016 387.156299 93.021503 292.473930 304.029604 311.546144 322.200248 280.001786 381.064299 428.197384 313.338475 175.727061 189.129585 113.225439 229.200785 376.224667 156.400128 485.423526 349.777072 319.188032 374.790608 335.431066 55.542776 
219.000000 8.000000 1.000000 a 424.499706 319.375954 175.840837 180.468834 322.131961 116.558998 164.395864 23.021729 239.102488 196.114762 413.537181 104.623133 328.032011 201.645729 329.631613 346.655449 422.403835 97.514102 127.121989 92.314679 143.178211 343.495269 177.789201 139.474012 287.088836 115.965512 297.067332 204.479828 118.869677 306.276019 
174.000000 3.000000 4.000000 a 354.663221 281.618536 307.626397 29.681644 177.710439 274.233477 36.221541 162.542302 306.150290 77.646635 311.295679 218.403297 281.902465 244.395172 262.413795 336.053567 396.717784 216.113396 89.899944 104.785495 15.033296 239.726928 283.550701 74.330344 395.213866 251.431899 274.308221 287.836759 247.523736 148.637142 
214.000000 9.000000 3.000000 a 202.704218 116.516093 273.117191 343.214219 354.818263 378.207615 390.160223 319.188032 132.909744 432.511272 273.788239 443.811897 131.825642 140.235516 175.413796 53.450912 113.296072 263.453981 271.066413 397.287050 354.272494 255.440795 216.393161 281.939710 225.328649 283.211935 97.200823 171.863318 449.471912 420.404567 
114.000000 3.000000 2.000000 a 164.596476 110.367568 332.006024 166.027106 137.277092 370.710129 224.877745 262.545234 246.077224 259.347258 139.086304 371.227693 103.406963 185.852092 73.545904 178.600112 219.738481 260.647271 149.626201 277.218326 197.767540 72.367120 280.401498 143.544418 363.108799 299.553000 120.652393 255.154855 392.002551 206.516343 
167.000000 3.000000 2.000000 a 434.329368 324.568945 141.823834 213.721782 351.364483 84.023806 201.295802 32.062439 221.287144 233.548710 431.180936 112.587744 334.856686 193.196791 341.211078 344.470608 421.868463 74.545288 150.233152 128.701204 178.443268 362.856721 151.647618 165.339046 256.815109 83.006024 299.628103 183.787921 116.361506 340.694878 
241.000000 6.000000 2.000000 a 364.544922 265.631323 192.574661 416.581325 475.394573 320.257709 446.780707 314.498013 110.981981 489.703992 428.924236 422.010663 282.718942 175.413796 322.939623 214.580987 269.673877 239.883305 327.391203 418.971359 410.649486 397.585211 161.152102 344.827493 87.321246 235.212670 236.947252 134.480482 415.476834 522.275789 
158.000000 6.000000 3.000000 a 436.757370 319.399436 17.117243 310.386855 426.051640 111.628849 314.078016 143.683680 150.695056 351.206492 460.651712 221.822001 334.152660 164.395864 355.800506 312.622776 390.000000 81.437092 225.550438 253.031619 284.564580 402.047261 66.708320 244.969386 137.524543 46.010868 288.360885 111.126055 210.192769 436.811172 
201.000000 9.000000 4.000000 a 417.268499 366.442356 411.126501 110.724884 184.715998 359.701265 84.811556 258.242134 413.832092 54.129474 352.953255 274.432141 363.001377 351.126758 334.439830 427.814212 480.004167 320.224921 197.395542 165.520391 116.846053 288.433701 390.755678 180.294204 502.956261 353.022662 365.436725 396.061864 307.117241 106.826963 
235.000000 3.000000 1.000000 a 420.744578 332.398857 268.242428 114.634201 263.136847 205.387439 76.236474 110.453610 305.659942 101.533246 388.387693 133.416641 336.435729 253.789283 325.424338 375.968084 444.932579 182.002747 118.330047 20.000000 71.175839 316.210373 260.309431 116.468880 372.979892 208.369863 317.907219 277.650860 163.487003 227.140925 
299.000000 7.000000 4.000000 a 115.277925 126.015872 401.049872 224.116041 139.168962 445.224662 283.550701 337.201720 301.862552 312.617978 64.498062 444.010135 110.751975 247.729691 67.007462 193.145023 206.736547 333.730430 222.991031 345.781723 261.283371 17.262677 347.012968 215.058132 419.977380 372.055103 151.182010 317.327906 465.679074 226.000000 
Type de surveillance de chaque endroit(target):tab[nombre de target]
a a a a a a a a a a a a a a a a a a a a a a a a a a a a a a 