Nombre des capteurs:
200
Nombre des targets:
30
Nombre de type de surveillance:
1

Caracteristiques:
106.000000 6.000000 4.000000 a 93.150416 297.607124 115.412304 371.651719 358.403404 449.529754 350.796237 258.007752 272.310485 438.192880 307.467071 375.841722 397.431755 312.477199 171.816763 338.529172 255.765518 337.249166 252.239965 291.247318 413.072633 335.538373 396.425277 221.108571 118.511603 438.749359 297.472688 184.491192 194.257561 200.721200 
232.000000 5.000000 3.000000 a 169.070991 150.764717 50.159745 250.017999 260.017307 300.128306 193.932978 198.403629 115.624392 355.140817 196.621464 226.753170 239.708156 173.002890 14.866069 236.562888 164.693655 185.647515 201.972770 220.410980 258.652276 291.015464 272.413289 224.661968 134.212518 326.442951 307.717403 53.712196 48.373546 145.000000 
290.000000 6.000000 5.000000 a 283.924286 228.035085 250.683067 47.381431 85.211502 144.461067 135.955875 136.623570 132.593363 179.301422 41.976184 90.005555 179.270745 44.045431 198.063121 66.211781 93.477270 223.233062 150.880748 119.603512 142.172431 188.095720 69.260378 226.850171 233.214494 125.717938 272.946881 232.131428 212.607620 153.639188 
116.000000 4.000000 3.000000 a 361.454008 399.962498 390.287074 134.182711 92.135769 249.040157 301.014950 179.120071 303.527593 9.219544 157.442053 238.799079 334.550445 216.004630 350.081419 115.870618 188.732615 393.864190 186.935818 145.344419 280.850494 130.207527 131.609270 247.776109 319.707679 83.600239 236.326046 390.708331 372.649970 236.052960 
178.000000 9.000000 5.000000 a 146.860478 259.655541 172.629661 172.284648 148.431803 282.619886 229.532133 54.561891 172.284648 229.368699 106.400188 216.910120 281.945030 145.907505 151.380316 130.034611 49.648766 278.097105 56.727418 83.186537 266.852019 146.441114 197.205477 101.004950 98.234414 230.932891 173.611636 196.657062 184.285105 12.727922 
244.000000 4.000000 2.000000 a 237.539470 125.992063 87.361319 325.762183 345.984104 344.268790 223.289050 292.984641 158.382449 443.162498 280.912798 276.226356 254.950976 240.520269 90.138782 322.220421 256.561883 169.248338 296.804650 313.682961 293.204707 385.593050 345.492402 315.919293 215.761442 404.199208 399.892486 47.169906 65.969690 239.710242 
102.000000 4.000000 4.000000 a 220.635446 200.062490 185.097272 112.294256 122.930875 198.841646 145.055162 107.689368 102.576800 220.513038 57.870545 130.361037 196.735864 59.169249 136.894120 99.161484 55.108983 208.254652 119.707978 109.178753 179.627392 187.171045 136.124943 185.607112 169.711520 187.024063 248.163253 175.914752 157.699081 99.005050 
233.000000 3.000000 2.000000 a 261.047888 100.264650 160.327789 177.538728 212.249853 192.416216 82.758685 204.120063 4.472136 309.683710 149.241415 121.276543 131.228808 89.693924 99.045444 189.496702 153.026142 110.163515 214.410821 209.251045 147.566934 287.278610 194.247265 268.901469 215.034881 255.624725 340.812265 114.542569 94.831429 176.555940 
236.000000 9.000000 2.000000 a 504.033729 331.730312 443.261774 197.585425 252.115053 93.637599 214.758003 350.851821 282.793211 280.456770 258.474370 166.385095 198.305320 228.431609 382.687862 253.797163 314.224442 298.060397 364.993151 324.853813 145.382255 369.097548 176.238475 442.651104 453.113672 190.073670 472.339920 399.719902 380.432648 375.089323 
254.000000 9.000000 1.000000 a 278.958778 85.000000 129.139460 320.062494 348.691841 319.411960 196.237101 310.710476 144.069428 446.793017 283.543647 256.195238 220.438200 232.432786 110.788086 325.098447 268.575874 127.624449 316.512243 327.123830 265.345058 402.349351 337.360341 345.305662 251.920622 398.446985 427.931069 67.230945 76.400262 262.488095 
255.000000 9.000000 2.000000 a 182.526710 434.632028 307.949671 299.643121 244.597629 432.603745 403.178620 154.379403 349.654115 263.472959 248.131014 378.113740 454.687805 311.327802 312.525199 242.571639 204.882893 455.220826 140.577381 172.754161 430.313839 137.931142 319.765539 78.447435 179.136819 321.014018 33.837849 355.541840 348.093378 169.852878 
199.000000 5.000000 2.000000 a 287.250762 61.773781 139.807010 304.001645 335.703738 297.672639 174.413302 304.699852 126.873953 433.756844 270.972323 235.849528 197.327140 216.157350 111.000000 312.320348 260.249880 104.560987 311.436992 318.943569 243.115199 395.297356 320.351370 345.220220 256.719691 382.027486 426.656771 72.173402 75.272837 259.493738 
206.000000 2.000000 3.000000 a 361.419424 472.149341 426.812605 222.463480 165.360213 347.197350 385.700661 199.722307 373.676331 91.049437 223.233062 328.892080 424.439631 292.836132 398.361645 185.205292 232.174503 472.603428 200.524313 174.928557 374.649169 112.378824 225.800797 233.019313 329.875734 183.613725 188.162164 442.377667 426.512602 259.048258 
287.000000 1.000000 5.000000 a 357.526223 42.801869 224.129427 269.816604 317.277481 221.415898 107.424392 322.009317 114.825955 410.834517 259.326050 176.298043 107.004673 188.986772 174.633903 296.445611 270.558681 9.219544 332.362754 325.596376 164.149322 403.390630 279.200645 384.552987 317.516929 341.656260 458.401571 155.309369 145.773797 292.480769 
221.000000 3.000000 5.000000 a 481.183957 311.160730 420.048807 177.177877 233.499465 70.880181 193.041446 329.874218 259.946148 268.029849 236.814273 143.178211 179.479804 205.204776 359.535812 233.899551 292.207118 278.582124 344.075573 304.647337 124.257797 351.432782 156.780101 421.677602 430.255738 176.181724 453.476571 377.019893 357.660454 352.777550 
205.000000 1.000000 5.000000 a 148.838839 415.819672 279.885691 303.764712 253.031619 432.926091 393.580995 152.315462 335.149220 283.550701 247.386338 374.322054 445.789188 305.368630 289.352726 247.729691 198.917068 439.013667 138.003623 176.490793 425.987089 156.773722 325.424338 63.788714 150.096636 333.216146 65.007692 331.096663 325.084604 155.012903 
264.000000 7.000000 5.000000 a 501.208539 329.607342 440.596187 194.833262 249.483466 91.082380 212.426458 348.076141 280.235615 278.352295 255.665797 163.719272 196.430649 225.639092 380.044734 251.079669 311.404881 296.108088 362.220927 322.121095 143.136299 366.547405 173.539621 439.877256 450.288796 187.808413 469.703098 397.200201 377.895488 372.263348 
114.000000 3.000000 5.000000 a 86.884981 233.238076 77.420927 265.324330 255.039213 347.236231 257.937977 163.248277 181.342218 339.995588 201.558924 274.133179 308.016233 208.086520 97.185390 234.196499 151.743204 266.174755 160.962729 193.889144 315.082529 250.319795 290.056891 157.724443 53.488316 333.594065 242.033056 132.382023 131.095385 103.368274 
210.000000 5.000000 3.000000 a 156.236999 190.118384 20.024984 316.764897 321.624004 367.679208 257.256681 245.717317 180.421728 413.903370 260.324797 294.659125 299.474540 241.580214 78.294317 298.718931 221.488149 230.867928 246.008130 272.635288 324.154284 336.411950 339.705755 248.917657 141.605085 392.005102 333.174129 77.175126 89.938868 186.954540 
264.000000 7.000000 4.000000 a 330.324083 147.122398 245.415973 134.951843 189.235303 106.901824 31.890437 227.079281 82.462113 277.366184 142.200563 40.792156 75.425460 70.178344 184.200977 171.618764 175.559107 128.701204 240.299813 218.673272 63.655322 291.796162 141.873183 309.114865 280.919917 204.009804 368.001359 199.248588 179.947214 221.449769 
167.000000 5.000000 5.000000 a 398.178352 83.862983 265.753645 285.271800 337.535183 216.157350 118.444080 353.192582 147.648231 427.649389 283.536594 184.195548 98.086696 210.867257 215.800834 318.133620 300.960130 45.122057 364.296582 353.816337 160.112460 430.846841 291.327994 420.104749 357.239416 352.482624 491.663503 196.824795 187.384631 327.768211 
247.000000 7.000000 3.000000 a 382.310084 392.451271 398.898483 122.641755 97.329338 223.394270 287.141080 198.917068 298.484505 42.720019 160.099969 221.822001 316.442728 209.251045 354.611055 120.208153 200.000000 382.702234 208.396257 164.453641 259.924989 161.375339 113.899078 274.235300 338.303119 56.364883 268.734069 393.193337 374.422222 252.723169 
250.000000 5.000000 4.000000 a 199.724811 212.849712 176.638048 125.872952 125.514939 220.843836 166.508258 89.493016 117.745488 220.771375 64.070274 153.075145 218.552053 81.884064 134.260940 102.259474 38.587563 224.543982 100.439036 96.674712 202.474690 174.255559 150.545674 163.487003 148.822041 196.824795 228.396585 176.238475 159.326708 76.157731 
132.000000 2.000000 4.000000 a 371.361010 309.554519 350.955838 54.817880 91.809586 127.487254 196.458647 199.484335 222.685877 130.770792 119.507322 128.549601 220.984162 135.484316 298.015100 99.035347 175.025712 294.294071 212.840316 169.331037 163.110392 206.929940 31.064449 289.518566 322.063658 41.048752 311.261948 330.364950 310.551123 236.839608 
145.000000 8.000000 5.000000 a 231.562087 288.600069 249.815932 100.702532 61.098281 231.821052 219.494875 53.740115 190.559702 144.544111 50.039984 181.176709 267.013108 122.024588 213.768566 46.754679 48.083261 294.416372 67.357256 28.442925 233.420222 101.242284 123.227432 144.806768 185.162091 145.344419 182.016483 256.758642 240.216569 98.716767 
291.000000 4.000000 5.000000 a 250.710989 297.309603 267.366789 88.238314 42.047592 222.912539 221.054292 70.802542 198.841646 126.846364 50.566788 177.341479 266.610202 123.858791 229.268402 31.384710 65.764732 300.509567 83.630138 40.000000 229.054579 100.284595 109.077954 160.031247 204.533616 126.657017 190.244579 271.488490 254.395362 118.127050 
222.000000 9.000000 2.000000 a 374.350104 332.777704 364.308935 68.468971 85.146932 153.101274 221.632579 197.040605 243.515913 105.905618 126.905477 154.311374 247.412611 154.806331 313.576147 98.412398 179.424079 319.010972 209.618701 164.784708 189.736660 192.751135 50.159745 284.541737 326.165602 14.422205 299.267439 347.908034 328.306259 239.841614 
184.000000 8.000000 1.000000 a 212.398211 320.362295 257.390754 141.792101 91.219515 275.000000 260.099981 31.400637 224.055797 149.856598 93.134312 224.501670 308.768522 163.229899 230.601388 85.088190 69.065187 329.989394 37.854986 15.132746 276.797760 66.843100 162.754416 108.374351 171.187032 174.450566 138.462991 275.334342 260.679880 91.219515 
240.000000 6.000000 4.000000 a 396.773235 136.213068 246.333108 406.109591 445.588375 367.495578 252.003968 423.631916 232.398365 542.642608 382.507516 320.538609 251.205095 319.915614 229.505991 422.916067 377.708883 154.690013 430.767919 436.248782 310.233783 513.351731 418.742164 464.285473 371.651719 481.502856 546.181289 187.032083 194.092761 379.200475 
184.000000 7.000000 5.000000 a 339.081111 142.172431 190.538710 399.462138 430.162760 385.375142 263.190045 391.030689 222.283603 528.274550 365.120528 327.990854 276.226356 311.616752 188.520556 406.631283 350.052853 176.255496 396.184301 408.480110 329.037992 483.103509 415.646484 419.687979 319.828079 477.445285 503.401430 143.282937 156.310588 340.708086 
205.000000 5.000000 1.000000 a 456.483297 294.108823 397.102002 153.404694 210.943120 51.039201 174.287119 305.617408 238.321212 250.880450 212.268698 120.552893 166.138496 180.886705 336.857537 210.380607 267.525700 263.471061 319.845275 280.850494 107.466274 329.423739 133.794619 397.397786 405.557641 158.256122 430.488095 355.647297 336.122002 328.032011 
195.000000 4.000000 5.000000 a 13.601471 326.475114 160.561515 314.014331 285.616876 417.493713 342.125708 175.191324 268.732209 352.427297 248.072570 347.230471 393.776586 276.944038 190.444218 269.714664 191.384430 358.754791 165.677397 209.659247 393.005089 239.002092 338.940998 117.885538 50.249378 369.914855 190.960729 223.725278 224.008928 129.247824 
277.000000 1.000000 4.000000 a 95.754895 244.180261 62.369865 320.213991 312.705932 392.460189 292.827594 220.476756 214.347848 397.986181 257.701378 318.698917 339.696924 256.725534 114.546934 291.547595 209.403916 282.469467 217.313138 251.676380 355.225281 305.476677 344.640392 203.334699 92.913939 390.283230 285.804129 132.185476 139.463257 160.801119 
246.000000 5.000000 4.000000 a 129.634100 224.356859 123.975804 197.395542 186.324985 289.311251 215.824002 103.353761 147.502542 273.651238 132.853303 218.332316 268.197688 148.553021 105.209315 165.215011 83.054199 248.243832 105.209315 129.988461 264.070066 195.274166 222.308344 132.502830 79.025312 264.569462 212.875550 150.243136 139.606590 47.381431 
152.000000 1.000000 5.000000 a 328.987842 46.000000 204.416242 232.544619 278.454664 197.253644 76.157731 283.340784 76.400262 372.726441 219.968180 143.961800 93.048375 150.146595 149.402142 257.379098 231.624696 30.870698 293.960882 286.295302 141.014184 364.032966 243.238566 348.191040 286.574598 305.949342 420.637611 139.387948 125.801431 255.884740 
178.000000 1.000000 2.000000 a 87.464278 242.018594 102.532922 243.704739 229.386137 333.802337 252.715255 134.733069 179.075403 312.409987 178.731642 261.816730 304.179223 193.258894 109.041277 209.258214 126.495059 271.661554 132.196823 165.873446 305.601047 221.542321 268.663358 132.438665 40.792156 309.476978 216.778689 149.345238 144.585615 74.966659 
109.000000 8.000000 5.000000 a 421.844758 342.791482 398.542344 104.752088 137.931142 128.549601 224.289991 248.394847 262.345192 149.335193 170.000000 155.618122 238.805360 179.025138 343.984011 148.222805 225.539354 322.541470 261.428767 217.138205 177.101666 246.531945 80.006250 337.296605 372.597638 61.098281 353.307232 374.065502 354.090384 287.278610 
193.000000 2.000000 3.000000 a 130.483715 434.954021 253.718348 445.214555 412.671782 549.305015 468.415414 300.421371 392.209128 469.391095 379.511528 478.351335 518.845835 408.589036 301.400066 398.598796 322.671660 471.949150 288.949823 334.176600 522.800153 346.878941 470.000000 223.257699 181.218101 497.393205 267.067407 323.542887 329.892407 260.499520 
208.000000 5.000000 3.000000 a 276.524863 43.965896 138.798415 261.564524 294.852506 257.992248 135.148067 270.985239 84.308956 392.734007 230.601388 194.164878 164.137138 173.726797 93.134312 271.670757 224.109348 83.761566 278.861973 282.577423 204.782812 359.856916 277.683273 319.405698 240.133296 339.458392 398.538580 69.971423 61.131007 230.312831 
246.000000 1.000000 3.000000 a 293.824778 106.329676 196.458647 163.636793 207.453609 158.521292 47.010637 218.476543 32.202484 302.299520 149.251466 90.138782 97.508974 79.208585 135.207248 186.316934 165.951800 101.257099 230.158641 218.048160 111.646764 295.177912 176.649370 291.061849 246.465008 239.301066 358.365735 147.678705 128.514591 199.491854 
175.000000 1.000000 2.000000 a 120.033329 304.632566 192.096330 212.136748 176.385940 330.324083 280.472815 64.474801 221.273586 241.847059 148.394744 266.552059 332.915905 195.931110 185.569394 162.631485 93.193347 325.849659 54.571055 98.792712 317.064662 135.591298 236.326046 51.788030 82.036577 261.093853 131.609270 229.943471 220.592384 41.012193 
279.000000 2.000000 3.000000 a 196.651977 338.107971 259.138959 171.330091 119.331471 304.305767 285.035086 37.215588 243.823707 166.643332 121.198185 252.448014 334.659528 189.169236 239.039746 114.529472 88.232647 350.545290 31.400637 44.271887 304.791732 59.506302 192.130164 82.377181 160.131196 201.062179 109.895405 284.270997 271.088546 90.210864 
110.000000 1.000000 3.000000 a 58.008620 270.118493 117.991525 265.708487 245.692898 361.387604 282.644653 143.003496 209.153054 323.222833 199.904977 290.036205 334.200539 220.635446 135.369864 227.059464 145.031031 300.807247 137.524543 176.343415 334.677457 223.141211 290.766229 120.104121 12.369317 327.928346 203.725305 172.930622 170.299736 86.492774 
101.000000 4.000000 2.000000 a 264.440920 213.775583 228.372503 69.028979 97.000000 158.685223 131.605471 127.098387 116.400172 194.023194 39.217343 96.772930 178.756818 34.176015 176.229963 75.073298 79.309520 212.624081 141.014184 115.433964 148.852276 188.743212 91.547802 214.785940 213.572002 146.659470 266.608327 211.217897 191.880171 136.605271 
166.000000 5.000000 4.000000 a 294.389198 355.038026 326.793513 111.628849 49.648766 246.018292 269.295377 111.758669 256.680736 69.028979 106.066017 216.011574 310.306300 175.316856 290.408333 67.675697 125.227792 355.000000 119.854078 78.057671 264.660159 79.649231 122.036880 184.447825 252.343021 106.531685 186.954540 332.777704 315.673882 169.011834 
133.000000 9.000000 2.000000 a 394.533902 145.560984 291.413795 197.253644 256.563832 109.384642 54.626001 301.081384 131.015266 337.681803 214.965113 90.801982 9.055385 144.055545 231.276890 241.205307 249.451398 109.073370 314.268993 292.159203 54.083269 364.032966 197.496835 382.273462 346.705927 255.196003 442.004525 233.317380 216.633331 293.293368 
145.000000 7.000000 5.000000 a 236.457184 83.384651 105.437185 243.298171 269.295377 261.400077 143.558351 234.616709 73.552702 367.360858 204.071066 191.859323 182.584227 156.706732 52.952809 245.652193 190.213038 118.330047 241.598841 248.901587 212.720474 325.123054 262.011450 278.958778 199.022612 321.885073 358.933141 45.188494 27.658633 190.960729 
110.000000 9.000000 2.000000 a 361.731945 126.241831 211.492317 392.718729 428.049063 366.895080 246.975707 398.197187 216.092573 525.863100 363.803518 314.006369 254.017716 305.275286 199.624648 404.891343 354.278139 154.207652 404.504635 412.972154 309.870941 489.167660 407.185461 434.004608 338.496676 469.659451 516.756229 155.653461 165.024241 351.146693 
152.000000 3.000000 3.000000 a 184.588732 405.408436 292.960748 257.007782 201.556444 390.698093 366.136587 115.108644 316.741219 223.832527 207.099010 337.871277 417.010791 272.470182 289.663598 199.849944 167.026944 423.264693 102.004902 130.648383 390.185853 97.200823 276.877229 58.898217 169.201064 278.303791 27.856777 334.013473 324.607455 140.388746 
147.000000 4.000000 4.000000 a 213.600094 121.564798 114.490174 196.155551 217.423550 235.688354 131.795296 183.051905 53.600373 315.285585 152.118375 162.459226 180.277564 113.110565 54.083269 193.685312 137.244308 145.000000 190.895259 195.931110 194.620143 272.591269 216.667949 234.829726 169.319225 274.410277 311.926273 83.360662 64.031242 143.892321 
165.000000 1.000000 2.000000 a 371.086243 265.035847 329.123077 62.393910 122.641755 78.313473 147.648231 214.443466 185.528973 182.002747 122.024588 78.771822 168.315181 106.733313 272.090059 119.616052 178.241409 246.058936 228.641641 189.644404 109.859001 241.677471 46.010868 306.249898 320.407553 94.302704 340.270481 299.327580 279.302703 239.760297 
158.000000 2.000000 2.000000 a 101.651365 415.270996 251.857102 361.835598 320.095298 480.196835 419.325649 209.322717 350.258476 365.443566 298.918049 414.295788 471.813522 343.118055 280.016071 309.764427 243.655494 445.592863 196.022958 240.468293 463.349760 240.104144 385.560631 121.494856 133.375410 403.887361 155.080624 314.841230 314.311947 185.431928 
111.000000 6.000000 2.000000 a 254.656632 65.306967 119.000000 253.621766 282.973497 261.633331 140.730238 252.841848 78.638413 381.077420 218.048160 194.504499 175.285481 166.087326 71.175839 259.493738 207.386113 102.859127 260.169176 266.056385 210.608642 342.760850 271.189970 298.543129 218.146740 332.054212 378.318649 52.345009 40.311289 210.237960 
150.000000 3.000000 1.000000 a 137.829605 223.785612 47.434165 338.710791 338.249908 397.236705 289.254213 253.728201 211.690812 427.519590 279.402935 323.785423 332.448492 267.529438 108.724422 316.025315 235.936432 264.682829 252.121003 283.098923 355.287208 341.695771 362.343759 244.436086 134.182711 412.093436 327.566787 110.981981 123.555655 193.878828 
190.000000 3.000000 3.000000 a 81.608823 342.895028 201.516749 272.957872 234.648674 390.397234 333.743914 122.413235 268.570289 291.084180 209.344214 325.124592 386.374171 254.049208 212.960090 222.407284 153.808322 369.012195 110.136279 155.396268 374.766594 172.652831 297.015151 49.254441 71.847060 319.239722 124.807852 253.665134 248.646335 96.176920 
165.000000 9.000000 4.000000 a 219.920440 426.769258 323.904307 255.876924 196.420467 392.042090 378.565714 128.319913 334.964177 203.216633 213.114992 344.419802 428.123814 282.573884 316.551734 198.927122 180.825883 441.865364 117.341382 135.059246 396.667367 80.993827 273.541587 92.439169 202.743681 267.029961 28.844410 361.431875 350.853246 164.830216 
229.000000 4.000000 2.000000 a 226.592145 160.962729 83.096330 351.400057 367.042232 377.160443 257.163372 304.868824 189.552104 463.009719 302.696217 307.951295 289.946547 268.091402 108.240473 343.402097 273.029302 204.240055 307.131893 328.353468 327.001529 397.166212 372.131697 317.694822 212.174457 429.355331 402.080838 73.061618 93.085982 248.600080 
103.000000 2.000000 1.000000 a 332.200241 394.727754 370.324182 138.654246 84.219950 264.682829 303.146829 152.013157 296.804650 30.870698 146.819617 245.106099 340.781455 212.513529 333.947601 106.216760 168.866811 392.322571 158.382449 119.603512 290.738714 96.260064 142.172431 215.473896 292.207118 106.212052 202.311641 376.107697 358.825863 210.686972 
110.000000 4.000000 5.000000 a 391.808627 191.010471 309.012945 148.431803 210.641876 52.611786 72.780492 272.809457 145.120639 284.450347 180.113853 49.030603 67.742158 118.848643 247.729691 198.728458 224.323427 160.822884 286.782147 258.027130 5.656854 324.445681 144.180443 359.961109 341.783557 198.595065 411.175145 260.000000 241.248834 276.586334 
251.000000 2.000000 5.000000 a 244.364482 429.773196 338.923295 240.416306 178.868667 377.327444 373.209057 128.798292 335.386344 175.385290 204.188638 334.215499 421.294434 276.030795 326.377083 184.610401 179.568928 441.977375 120.415946 127.475488 386.046629 59.908263 256.195238 114.490174 222.728534 244.180261 59.033889 371.601938 359.684584 174.229733 
194.000000 8.000000 1.000000 a 220.168118 160.589539 76.059187 345.878591 360.846228 373.630834 254.230211 297.968119 185.526278 456.648661 296.622656 303.980263 288.008680 263.007604 102.107786 337.231375 266.430103 203.823453 300.166620 321.599129 323.975308 390.231982 366.786041 310.644491 205.251066 423.716887 395.030379 68.468971 88.459030 241.602980 
123.000000 2.000000 3.000000 a 86.884981 337.748427 200.249844 263.774525 225.488359 381.608438 326.217719 113.225439 261.925562 282.688875 200.249844 316.652807 378.845615 245.637945 209.095672 213.190056 144.844744 363.137715 101.019800 146.290806 366.476466 165.245272 287.814176 43.416587 71.505245 310.098371 122.613213 250.505489 244.826469 87.846457 
210.000000 7.000000 1.000000 a 28.319605 304.586605 129.139460 327.420219 306.218876 420.214231 334.498132 200.112468 257.992248 380.110510 261.619953 347.908034 384.677787 279.780271 169.097605 288.175294 206.545395 339.841139 192.665513 234.269076 390.512484 272.442655 352.476950 155.589203 60.166436 389.075828 231.846932 196.499364 199.912481 146.751491 
284.000000 9.000000 5.000000 a 52.697249 367.915751 192.010416 367.462923 337.201720 470.953289 392.593938 225.610283 317.592506 399.505945 301.602387 400.281151 443.680065 330.287753 232.131428 322.121095 244.826469 402.662390 215.037206 259.855729 445.345933 281.186771 392.337865 156.719495 102.941731 421.783120 216.614866 259.932684 263.370462 182.628037 
267.000000 9.000000 1.000000 a 343.421024 424.971764 392.506051 170.856665 115.420969 295.743132 335.089540 168.869772 326.759851 44.271887 176.241312 277.308492 372.978552 243.657547 359.146210 136.561342 192.782261 423.565815 172.939296 139.176147 322.800248 96.566040 173.954017 220.843836 306.528955 134.014925 194.989743 402.124359 385.358275 228.674441 
200.000000 6.000000 5.000000 a 343.257921 124.036285 245.505601 166.481230 220.676233 120.149906 3.605551 253.284425 82.024387 308.914228 171.840042 67.230945 50.009999 98.716767 184.504742 202.684484 201.039797 100.179838 266.067661 247.131544 66.483081 321.442063 172.626765 332.180674 295.194851 234.307490 394.366581 192.301846 174.152232 242.404620 
155.000000 1.000000 1.000000 a 134.000000 187.757823 30.413813 271.532687 273.239821 333.397660 231.233648 196.786687 152.741612 364.793092 213.009389 259.649764 277.994604 200.960195 53.665631 250.577333 172.386194 223.933026 197.590486 223.329353 294.390897 288.008680 295.096594 206.634944 105.688221 345.418587 290.951886 81.301906 83.024093 138.571281 
263.000000 9.000000 1.000000 a 345.144897 48.104054 218.155908 244.321509 292.063349 199.832430 82.764727 299.826617 93.171884 385.389413 234.691287 151.608047 89.442719 163.835283 164.538749 271.400074 247.951608 16.278821 310.575273 302.167172 142.790056 379.760451 253.805043 365.197207 303.151777 316.311555 437.440282 151.647618 139.283883 272.882759 
299.000000 7.000000 4.000000 a 372.773390 85.912746 224.020088 355.316760 396.625768 315.762569 199.812412 381.283359 183.853202 493.082143 334.462255 268.391505 200.212387 269.875897 195.969385 374.300681 333.516117 102.615788 389.350742 391.601839 258.491779 469.294151 367.349969 428.488040 342.476277 430.118588 508.587259 157.917700 160.327789 340.484948 
224.000000 9.000000 1.000000 a 110.724884 285.805878 171.058470 211.929233 182.000000 324.225230 267.366789 73.681748 205.021950 253.870045 146.577624 258.073633 319.976562 186.935818 164.730082 166.003012 89.827613 308.366665 67.067131 107.870292 307.548370 153.378617 236.630514 70.837843 67.067131 266.176633 152.463110 208.925824 199.912481 29.154759 
173.000000 7.000000 1.000000 a 441.943435 357.280002 417.737956 124.787820 157.003185 134.536240 237.598401 268.001866 279.213180 160.461833 190.118384 169.540556 248.573933 197.365144 362.692707 168.002976 245.652193 335.386344 280.927037 236.444497 186.386695 263.250831 99.959992 356.482819 392.718729 77.175126 370.552291 392.005102 372.001344 307.362978 
198.000000 6.000000 1.000000 a 303.389189 129.691943 215.745220 141.650980 189.200951 135.768185 40.199502 211.853723 53.450912 282.136492 134.736780 65.490457 92.574294 61.773781 154.547727 169.198109 159.380049 119.519873 224.376915 207.617437 92.956979 283.351372 153.182897 289.663598 254.591830 215.946753 352.817233 170.765922 151.241529 199.842438 
261.000000 2.000000 5.000000 a 321.309819 154.146035 241.588493 123.166554 176.385940 108.747414 44.102154 214.189169 81.252692 265.424189 128.860390 37.336309 88.684835 57.035077 180.676506 158.496057 162.889533 138.600144 227.495055 205.406913 71.400280 278.454664 131.400152 296.920865 271.532687 193.912351 355.022534 198.640379 179.011173 209.976189 
118.000000 6.000000 5.000000 a 365.049312 448.385994 416.926852 190.895259 138.032605 311.449835 356.451960 192.634369 350.332699 53.600373 200.010000 297.127919 392.983460 266.326867 383.740798 159.831161 217.375252 446.117697 196.155551 163.490061 341.269688 115.974135 191.846293 240.559764 329.279517 146.372812 208.062491 426.690755 409.882910 252.517326 
160.000000 8.000000 3.000000 a 115.277925 240.520269 129.321305 207.067622 191.062817 303.863456 232.813230 99.297533 164.757397 274.803566 141.548578 233.600086 285.243755 163.248277 117.834630 171.049700 88.294960 265.120727 98.838252 128.891427 280.066064 189.235303 232.105579 117.545736 64.350602 271.449811 199.323857 162.249807 152.957510 39.812058 
265.000000 6.000000 3.000000 a 343.792088 386.038858 372.687537 123.422040 76.321688 244.591496 289.803382 161.245155 289.006920 21.931712 141.421356 229.340358 325.219926 202.410474 333.114095 99.849887 171.020467 381.278114 169.248338 127.393092 273.248971 116.180893 123.858791 231.320125 301.809543 83.384651 223.486017 374.092235 356.202190 218.057332 
224.000000 4.000000 1.000000 a 175.482193 279.544272 207.337888 149.906638 117.175083 271.012915 234.002137 22.022716 186.601179 194.092761 86.838931 210.722566 285.252520 142.214627 181.686543 101.355809 35.510562 293.502981 31.048349 47.518417 262.434754 114.214710 174.091930 100.657836 129.522199 201.295802 159.138305 226.715681 212.840316 44.045431 
169.000000 9.000000 2.000000 a 245.155053 164.468842 103.479467 368.131770 385.503567 388.537000 267.166615 325.066147 202.714084 481.864089 320.880040 320.632188 297.112773 283.778082 126.873953 361.809342 292.526922 207.511445 327.470609 348.208271 337.083076 417.432629 388.387693 338.096140 232.174503 446.346278 422.480769 88.684835 108.461975 269.007435 
191.000000 8.000000 3.000000 a 138.924440 276.703813 181.276033 183.221178 153.792067 297.754933 247.347933 49.365980 190.163088 229.054579 118.105885 233.225213 299.708191 162.483845 164.924225 137.306227 61.619802 295.787086 47.010637 82.097503 283.594781 137.306227 207.870152 83.006024 92.962358 237.693079 156.604598 210.109495 198.668065 12.727922 
283.000000 9.000000 2.000000 a 190.672494 364.407739 272.001838 203.002463 148.660687 336.680858 316.241996 65.306967 271.974263 183.068293 153.730283 284.917532 366.307248 221.009050 258.379566 145.907505 117.885538 378.874649 54.424259 76.655072 337.262509 60.406953 223.163617 64.327288 161.276161 227.846440 77.414469 303.595125 291.809870 106.216760 
152.000000 5.000000 4.000000 a 415.735493 388.629644 417.019184 123.975804 123.369364 193.891722 275.697298 233.634330 299.816611 91.181138 177.180699 207.407811 297.759970 211.009478 367.967390 142.579802 225.337525 373.665626 244.626246 199.489348 237.794029 207.386113 106.404887 314.798348 369.445530 45.541190 315.329986 403.298897 383.813757 282.846248 
108.000000 1.000000 5.000000 a 119.883277 232.647802 51.039201 331.436268 328.006098 395.830772 291.158033 240.110391 212.927218 415.665731 270.667693 322.121095 336.001488 263.319198 110.344914 306.197649 225.079986 272.547244 237.844487 270.296134 355.800506 326.896008 355.440572 227.407124 117.004273 403.517038 310.233783 119.507322 129.849913 180.205438 
142.000000 8.000000 1.000000 a 365.778622 98.412398 215.752173 368.048910 406.834119 334.717792 216.667949 385.368655 193.659495 504.003968 343.646621 284.675254 220.383756 281.519093 193.705963 384.110661 339.064891 121.342490 392.734007 397.555028 277.510360 474.772577 381.177124 428.074760 338.094661 443.896384 509.377071 152.800524 158.028478 341.900570 
114.000000 7.000000 5.000000 a 186.496649 157.003185 113.437207 184.067922 195.788151 244.705946 153.681489 149.626201 80.081209 292.289240 131.468627 171.011696 204.831638 110.136279 63.063460 172.122050 106.826963 179.279112 156.706732 165.193826 210.107116 240.520269 206.700266 199.471803 139.517024 260.432333 276.568256 104.235311 87.658428 108.466585 
158.000000 6.000000 4.000000 a 203.708125 132.438665 110.860272 193.837561 212.077816 240.010416 139.628077 173.441633 62.265560 309.614276 146.894520 166.412139 189.002645 113.137085 52.469038 188.308258 128.724512 156.003205 180.944743 187.395304 200.771014 263.590592 215.083705 223.886132 158.861575 271.670757 301.264004 86.977008 68.541958 133.135270 
191.000000 6.000000 4.000000 a 298.236483 310.438400 305.014754 58.420887 6.403124 194.208651 218.155908 118.431415 213.215853 97.349884 67.067131 162.864975 257.623757 127.310644 261.275716 26.305893 107.786827 306.960910 130.801376 85.912746 211.293635 124.739729 71.589105 205.827598 251.406046 78.771822 226.433213 300.820545 282.449996 164.769536 
119.000000 9.000000 3.000000 a 399.791196 231.248784 332.304078 122.036880 185.000000 19.104973 110.163515 262.773667 172.409396 248.959836 167.720005 55.470713 112.507778 121.655251 271.707563 177.369670 218.764714 203.747393 277.064974 243.041149 50.249378 302.800264 111.628849 353.141615 348.982808 159.665275 396.353378 289.698119 270.203627 276.240837 
103.000000 4.000000 3.000000 a 127.863208 414.692657 232.215417 446.606090 418.718282 543.868550 456.642092 307.538615 379.163553 481.598380 380.573252 471.666196 505.889316 403.298897 284.015845 403.011166 324.154284 453.154499 297.168302 341.866933 514.020428 362.173991 471.606828 237.564728 178.216161 503.135171 289.913780 302.034766 310.154800 262.230814 
161.000000 6.000000 3.000000 a 348.209707 505.562063 435.996560 274.065686 212.551170 405.097519 430.308029 213.103261 407.710682 155.563492 261.237440 378.930073 472.890051 334.079332 416.473288 228.405341 256.087876 511.077294 209.274939 197.570241 427.354654 120.917327 281.460477 218.220072 325.121516 246.203168 153.013071 461.588561 447.666170 267.619132 
243.000000 6.000000 3.000000 a 265.548489 158.760826 122.200655 376.544818 396.771975 389.802514 267.306940 340.489354 207.021738 493.779303 331.766484 323.681943 294.008503 290.903764 139.542108 373.016085 306.066986 201.062179 343.455965 362.552065 337.001484 433.041568 396.042927 356.586595 251.575039 455.027472 440.959182 98.030607 116.914499 285.394464 
284.000000 1.000000 5.000000 a 474.522918 346.434698 432.380619 157.206870 203.027092 105.650367 225.177708 309.297591 280.944834 218.929212 222.551118 163.248277 223.600089 210.344955 374.005348 209.229539 279.401145 318.562396 322.964394 280.178515 162.782063 315.786320 132.943597 400.132478 424.124982 131.552271 421.636099 397.705922 377.794918 341.552339 
155.000000 8.000000 2.000000 a 418.273834 241.167991 348.855271 137.713471 200.302272 2.236068 121.334249 280.777492 187.619295 259.763354 185.698681 72.670489 115.879247 140.121376 288.022569 193.829822 237.191905 211.265236 295.081345 260.440012 55.108983 318.713037 125.255738 371.355625 367.484694 168.798697 413.523881 304.547205 285.243755 294.823676 
202.000000 8.000000 4.000000 a 43.185646 285.296337 128.809938 277.346354 254.607541 375.713987 298.291803 148.862353 224.955551 329.109404 211.357517 304.731029 349.914275 234.968083 150.083310 236.782601 155.640612 316.362134 142.031687 182.857868 349.812807 224.770995 302.398743 115.433964 8.544004 337.664034 197.570241 186.507373 184.694342 95.189285 
250.000000 6.000000 3.000000 a 471.861208 243.823707 383.630030 211.151604 274.045617 75.425460 141.823834 348.648820 219.592805 332.759673 254.188906 127.047235 106.901824 198.116128 322.504264 266.371920 301.973509 205.360658 362.829161 330.854953 79.202273 391.931116 199.491854 437.516857 421.911128 240.800748 484.406854 329.461682 311.852529 355.984550 
225.000000 1.000000 2.000000 a 196.596033 139.186925 47.042534 294.977965 309.480209 329.611893 213.974298 249.825939 140.456399 405.487361 245.203997 258.240198 253.031619 213.234613 50.695167 285.847862 216.011574 180.277564 253.013834 272.018382 282.651729 342.404731 316.227766 270.702789 171.592541 372.607032 354.673089 26.907248 43.416587 195.345847 
149.000000 3.000000 3.000000 a 495.146443 285.378696 416.587326 212.461761 273.426407 78.714675 177.101666 359.133680 252.491584 320.031248 264.092787 147.322775 148.475587 217.423550 355.294244 269.519944 315.963605 248.072570 373.448792 337.760270 108.756609 392.475477 196.305884 449.968888 444.544711 227.270764 490.123454 365.825095 347.541364 373.363094 
146.000000 1.000000 3.000000 a 253.954720 82.764727 140.185591 204.707108 236.603043 217.919710 102.342562 218.256730 30.016662 334.498132 172.429696 148.124947 145.835524 117.004273 80.056230 213.433830 169.198109 103.019416 227.343353 227.035240 170.390727 304.844223 221.984234 275.573947 210.829315 283.028267 351.069794 88.232647 69.079664 183.861361 
217.000000 9.000000 3.000000 a 501.980079 292.856620 424.086076 217.168138 277.704879 84.723078 184.707877 364.725924 260.019230 322.307307 269.742470 154.253039 155.913438 224.109348 362.794708 274.322803 321.995342 255.409475 379.043533 342.940228 116.284135 396.742990 200.444506 455.721406 451.338011 229.630137 495.020202 373.430047 355.135186 379.697248 
119.000000 4.000000 4.000000 a 148.060798 380.569310 259.146677 257.262512 207.292064 386.626435 350.754900 106.042444 295.736369 244.180261 201.109423 328.907282 402.612717 260.647271 259.834563 201.357890 153.951291 401.138380 91.760558 130.084588 380.788655 118.680243 279.034048 25.059928 133.416641 288.513431 60.108236 303.433683 295.237193 115.741090 
126.000000 6.000000 3.000000 a 314.033438 56.920998 194.756258 215.204554 259.724854 189.169236 66.000000 263.746090 57.070132 354.571572 200.643963 130.969462 94.031909 131.529464 137.379038 238.411409 211.966979 50.566788 274.446716 266.602701 134.495353 344.354469 226.894248 329.461682 270.512477 289.663598 401.322813 132.909744 117.379726 237.118114 
279.000000 4.000000 5.000000 a 190.829767 243.501540 192.106741 127.945301 112.071406 238.398826 195.010256 58.523500 148.761554 202.074244 61.911227 174.751252 246.456893 104.809351 156.780101 90.934042 9.848858 255.550386 69.871310 67.941151 225.800797 144.461067 152.977122 137.032843 141.031911 190.876924 198.224620 200.524313 184.805303 57.982756 
289.000000 4.000000 1.000000 a 27.459060 338.303119 163.049072 346.208030 319.615394 445.587253 364.446155 209.687863 288.901367 387.138218 280.173161 374.219187 415.245710 304.829461 202.529010 303.237531 223.805719 373.100523 200.339711 244.167975 418.401721 273.065926 371.214224 150.651917 78.102497 403.707815 219.337639 230.555850 233.788366 162.012345 
240.000000 9.000000 3.000000 a 109.480592 353.656613 222.407284 260.192237 217.278623 382.941249 334.886548 106.887792 274.007299 267.589237 198.879360 320.512090 387.377077 250.169942 227.881548 207.193147 145.797805 377.194910 93.338095 137.644470 371.316577 146.659470 283.534830 22.090722 94.762862 301.204250 98.858485 270.296134 263.577313 95.036835 
197.000000 8.000000 3.000000 a 146.054784 329.825712 225.088871 207.407811 163.376865 333.361665 295.433580 53.823787 242.161103 218.050453 148.030402 274.040143 347.213191 205.341180 215.796200 153.574086 98.716767 348.313078 39.824616 83.737686 325.751439 104.809351 230.360587 38.078866 113.322549 247.406548 103.464970 260.633843 250.265859 64.884513 
265.000000 8.000000 2.000000 a 124.651514 403.238143 260.309431 309.017799 261.767072 434.699896 388.181659 155.618122 326.300475 299.766576 249.721845 373.363094 440.696040 303.263911 273.835717 254.261676 198.153981 428.378337 141.449638 183.221178 424.381903 173.565550 331.602171 63.812225 130.613935 343.889517 89.560036 314.331036 309.517366 148.296999 
291.000000 2.000000 1.000000 a 249.098374 184.621234 199.100477 100.717426 127.412715 169.799882 116.211015 135.236829 86.278618 225.211012 64.381674 99.859902 167.107750 29.068884 145.003448 104.484449 83.000000 187.296556 148.013513 131.552271 148.647233 208.386660 122.000000 216.120337 198.312884 178.885438 276.305990 178.885438 159.452187 130.000000 
142.000000 8.000000 1.000000 a 131.821849 402.800199 263.821910 301.212550 252.873486 428.141332 384.400832 148.222805 324.013889 289.152209 242.837394 367.783904 436.808883 298.080526 274.898163 246.008130 192.317446 426.985948 133.958949 174.805606 419.076365 162.788206 323.519706 56.859476 133.958949 334.522047 78.917679 316.128139 310.628395 144.779142 
112.000000 4.000000 2.000000 a 388.104367 82.024387 260.111515 264.909418 317.605101 197.101497 98.081599 335.943448 132.185476 407.314375 264.367169 163.685674 79.056942 191.426226 207.424685 298.435923 283.524249 39.051248 347.334133 335.542844 140.630722 412.257201 270.822820 404.901223 345.787507 331.965360 475.129456 192.481168 181.245690 312.577990 
172.000000 5.000000 2.000000 a 304.310696 302.829985 304.795013 45.705580 18.681542 181.176709 207.735409 126.822711 206.371025 104.350371 64.776539 150.986754 246.130047 119.004202 259.123523 28.460499 111.085553 297.934557 139.703257 95.462034 198.879360 137.673527 58.694122 215.696546 256.672944 72.449983 238.717406 297.618884 278.919343 170.097031 
270.000000 2.000000 2.000000 a 320.894064 281.513765 304.322198 12.041595 54.230987 145.220522 178.868667 151.644321 188.310913 130.418557 69.079664 118.072012 213.887821 98.843310 253.789283 52.478567 124.531121 272.567423 165.423698 123.713378 164.173689 173.118457 25.238859 242.860042 271.530845 68.883960 272.121296 288.903098 269.466139 186.453748 
203.000000 8.000000 4.000000 a 278.001799 294.210809 283.171326 59.908263 18.681542 196.461192 207.509036 100.767058 196.237101 116.297033 47.010637 157.089147 249.819935 113.225439 240.127050 5.656854 85.988371 293.027302 113.899078 70.434367 207.511445 122.065556 79.177017 190.507218 230.592715 98.615415 218.220072 280.223125 262.087772 143.961800 
196.000000 1.000000 5.000000 a 383.603962 203.088651 308.779857 127.475488 190.073670 42.449971 82.054860 256.891027 146.894520 262.560469 162.975458 35.805028 87.618491 106.850363 247.782162 179.100530 209.859477 175.960223 271.016605 240.416306 27.459060 305.059011 122.384640 345.418587 333.121599 176.708800 393.909888 263.746090 244.460631 264.412556 
225.000000 4.000000 4.000000 a 266.852019 465.563100 370.239112 272.888256 210.489905 409.765787 408.931535 164.623814 371.397361 194.164878 239.426398 368.781778 456.711068 311.636006 360.302651 218.020641 215.603803 478.016736 155.794737 163.248277 420.385537 92.048900 287.388239 139.942845 250.191926 270.384911 65.490457 405.428169 394.011421 208.038458 
291.000000 4.000000 4.000000 a 319.244420 133.454112 170.469939 384.480169 413.488815 376.001330 253.096819 372.005376 207.781135 511.578928 348.304465 316.412705 269.614540 296.718722 169.118302 389.874339 331.716747 170.519794 376.941640 390.006410 320.263954 464.226238 401.314091 399.686127 299.708191 462.732104 483.456306 123.842642 137.535450 321.168180 
288.000000 2.000000 2.000000 a 296.378137 77.698134 186.034943 192.213423 234.776489 179.694185 58.694122 238.212090 33.015148 330.287753 175.000000 115.351636 99.824847 106.962610 126.063476 213.178329 186.271308 76.485293 249.098374 240.682363 128.413395 318.416394 205.275425 305.591230 251.240920 267.944024 376.346914 130.176803 112.361025 213.283848 
118.000000 3.000000 1.000000 a 428.561548 293.625612 379.486495 118.190524 173.692257 59.203040 172.290452 271.576877 226.735529 213.468967 179.961107 109.073370 175.755512 158.404545 320.600998 174.470628 236.241402 267.441582 285.686892 245.464865 113.635382 291.760175 97.082439 363.352446 377.784330 120.702113 393.695314 343.594237 323.706657 297.712949 
109.000000 9.000000 4.000000 a 388.989717 216.448608 318.421105 121.593585 184.610401 31.764760 95.257546 256.780062 157.800507 253.552756 162.086397 42.201896 100.439036 111.040533 257.660630 175.139944 211.206061 189.560017 271.007380 238.673417 38.897301 301.081384 114.179683 346.324992 338.303119 166.207701 392.237173 275.000000 255.562126 267.366789 
174.000000 2.000000 5.000000 a 438.791522 255.070578 368.240411 154.557433 216.448608 20.000000 137.116739 300.041664 206.155281 270.732340 205.000000 92.800862 124.951991 160.639348 307.262103 211.293635 257.124483 223.087427 314.356486 278.915758 68.117545 335.310304 140.128512 390.901522 388.000000 178.572114 431.602827 322.614321 303.488056 315.093637 
262.000000 7.000000 5.000000 a 270.040738 168.240899 207.183494 105.109467 142.835570 150.332964 90.448881 161.111762 72.470684 238.947693 84.219950 77.897368 141.056726 17.464249 149.459024 121.264174 109.018347 166.469216 174.000000 155.955122 124.354332 231.872810 122.784364 242.033056 219.617850 183.412104 302.200265 178.101095 158.154987 154.983870 
128.000000 8.000000 1.000000 a 276.371127 111.400180 126.126920 342.614944 368.517299 345.984104 222.894594 324.006173 168.181450 466.451498 303.216095 282.015957 247.297392 255.409475 120.966938 344.804292 284.401125 153.561063 328.823661 342.498175 292.138666 416.319589 360.650801 352.132077 253.852319 421.161489 435.717799 75.690158 90.000000 273.007326 
283.000000 2.000000 4.000000 a 312.929705 467.908111 397.175024 243.673962 181.033146 377.530131 395.739814 174.091930 370.368735 139.086304 225.610283 346.832813 439.658959 298.854480 377.445360 194.920497 217.706224 474.473392 170.238069 159.402008 396.354639 82.134037 253.387056 182.660888 287.835022 224.590739 125.131930 422.574254 408.729740 228.659135 
124.000000 3.000000 2.000000 a 355.105618 425.282259 399.450873 166.355042 114.560028 287.405637 332.121966 178.126360 327.466029 31.144823 177.609121 272.547244 368.408740 242.662317 364.164798 136.883162 198.517002 422.291369 183.133831 147.091808 316.711225 110.385687 167.314076 234.047004 317.077278 123.328829 210.297408 406.558729 389.390549 237.592087 
149.000000 4.000000 3.000000 a 239.232105 102.044108 134.525091 192.442199 220.907220 217.462640 108.208133 199.060292 29.832868 318.989028 156.156972 145.499141 155.425223 105.721332 73.239334 197.496835 150.336290 121.334249 208.062491 208.403455 173.349358 286.085652 211.021326 256.628136 194.756258 271.016605 331.802652 91.443972 71.449283 164.760432 
242.000000 2.000000 4.000000 a 313.789739 342.328789 331.760456 84.864598 32.249031 215.522621 248.783038 130.633074 245.051015 65.863495 97.493590 191.191004 286.686240 159.100597 290.303290 55.901699 131.244047 338.576432 141.031911 96.208108 237.844487 112.698713 91.443972 211.116082 269.105927 74.202426 219.428804 330.723449 312.641968 183.308483 
218.000000 6.000000 3.000000 a 259.383885 452.580380 359.356369 260.203766 197.989899 397.122147 395.591961 151.608047 358.231769 185.413052 226.134915 355.620584 443.401624 298.303537 348.281495 205.087786 202.408004 464.811790 143.031465 149.906638 407.276319 79.227520 275.045451 131.034347 240.786212 259.464834 62.201286 393.459019 381.807543 196.025509 
183.000000 2.000000 4.000000 a 391.260783 499.289495 457.335763 244.476993 190.234066 364.166171 409.646189 230.312831 400.935157 105.948101 250.319795 350.766304 446.609449 318.449368 428.253430 211.191856 261.847284 498.362318 231.199048 205.039021 394.868332 142.863571 245.415973 262.322321 360.323466 197.952014 213.190056 472.085797 456.004386 289.698119 
246.000000 5.000000 2.000000 a 279.658721 341.180304 310.306300 106.042444 43.000000 242.348922 258.565272 96.509067 242.711763 85.211502 92.314679 207.858125 301.054812 163.266653 274.213421 56.462377 108.784190 342.358000 105.361283 62.393910 257.614052 77.201036 119.519873 172.803356 236.907155 112.805142 181.835090 316.766475 299.803269 153.013071 
208.000000 7.000000 1.000000 a 272.060655 80.448741 123.036580 309.594897 337.912711 311.090019 188.095720 300.216588 133.958949 436.010321 272.752635 247.032387 214.107450 222.036033 101.118742 314.311947 257.856549 123.600162 306.138857 316.425347 257.513106 391.760131 327.061156 335.858601 243.756026 388.021907 418.248730 58.523500 66.287254 252.414342 
121.000000 9.000000 2.000000 a 362.608604 465.450320 424.124982 213.337760 157.292721 336.916904 377.359245 197.448728 367.043594 80.156098 216.448608 319.788993 415.463596 285.222720 394.275285 177.730133 227.793766 465.107514 199.040197 171.303824 365.087661 112.641023 216.002315 235.136131 329.789327 172.838075 193.865933 438.014840 421.864907 257.108926 
220.000000 1.000000 4.000000 a 360.721499 352.274041 365.662413 82.377181 68.410526 188.600106 246.789384 178.899413 258.940148 69.641941 125.399362 181.950543 277.028879 169.531708 318.954542 88.459030 170.988304 342.242604 190.184121 144.941367 221.652882 161.148999 73.878278 261.812910 314.455084 25.961510 268.881015 356.294822 337.231375 227.881548 
222.000000 3.000000 2.000000 a 271.271082 355.950839 313.466107 129.003876 66.121101 265.544723 278.001799 91.197588 257.530581 90.609050 108.908218 229.455878 321.734362 181.573677 281.311216 77.129761 114.738834 359.246434 97.252249 60.166436 279.732015 54.083269 142.863571 157.867033 231.106036 133.454112 160.065612 324.890751 308.708600 150.472589 
248.000000 3.000000 2.000000 a 113.296072 362.691329 230.288949 266.627080 222.396043 390.448460 343.594237 113.070774 283.001767 269.818457 205.973299 328.539191 396.056814 258.358278 236.660094 213.037555 153.521985 386.246036 99.247166 142.898565 379.486495 147.299016 289.748167 23.706539 101.911727 305.944439 92.655275 278.915758 272.369235 103.817147 
288.000000 5.000000 1.000000 a 284.369478 353.288834 319.820262 116.430237 53.460266 252.071418 270.601183 102.239914 254.809733 78.102497 104.484449 219.271521 312.795460 175.445148 284.875411 68.447060 118.848643 354.564522 109.836242 69.065187 268.693134 70.263789 128.561269 173.666347 242.825040 116.498927 176.954796 327.713289 310.929252 160.199875 
154.000000 7.000000 5.000000 a 196.542616 218.549765 178.241409 126.873953 123.470644 225.000000 172.418096 83.486526 123.713378 217.882996 63.639610 157.889202 224.396970 86.764048 137.480908 100.498756 33.015148 230.540669 94.366308 91.438504 207.617437 168.807583 151.713546 157.686398 145.715476 196.471372 222.315092 179.980555 163.370744 71.112587 
153.000000 3.000000 2.000000 a 499.812965 336.148777 442.793406 190.307646 243.304336 95.126232 217.807254 343.863345 283.719932 268.821502 252.400475 166.207701 204.298801 225.796368 382.545422 245.934951 308.561177 303.534183 357.928764 317.151383 149.214611 359.555281 168.240899 435.588108 448.937635 179.067027 463.482470 400.960098 381.504915 369.833746 
295.000000 9.000000 2.000000 a 119.519873 200.324736 54.918121 255.556256 253.197551 326.308137 230.672929 172.812037 152.869225 343.110769 194.833262 252.620268 279.571100 190.078931 64.195015 231.002164 151.076140 233.805475 173.184872 200.202398 290.690557 263.609560 279.658721 182.408881 84.929382 327.665988 266.627080 100.424101 98.183502 114.127122 
102.000000 6.000000 2.000000 a 388.128845 77.878110 242.835335 337.890515 383.463166 286.681007 176.139150 378.799419 174.453432 478.173609 323.593881 244.969386 169.319225 255.290031 206.475180 361.995856 328.975683 77.935871 387.981958 385.875628 229.612717 463.906241 347.830418 433.102759 354.031072 410.358380 510.827760 173.833253 172.026161 342.791482 
102.000000 2.000000 2.000000 a 292.610663 85.381497 142.506140 330.189340 360.340117 324.445681 201.201392 324.376325 153.378617 458.450652 295.330324 263.007604 222.252109 242.392244 125.031996 336.823396 281.716169 126.574089 330.340733 340.330722 269.564464 415.838911 346.913534 359.606730 266.084573 408.383398 442.187743 81.541401 90.443352 276.573679 
113.000000 9.000000 3.000000 a 336.743226 181.198786 265.753645 104.623133 162.689889 85.146932 65.000000 215.204554 108.342051 246.677928 124.004032 11.401754 98.086696 60.835845 205.387439 147.461859 166.207701 162.929433 229.072041 202.039600 60.876925 271.398231 108.894444 301.811199 286.276091 170.417135 354.447457 225.534920 205.759568 218.709853 
160.000000 6.000000 4.000000 a 51.224994 277.180447 123.065023 270.795126 249.447389 367.828765 289.794755 145.220522 216.411645 325.554911 204.882893 296.664794 341.392736 227.070474 142.225174 231.199048 149.562696 308.016233 139.089899 178.907797 341.540627 223.439030 295.854694 117.413798 7.071068 332.099383 200.471943 179.293056 177.022597 89.988888 
235.000000 6.000000 2.000000 a 137.306227 249.323084 156.524758 181.617730 161.805439 286.400070 226.366959 70.682388 165.109055 244.738636 115.602768 218.680132 278.976702 147.492373 136.883162 142.442971 60.166436 269.690563 72.201108 99.040396 267.464016 162.289864 206.661559 107.912001 87.321246 243.213898 184.396312 182.123584 170.423003 16.155494 
292.000000 5.000000 3.000000 a 116.456000 208.002404 78.390050 236.279496 231.002164 314.229216 225.257630 149.053682 149.372019 319.931243 174.106289 241.014522 275.748073 175.570499 74.953319 209.153054 128.316016 238.436574 149.586096 176.527618 281.858120 240.010416 260.722074 162.603813 74.108029 306.887602 246.343256 116.361506 110.602893 90.553851 
267.000000 6.000000 3.000000 a 174.048844 161.993827 100.498756 196.430649 205.185282 259.123523 166.739317 151.380316 91.547802 300.760702 141.718030 185.421142 217.412051 124.233651 54.561891 181.686543 112.160599 187.010695 157.267288 169.614268 224.180731 243.347488 219.428804 194.640695 128.160056 272.090059 273.645756 98.229324 83.450584 105.550936 
279.000000 2.000000 4.000000 a 324.445681 233.944438 282.446455 42.059482 102.610916 105.342299 125.896783 175.453698 146.249786 184.024455 80.498447 64.474801 160.124951 61.073726 226.497241 91.005494 134.402381 221.461058 189.770915 154.987096 112.787411 217.002304 48.877398 266.557686 273.629311 111.646764 308.366665 256.095685 236.135554 194.743421 
227.000000 3.000000 2.000000 a 216.178167 165.487160 73.593478 347.385953 361.437408 376.920416 257.934100 297.038718 188.512599 456.951857 297.415534 306.960910 292.246471 265.016981 102.961158 337.866838 266.308092 208.693555 298.986622 321.099673 327.604945 389.165774 368.490163 308.183387 202.200396 425.070582 392.563371 71.196910 91.082380 240.285247 
291.000000 9.000000 3.000000 a 328.006098 428.435526 385.389413 182.784026 123.434193 311.977563 343.739727 159.062881 329.948481 67.542579 179.635743 288.766342 383.813757 249.897979 355.347717 142.284925 188.904738 429.439169 161.300961 132.378246 335.919633 78.313473 188.663722 202.805325 293.342803 153.941547 172.037787 399.141579 383.078321 218.874393 
126.000000 6.000000 1.000000 a 223.600089 334.858179 272.946881 145.165423 89.872131 280.401498 271.488490 46.173586 238.069318 138.278704 102.313244 233.008584 319.330550 174.155103 246.400081 87.920419 84.023806 343.565132 50.009999 26.400758 285.112259 51.865210 164.623814 113.159180 184.002717 170.484603 132.853303 291.109945 276.383791 106.042444 
146.000000 9.000000 2.000000 a 403.546775 111.251966 282.646422 250.191926 306.349474 169.056204 86.977008 335.894329 140.427917 392.249920 257.730479 145.244621 52.201533 184.393601 226.896452 288.764610 283.296664 68.264193 348.080450 332.051201 114.280357 407.171954 253.314034 410.043900 359.071024 312.800256 476.525970 217.154323 204.022058 318.308027 
289.000000 6.000000 3.000000 a 460.557271 257.390754 382.873347 183.152942 245.277394 46.572524 145.031031 326.827171 219.045657 299.080257 231.758495 112.698713 122.016392 183.002732 321.603794 239.653917 282.644653 222.110333 341.123145 306.602348 75.584390 364.046700 169.106475 417.206184 409.986585 206.651881 459.619408 333.444148 314.884106 339.418621 
178.000000 4.000000 1.000000 a 369.687706 506.027667 448.385994 262.992395 203.933813 389.683205 424.117908 222.157602 407.613788 134.093251 258.306020 369.167983 464.321010 329.660431 424.609232 222.279104 260.526390 508.693424 220.410980 201.972770 415.842518 130.000000 267.591106 239.459809 343.110769 226.638479 180.897761 469.319720 454.402905 279.451248 
282.000000 8.000000 4.000000 a 71.610055 359.356369 208.146583 299.816611 261.335034 416.329197 356.506662 149.201206 289.181604 315.597845 236.027541 350.294162 409.088010 279.121837 226.565664 249.288989 180.235956 387.373205 136.740630 181.945047 399.452125 194.815297 323.904307 70.213959 79.812280 345.858353 134.078335 265.092437 261.895017 121.433109 
224.000000 6.000000 3.000000 a 486.042179 329.013678 431.230797 175.650221 228.554151 86.284413 209.537586 329.229403 273.380687 255.384025 238.008403 155.283611 199.278699 213.002347 371.258670 231.192560 294.278779 297.618884 343.279769 302.418584 142.088001 344.920281 153.495928 420.933486 435.197656 165.060595 448.742688 390.749280 371.171120 355.675414 
171.000000 4.000000 1.000000 a 359.502434 74.060786 211.151604 343.930225 384.294158 308.415304 190.685605 367.609848 171.265875 481.015592 321.796520 258.897663 194.208651 258.001938 182.148291 361.835598 320.039060 95.036835 375.600852 378.208937 251.205095 455.834400 356.477208 414.560008 328.803893 419.237403 494.676662 144.499135 146.536685 326.588426 
106.000000 2.000000 5.000000 a 294.864376 372.392266 336.466937 132.018938 69.921384 266.092089 288.901367 115.212847 273.914220 67.446275 123.555655 236.298540 330.408838 194.195778 302.828334 86.833173 136.418474 373.503681 121.148669 83.743656 285.049119 65.299311 142.003521 179.234483 255.070578 122.102416 173.366663 345.943637 329.341768 174.393234 
225.000000 1.000000 4.000000 a 178.370401 422.129127 299.006689 285.212202 230.495119 418.055020 389.082254 139.903538 336.300461 251.813423 233.574399 363.606931 440.500851 296.952858 301.469733 228.177562 190.591186 442.115370 126.150704 158.240324 415.819672 125.606528 305.447213 66.708320 171.213317 307.509349 28.160256 344.885488 336.922840 156.952222 
140.000000 3.000000 4.000000 a 159.906223 322.007764 227.501648 189.251156 145.086181 316.189816 282.015957 35.846897 231.905153 202.405534 130.678996 258.062008 333.384163 190.223553 213.190056 135.207248 83.600239 338.585292 21.633308 65.436993 310.006452 94.641429 212.084889 56.035703 123.320720 229.242230 112.378824 258.379566 246.813695 60.959003 
260.000000 8.000000 3.000000 a 95.273291 228.140308 84.864598 248.895560 238.757199 332.453004 245.934951 148.761554 170.425937 324.390197 185.067555 259.624729 296.651310 192.800415 93.536089 217.807254 135.447407 259.262415 147.258277 178.709261 301.537726 237.191905 273.651238 150.243136 54.083269 317.119851 234.580477 132.502830 128.724512 88.887569 
202.000000 7.000000 5.000000 a 145.000000 225.960173 140.456399 178.709261 167.191507 274.315512 207.002415 88.814413 143.013985 255.313533 113.841996 204.482273 259.615100 133.843192 115.260574 145.993151 64.000000 246.829901 92.633687 113.088461 251.668433 181.400110 203.678668 130.862523 94.069124 245.358921 207.793166 160.527256 148.054044 39.560081 
201.000000 2.000000 4.000000 a 48.836462 271.016605 106.282642 287.626494 269.757298 378.493065 293.955779 168.000000 218.240693 348.173807 222.171105 306.197649 344.615728 238.096619 134.836939 250.683067 168.237927 304.244967 162.520768 201.248602 349.057302 247.648945 312.648365 140.900674 30.870698 351.432782 223.181540 167.764716 168.047612 111.018017 
150.000000 1.000000 2.000000 a 240.709368 142.611360 93.059121 345.081150 364.050821 364.232069 243.002058 307.616645 178.474088 460.895867 299.152135 296.319085 273.707873 260.203766 106.437775 340.308683 272.946881 185.852092 310.787709 329.461682 312.923313 400.202449 365.038354 326.013803 222.910296 423.434765 410.290141 65.734314 85.158675 252.960471 
233.000000 6.000000 5.000000 a 321.398507 434.430662 384.707681 194.095337 133.330417 325.000000 352.854077 157.581725 335.971725 83.192548 186.461792 299.487896 394.045683 257.934100 356.949576 150.764717 191.206694 436.848944 158.432951 133.405397 347.403224 71.344236 201.248602 194.435079 288.542891 168.715737 158.902486 401.179511 385.600830 216.898594 
265.000000 1.000000 4.000000 a 153.730283 313.904444 218.325445 188.661072 147.054412 313.600064 276.181100 35.355339 224.555116 208.136974 128.413395 254.120050 327.807871 185.526278 204.120063 135.793962 78.854296 331.078541 22.472205 67.742158 305.851271 103.092192 211.945748 57.697487 115.624392 231.587996 119.816526 249.288989 237.844487 51.855569 
224.000000 5.000000 4.000000 a 237.693079 122.380554 87.321246 322.024844 342.616404 340.147027 219.173447 290.518502 154.324334 439.877256 277.504955 272.132321 250.944217 236.662207 87.418534 318.849494 253.663162 165.614009 294.496180 310.924428 289.088222 383.109645 341.678211 314.515500 215.081380 400.484706 398.393022 43.863424 62.361847 237.604714 
284.000000 8.000000 2.000000 a 438.092456 306.623548 391.494572 124.807852 177.687929 70.491134 185.283566 278.402586 239.526616 211.340957 188.095720 122.036880 187.882942 169.923512 332.843807 180.094420 244.695729 280.223125 292.405540 251.334439 125.924581 294.730385 102.396289 370.033782 387.413216 119.000000 397.917077 356.270964 336.362899 306.471858 
276.000000 3.000000 1.000000 a 270.148108 362.167089 316.260968 137.003650 74.108029 273.528792 285.413735 92.070625 263.821910 92.444578 115.883562 237.305710 329.400971 188.788241 285.376944 84.929382 118.983192 366.019125 97.005155 62.769419 287.656045 46.615448 150.764717 154.434452 231.002164 140.064271 153.378617 329.220291 313.287408 151.795916 
195.000000 1.000000 3.000000 a 112.538882 395.132889 249.551598 309.200582 263.774525 433.004619 383.231001 155.602057 319.901547 305.452124 248.684539 370.471321 435.821064 299.976666 264.660159 255.221472 195.887723 421.076003 141.650980 184.621234 421.118748 179.938879 332.182179 64.381674 120.154068 346.659776 100.448992 304.599737 300.273209 143.586211 
297.000000 8.000000 4.000000 a 322.468603 472.784306 405.034566 244.368574 182.148291 377.194910 398.538580 180.922635 374.977333 134.714513 228.973798 348.367622 441.770302 302.001656 384.294158 197.030454 223.331592 478.535265 177.628826 164.784708 397.416658 88.459030 253.140277 192.208220 296.816442 222.036033 135.148067 429.348343 415.245710 236.304888 
166.000000 2.000000 2.000000 a 519.209014 320.663375 447.098423 224.008928 282.109908 100.419122 210.021427 375.021333 283.647669 318.000000 280.743655 173.366663 183.991848 241.132744 385.893768 281.156540 334.773057 283.809795 389.307077 351.240658 140.527577 400.555864 204.919496 466.621903 468.363107 226.318360 501.522681 398.421887 379.811795 394.005076 
113.000000 7.000000 2.000000 a 427.800187 260.376650 363.683929 136.062486 197.294197 17.464249 140.057131 283.989436 204.022058 250.121970 189.235303 86.815897 135.417872 150.332964 303.191359 193.132079 242.689102 230.852767 298.303537 261.704031 74.732858 316.303652 120.503112 375.298548 376.893884 157.965186 413.782552 321.286477 301.811199 301.809543 
155.000000 1.000000 3.000000 a 416.252327 283.804510 367.141662 107.424392 164.468842 55.317267 162.594588 260.432333 215.127869 209.121974 168.240899 98.020406 168.940818 145.907505 308.379636 164.149322 224.341258 258.681271 274.590604 234.882950 106.677083 283.049466 87.315520 352.238556 365.453143 116.498927 384.037759 331.789090 311.873372 285.671140 
106.000000 5.000000 1.000000 a 364.773903 342.141783 363.049583 73.006849 72.470684 172.702056 234.360833 184.707877 250.283839 85.615419 123.146255 168.505193 263.030416 160.850863 314.553652 89.560036 172.200465 330.650873 196.657062 151.433154 206.828431 173.772840 60.876925 270.040738 317.568890 12.727922 280.964411 350.682192 331.368375 230.932891 
145.000000 8.000000 1.000000 a 203.246156 151.208465 54.129474 320.057807 334.073345 352.597504 235.261557 271.532687 163.600122 429.759235 269.981481 281.831510 272.091896 238.134416 75.504967 310.483494 239.520354 193.724031 274.016423 294.823676 304.507800 363.917573 341.287269 287.062711 183.883115 397.669461 371.381206 46.615448 65.802736 215.678001 
178.000000 8.000000 2.000000 a 378.450789 190.850727 299.803269 133.240384 195.143537 53.600373 70.000000 256.955249 136.970800 270.601183 164.103626 33.241540 76.485293 103.788246 238.648277 182.887944 208.734281 163.600122 270.955716 242.002066 20.223748 308.525526 130.142230 344.396574 328.208775 186.206874 395.175910 253.331798 234.200769 261.658174 
104.000000 9.000000 3.000000 a 384.906482 97.529483 265.047166 238.212090 292.849791 166.688332 72.470684 318.788331 121.823643 380.600841 242.392244 135.059246 48.764741 169.008876 208.751048 274.590604 266.176633 55.973208 330.806590 315.830651 110.168053 391.494572 242.835335 392.001276 340.389483 303.369412 459.186237 200.322240 186.638688 300.134970 
214.000000 2.000000 5.000000 a 321.224221 413.359408 373.630834 167.287178 107.782188 297.188492 328.100594 148.431803 314.892045 59.203040 164.438438 273.183089 368.184736 234.388566 342.211923 126.751726 175.635987 414.010869 151.753089 120.154068 320.488689 74.040529 173.611636 198.285148 284.929816 141.056726 174.201033 385.736957 369.431996 208.338667 
169.000000 5.000000 1.000000 a 258.544000 138.600144 180.155488 138.235307 172.594901 170.988304 84.202138 174.195293 40.607881 269.824017 110.453610 97.247108 136.821051 50.695167 120.503112 150.073315 121.753850 142.214627 185.776748 175.045708 135.281189 252.685575 155.977562 247.291326 209.506563 216.621790 313.958596 146.030819 126.015872 156.284996 
288.000000 1.000000 3.000000 a 139.301831 349.445275 234.763711 230.783448 184.621234 357.610123 318.904374 77.524190 263.827595 232.475805 172.191754 298.363872 370.850374 229.512527 231.077909 176.181724 122.971541 369.411694 63.285069 105.418215 350.035712 112.445542 253.402841 14.866069 114.529472 267.860038 86.092973 275.283490 266.176633 84.172442 
181.000000 3.000000 1.000000 a 260.461130 423.108733 344.245552 219.385505 156.818366 356.182537 359.506606 124.326184 326.928127 147.139390 188.957667 316.723854 406.158836 261.979007 326.686394 165.109055 171.677022 432.677709 118.802357 115.550855 367.991848 39.458839 233.636470 130.391718 234.200769 217.995413 86.608314 371.938167 358.810535 176.323566 
155.000000 2.000000 1.000000 a 354.682957 373.803424 372.930288 106.103723 71.386273 220.494898 272.809457 171.292148 278.255278 38.078866 135.665029 209.976189 305.655034 189.834138 329.951512 94.831429 173.104015 366.456000 180.892233 136.821051 251.781651 138.105032 102.576800 247.697396 310.654149 57.078893 246.107700 369.380563 350.891721 225.144398 
149.000000 4.000000 2.000000 a 312.641968 440.638174 382.941249 207.299301 145.330657 339.995588 362.990358 156.064089 342.404731 101.965681 194.494216 311.680927 405.487361 267.016853 358.001397 161.003106 193.876249 444.775224 155.206314 135.281189 360.451106 65.192024 215.928229 184.024455 282.072686 186.131674 142.695480 402.657423 387.695757 214.217180 
285.000000 3.000000 1.000000 a 229.995652 399.425838 314.230807 212.198021 151.822265 348.855271 342.229455 98.615415 304.630924 161.604455 173.565550 304.026315 390.477912 245.122418 298.613463 155.708060 148.771637 411.130150 91.214034 96.509067 356.005618 36.235342 229.120056 100.319490 203.184645 221.963961 71.840100 343.889517 331.368375 147.186956 
140.000000 8.000000 4.000000 a 277.800288 472.288048 379.770984 274.220714 211.463945 410.888063 413.303762 171.353436 377.514238 189.855208 243.199507 371.651719 460.540986 315.854397 368.756017 220.145406 221.652882 483.934913 163.134913 168.002976 422.995272 94.339811 287.897551 150.455974 260.547500 268.486499 76.655072 413.943233 402.226304 216.510970 
144.000000 2.000000 1.000000 a 187.949461 201.315673 65.253352 359.050136 366.460093 400.985037 285.411983 291.509863 211.879683 459.396343 304.384625 329.200547 323.187252 280.862956 115.260574 343.371519 267.031833 244.182309 291.583607 318.510596 354.227328 381.937168 381.424960 291.075592 181.738824 435.225229 374.897319 96.896852 114.934764 232.561820 
136.000000 1.000000 4.000000 a 454.493124 318.158765 407.000000 140.719579 192.301846 77.833155 196.918765 294.253292 253.712436 221.002262 204.355083 135.624482 195.931110 185.809042 348.080450 195.532606 261.000000 290.368731 308.210967 266.810794 134.766465 308.520664 117.889779 385.800467 403.814314 129.653384 412.437874 370.742498 350.886021 322.815737 
291.000000 9.000000 5.000000 a 93.722996 265.384627 82.855296 343.572409 333.946103 417.432629 317.510630 238.212090 239.018828 417.202589 280.401498 343.677174 364.017857 281.412509 138.405202 313.249102 230.705440 304.555414 233.944438 270.362719 380.171014 320.407553 368.133128 212.532350 103.817147 412.633009 292.897593 152.505738 161.446586 179.226114 
134.000000 2.000000 1.000000 a 374.478304 365.492818 380.695416 95.770559 82.764727 194.288445 258.373760 192.106741 272.836948 66.121101 140.431478 192.520129 286.895451 183.371208 333.901183 103.310212 185.690603 354.519393 203.036942 157.917700 230.243350 169.011834 84.899941 273.481261 328.566584 27.202941 277.064974 371.079506 351.967328 242.074369 
151.000000 2.000000 5.000000 a 232.174503 361.889486 293.942171 166.171598 106.775465 302.676395 298.328678 67.424031 265.294176 134.629120 128.413395 258.156929 345.731109 200.878072 270.542048 109.489726 110.679718 370.870597 66.309879 53.712196 310.014516 25.455844 183.730781 111.664677 196.725697 181.474516 113.595775 315.526544 301.346976 125.239770 
143.000000 8.000000 1.000000 a 198.657998 225.015555 184.699756 122.772147 116.965807 224.715376 176.102243 77.884530 129.618671 210.943120 58.463664 158.823802 227.793766 88.022724 144.585615 94.191295 26.419690 236.315467 89.269256 84.504438 209.153054 162.049375 147.732867 154.741720 148.003378 191.062817 217.559187 187.171045 170.581359 70.491134 
255.000000 9.000000 2.000000 a 363.896963 260.768096 322.332127 56.612719 117.834630 82.006097 144.402216 207.870152 179.902752 180.546393 115.108644 75.716577 167.170572 100.019998 265.505179 113.841996 171.213317 242.736483 222.092323 183.480244 109.931797 236.753036 42.296572 299.661476 313.210792 94.641429 334.574356 293.170599 273.148311 232.664995 
164.000000 7.000000 5.000000 a 413.493652 303.664288 374.723898 96.896852 147.597425 83.408633 183.412104 250.059993 229.008733 183.207533 161.721984 115.952577 194.427364 152.315462 317.529526 150.903943 218.563492 280.957292 263.933704 222.182358 132.412235 264.378517 73.409809 341.439599 363.093652 90.448881 367.793420 343.984011 323.966048 280.665281 
226.000000 5.000000 3.000000 a 21.470911 327.807871 164.560019 308.643808 279.164826 413.817593 340.484948 168.309239 267.867505 344.971013 242.800329 344.013081 392.346785 273.470291 192.065093 263.609560 186.010752 359.389761 158.521292 202.743681 390.308852 231.002164 333.516117 109.658561 48.466483 363.589054 182.915281 226.497241 226.079632 123.810339 
111.000000 7.000000 4.000000 a 453.206355 325.412046 409.591260 137.207871 186.300832 87.235314 204.071066 290.263673 258.414396 211.116082 201.883630 141.031911 205.234013 187.619295 351.203645 190.800943 258.698666 298.573274 304.095380 262.030533 143.617548 301.391772 113.569362 381.536368 402.683499 120.507261 406.070191 375.054663 355.129554 320.739770 
215.000000 9.000000 3.000000 a 130.942736 192.023436 69.892775 234.554898 233.619349 306.006536 213.084490 158.028478 136.191042 324.776846 174.347354 232.422030 262.908729 169.118302 58.940648 211.151604 132.382023 222.925997 159.762323 183.657290 271.543735 249.953996 258.588476 177.369670 90.022219 307.102589 260.716321 101.074230 94.641429 101.212647 
100.000000 9.000000 4.000000 a 39.115214 338.119801 179.334882 304.236750 271.591605 413.627852 345.023188 159.677801 274.175127 333.730430 238.849325 345.027535 397.246775 274.045617 203.199409 257.163372 182.035711 368.401954 148.929514 193.829822 392.448723 217.331544 328.907282 94.339811 56.142675 356.269561 165.484138 239.365829 237.842385 120.216471 
108.000000 7.000000 4.000000 a 190.065778 317.984276 242.470617 159.665275 112.698713 290.056891 266.176633 17.204651 223.787846 171.828403 105.261579 235.764713 316.227766 171.002924 220.165847 104.201727 68.410526 330.552568 16.031220 33.241540 288.078114 76.275815 181.705806 87.000000 150.003333 196.603662 127.098387 265.324330 251.793566 73.925638 
188.000000 7.000000 3.000000 a 410.274298 193.038856 322.245248 169.649639 232.131428 59.169249 81.412530 294.567480 158.003165 303.995066 202.094038 70.859015 60.415230 139.785550 261.007663 220.581051 245.751907 159.201131 308.501216 280.030355 18.681542 346.369745 164.210231 381.320076 360.573155 216.603324 433.132774 270.120344 251.956345 297.154842 
160.000000 4.000000 5.000000 a 48.373546 275.588461 117.630778 276.886258 256.632032 371.948921 291.707045 153.117602 217.462640 333.433652 211.085291 300.376431 343.023323 231.224999 140.000000 238.119718 156.169779 307.262103 147.166572 186.686904 344.607023 231.682973 301.943703 125.099960 14.764823 339.001475 207.819633 175.755512 174.347354 97.293371 
171.000000 1.000000 5.000000 a 276.421779 371.227693 324.967691 143.125819 80.056230 279.179154 293.615395 100.019998 272.853441 87.664132 124.531121 244.591496 337.170580 197.225759 294.477503 92.444578 128.140548 374.818623 104.235311 71.589105 294.613306 44.654227 155.823618 158.596973 238.102919 141.523850 152.610616 338.368143 322.471704 159.878079 
169.000000 9.000000 2.000000 a 309.161770 52.611786 161.895028 311.263554 346.301891 295.006780 172.290452 321.076315 134.331679 444.059681 282.237489 236.755148 189.488786 223.651515 131.472431 323.208911 275.176307 92.309263 328.385444 333.767883 239.209114 410.760271 326.308137 364.709473 278.001799 388.573030 445.497475 94.047860 95.801879 277.771489 
271.000000 3.000000 4.000000 a 157.841693 188.957667 113.000000 187.882942 188.663722 265.096209 182.989071 125.255738 112.178429 281.886502 128.035151 192.353841 234.923392 125.670203 78.243211 165.773942 90.249654 212.235718 130.384048 145.773797 235.227549 217.690147 211.981131 167.355908 109.123783 260.622332 245.936984 123.239604 109.877204 77.820306 
Type de surveillance de chaque endroit(target):tab[nombre de target]
a a a a a a a a a a a a a a a a a a a a a a a a a a a a a a 