Nombre des capteurs:
200
Nombre des targets:
30
Nombre de type de surveillance:
1

Caracteristiques:
158.000000 2.000000 4.000000 a 290.244724 330.711355 146.727639 228.659135 171.187032 298.263306 273.468463 153.639188 368.773643 357.471677 232.071110 139.789127 301.039864 318.147764 226.991189 279.689113 301.479684 341.673821 90.138782 344.477866 174.132134 209.876154 187.925517 366.398690 392.562097 114.337221 270.114790 275.072718 422.522189 363.034434 
178.000000 9.000000 4.000000 a 311.810840 321.512053 102.883429 256.976653 143.753261 285.476794 272.347205 166.820263 365.308089 346.182033 252.121003 162.015431 292.897593 335.049250 223.233062 259.988461 325.407437 362.845697 56.718604 342.328789 199.263644 189.156020 217.329243 347.246310 395.455434 68.796802 278.298401 242.051647 425.042351 366.816030 
185.000000 1.000000 4.000000 a 224.361316 246.077224 131.472431 176.071008 109.128365 214.972091 188.671672 77.620873 283.778082 273.309349 164.453641 79.101201 216.270664 245.817005 141.904898 201.201392 239.269722 274.898163 70.035705 259.624729 117.038455 134.729358 139.441744 286.272597 309.239389 115.849040 189.446562 214.692804 339.094382 280.046425 
187.000000 3.000000 2.000000 a 316.632279 349.777072 143.000000 255.211677 180.800996 315.792653 295.203320 178.507703 389.979487 375.765885 258.265367 166.003012 320.432520 344.075573 247.679228 293.993197 328.006098 368.061136 95.021050 366.066934 200.638979 223.378602 214.462118 381.179748 415.727074 108.226614 294.373912 281.455147 445.624281 386.393582 
138.000000 8.000000 3.000000 a 176.819117 226.920691 175.601822 128.390031 134.417261 202.247373 161.003106 33.941125 256.478069 255.986328 117.004273 32.280025 196.900990 200.412075 120.838736 199.842438 191.230228 227.705951 117.209215 231.261756 69.462220 143.125819 93.407708 279.257945 274.823580 163.248277 150.814456 233.259512 304.821259 245.000000 
120.000000 3.000000 5.000000 a 339.638043 153.941547 405.360334 390.283230 326.087412 181.231896 226.019911 353.271850 146.840049 124.458829 341.252106 385.415360 183.709009 302.869609 259.586209 206.518764 356.866922 335.858601 410.103645 169.649639 383.032636 276.391027 400.844109 122.441823 181.694799 430.679695 265.589909 266.737699 173.484870 197.306868 
132.000000 4.000000 4.000000 a 296.249895 141.661569 416.558519 354.114388 332.555259 179.011173 203.442867 333.803835 110.887330 118.067777 307.104217 363.803518 170.883001 256.639825 245.415973 216.490185 311.512440 285.616876 411.418279 136.473441 355.533402 281.044480 370.137812 146.239530 129.356098 437.891539 232.697228 292.063349 115.433964 150.625363 
192.000000 7.000000 4.000000 a 286.750763 124.779806 182.989071 293.491056 111.198022 86.005814 146.536685 203.295352 183.983695 131.308796 248.726758 235.688354 115.277925 274.696196 127.015747 37.336309 308.366665 317.107237 198.285148 175.182762 254.373741 73.348483 280.413980 100.895986 238.924674 210.791366 198.116128 55.578773 259.924989 223.056047 
198.000000 3.000000 5.000000 a 341.673821 372.108855 149.906638 279.571100 197.686621 337.241753 319.076793 203.656574 413.493652 397.588984 283.425475 191.149156 343.001458 369.303398 271.090391 313.389534 352.835656 393.103040 110.643572 389.802514 225.523835 242.563394 238.757199 400.670688 440.204498 114.236597 319.319589 295.042370 470.063825 410.965935 
111.000000 5.000000 5.000000 a 446.655348 240.085401 340.129387 470.387075 291.986301 229.268402 302.552475 390.512484 279.415461 219.611020 421.988151 423.615392 254.876441 422.403835 304.266331 207.954322 467.680446 463.311990 375.299880 288.600069 438.749359 262.505238 463.608671 158.142341 334.717792 374.285987 356.635668 189.002645 340.352758 335.316269 
265.000000 9.000000 2.000000 a 344.843443 140.943251 361.933696 386.455690 287.088836 156.000000 215.132517 334.293284 156.208194 111.628849 336.514487 367.600326 167.529102 312.385979 239.253004 169.248338 363.940929 349.448136 373.269340 173.556907 370.724965 240.052078 391.265894 82.006097 203.960781 389.525352 262.291822 217.039167 203.577995 212.162673 
234.000000 7.000000 5.000000 a 163.413586 114.017543 198.979898 164.939383 116.726175 90.271812 57.489129 88.277970 150.426062 142.772546 120.253898 121.807225 83.934498 161.009317 8.062258 100.955436 184.618526 201.427406 170.238069 127.015747 130.782262 80.808415 155.235305 169.499263 182.002747 207.386113 84.000000 168.715737 211.009478 154.777259 
221.000000 3.000000 1.000000 a 225.108863 140.235516 417.139066 290.986254 330.607017 182.156526 172.072659 295.149115 83.006024 133.364163 248.646335 320.657138 160.701587 183.002732 221.334588 229.752040 237.255137 205.730406 398.433181 102.727796 304.424046 280.264161 314.006369 188.010638 56.753854 432.140024 181.245690 318.284464 31.256999 86.034877 
225.000000 9.000000 3.000000 a 360.588408 196.000000 179.234483 361.321187 139.645981 160.252925 222.326337 262.931550 254.283307 196.305884 319.100298 292.849791 190.223553 350.228497 198.768710 113.030969 382.125634 392.562097 217.368351 248.340492 316.897460 127.349912 343.700451 148.384635 311.000000 213.459598 273.130006 34.132096 329.874218 297.139698 
200.000000 2.000000 3.000000 a 200.823305 263.685419 176.649370 142.214627 153.378617 238.018907 197.952014 69.115845 293.342803 292.605537 142.523682 50.249378 233.634330 228.827446 157.496032 232.572569 212.664054 252.247894 113.088461 268.061560 85.381497 171.452617 102.489024 314.000000 310.362691 157.280005 185.413052 257.186703 340.330722 280.431810 
286.000000 4.000000 1.000000 a 70.228199 179.254010 370.465923 143.558351 292.159203 201.357890 135.591298 193.383040 145.602198 199.649693 115.260574 205.847031 171.292148 28.844410 172.002907 244.761108 78.230429 48.301139 329.273443 130.831953 176.782352 255.237145 176.232801 260.664535 108.521887 372.313040 92.195445 332.567286 128.658463 90.553851 
277.000000 2.000000 3.000000 a 288.688413 203.590275 483.811947 357.740129 397.484591 245.458754 243.022633 366.674242 150.695056 190.065778 317.515354 391.882635 227.402726 245.953248 291.821863 290.511618 298.316946 262.000000 468.106825 172.742583 374.621142 346.400058 382.973889 234.292552 126.625432 500.467781 252.232036 374.769262 97.498718 156.540730 
246.000000 3.000000 5.000000 a 337.912711 169.814605 434.006912 393.926389 352.536523 202.588252 237.394187 367.164813 149.053682 142.467540 346.144479 398.200954 199.859951 298.826036 275.855034 233.600086 353.617024 328.420462 434.626276 174.011494 392.307278 301.802916 408.148257 153.574086 172.168522 457.790345 271.000000 299.873307 158.145503 192.574661 
211.000000 8.000000 4.000000 a 71.344236 267.031833 337.924548 35.171011 282.703024 268.225651 196.022958 144.544111 259.341474 295.177912 75.742986 131.381125 245.097940 113.991228 197.294197 294.322952 64.078077 107.912001 280.208851 236.543865 93.648278 268.477187 72.249567 345.079701 241.000000 326.203924 144.506055 361.653149 265.610617 215.522621 
169.000000 7.000000 4.000000 a 95.131488 258.383436 294.681184 20.808652 244.861185 252.343021 184.393601 105.190304 261.231698 287.892341 64.195015 86.884981 233.085821 135.506457 174.186681 271.576877 97.621719 142.144293 235.467620 236.611496 50.695167 236.685445 26.076810 331.692629 253.213349 281.312993 139.807010 330.770313 280.401498 225.144398 
207.000000 7.000000 4.000000 a 118.270876 125.299641 354.170863 183.000000 270.490296 154.353490 102.181212 200.212387 85.041167 142.056327 142.088001 221.226129 124.149104 77.665951 149.000000 201.682919 132.574507 109.274883 322.262316 73.246160 200.369658 226.737734 207.523493 204.474937 52.009614 361.796904 83.450584 292.904421 78.339007 29.529646 
212.000000 5.000000 5.000000 a 147.231111 354.830946 419.375727 124.851912 371.295031 359.243650 286.220195 231.672182 339.824955 381.812781 168.291414 211.966979 334.822341 183.806964 289.968964 386.839760 129.356098 157.714933 358.231769 319.126934 177.191986 360.256853 151.158857 434.609020 311.512440 403.398066 232.974248 453.812737 331.789090 290.125835 
266.000000 9.000000 5.000000 a 171.642069 38.483763 273.382516 207.446379 186.938493 55.081757 38.052595 167.600716 63.031738 67.446275 157.492857 198.595065 24.738634 147.122398 79.924965 102.396289 192.314846 188.806780 254.558441 42.190046 195.092286 137.800581 213.712424 118.697093 105.004762 287.680378 84.077345 194.092761 131.034347 84.480767 
284.000000 7.000000 5.000000 a 391.601839 202.385770 243.287895 402.672323 199.612124 176.298043 247.396443 311.777164 255.350739 193.018134 357.123228 343.512736 206.167408 374.897319 235.467620 139.053946 413.206970 417.278085 280.401498 255.861291 363.637182 177.589414 389.802514 133.184083 313.600064 277.584221 301.317109 94.047860 327.452287 305.555232 
270.000000 9.000000 5.000000 a 174.229733 54.589376 243.016460 199.010050 156.668440 44.687806 29.068884 144.779142 93.338095 84.214013 149.482440 177.180699 25.000000 156.588633 52.201533 82.873397 195.673197 199.060292 224.180731 72.670489 178.538511 108.268186 199.624648 122.155638 134.331679 257.070029 83.546394 171.828403 161.136588 111.570605 
102.000000 9.000000 3.000000 a 430.202278 239.370006 265.067916 440.655194 230.592715 214.580987 285.952793 348.173807 290.836724 228.232338 395.414972 379.437742 244.296950 413.320699 273.695086 177.589414 451.807481 455.672031 307.709278 292.617498 400.641985 213.063371 426.980093 166.721324 349.017192 300.281535 339.908811 124.422667 361.531465 342.195850 
190.000000 5.000000 3.000000 a 293.143310 173.968388 117.991525 283.185452 54.129474 131.946959 170.047052 179.805450 231.769282 187.523332 245.079579 208.124962 155.589203 290.511618 132.574507 86.608314 314.071648 331.475489 138.231690 217.623528 234.718981 49.648766 261.726957 165.423698 281.726818 146.328398 212.577045 52.801515 306.140491 261.030650 
172.000000 2.000000 2.000000 a 400.442256 397.555028 132.563192 343.838625 206.700266 358.816109 355.225281 255.485812 445.486251 419.802334 340.824002 250.193925 370.384935 423.738127 305.360443 326.193194 413.707626 451.545125 127.988281 423.689745 286.973866 257.410179 303.591831 411.655196 479.504953 102.415819 365.384729 286.539701 508.709151 451.515227 
225.000000 2.000000 2.000000 a 220.109064 130.384048 153.495928 214.114455 67.119297 92.114060 103.077641 118.190524 181.207064 153.101274 173.404152 150.296374 104.139330 218.073382 60.207973 72.000000 241.105786 258.683204 140.616500 162.077142 170.552045 23.537205 197.083739 157.334040 223.617978 169.118302 140.513345 115.000000 250.689050 199.449242 
291.000000 2.000000 3.000000 a 255.876924 165.302753 115.420969 241.813978 29.832868 124.458829 144.069428 137.440896 219.127817 184.783657 205.387439 165.758861 141.449638 256.859884 100.079968 90.338253 276.371127 296.708611 114.490174 201.295802 192.439601 22.022716 219.456146 177.158121 263.685419 135.247921 180.024998 93.744333 290.244724 240.077071 
290.000000 5.000000 5.000000 a 271.751725 193.631093 472.897452 341.021993 386.429813 235.669260 229.455878 351.732853 138.841636 182.167505 301.161086 376.470450 216.226733 229.008733 278.657496 281.753438 281.298774 245.002041 455.554607 159.831161 358.620970 335.644157 366.607419 229.688920 110.941426 488.722825 236.712906 367.632969 81.437092 140.943251 
174.000000 1.000000 4.000000 a 194.743421 208.463426 147.105404 156.204994 99.156442 179.254010 149.512541 48.041649 244.754980 236.298540 135.447407 65.192024 178.488095 212.190952 103.315052 170.660482 211.463945 243.971310 94.921020 220.494898 99.020200 109.786156 124.887950 253.284425 270.207328 140.035710 151.726728 198.338095 300.026665 241.124449 
238.000000 4.000000 2.000000 a 223.886132 94.493386 186.171964 230.867928 100.419122 53.814496 87.965902 146.778745 149.482440 114.634201 185.456194 180.249827 72.013888 214.086431 63.702433 36.400549 245.464865 256.222560 179.738699 133.544000 194.743421 48.836462 220.056811 117.834630 197.342342 205.372832 136.488095 109.480592 222.467975 176.309387 
154.000000 5.000000 4.000000 a 375.527629 171.233758 288.735173 398.276286 230.078248 157.492857 230.950211 319.781175 215.761442 153.847327 349.905702 353.114712 183.853202 352.625864 232.331659 136.693087 396.692576 394.027918 315.990506 221.923410 367.179792 195.317690 391.832873 90.824006 272.976189 320.951710 285.217461 134.766465 282.418130 270.179570 
129.000000 7.000000 4.000000 a 145.797805 353.831881 421.352584 125.642350 372.561404 358.733885 285.601120 233.002146 338.161204 380.663894 168.344884 213.784939 334.095795 181.837840 290.082747 386.793226 127.581347 155.048380 360.410877 317.647603 178.709261 360.955676 152.856142 433.807561 309.260408 405.659956 232.174503 454.400704 329.293182 288.133650 
152.000000 8.000000 2.000000 a 170.836179 86.052310 349.905702 229.054579 263.609560 124.169239 100.419122 223.396508 31.764760 93.984041 183.324848 249.775900 97.529483 132.517923 150.146595 173.530977 186.967912 165.710591 327.786516 35.440090 235.849528 214.767316 247.759964 156.923548 29.154759 362.926990 111.682586 265.277213 54.203321 26.925824 
171.000000 9.000000 5.000000 a 124.723695 136.014705 222.991031 124.326184 147.122398 122.380554 64.132675 66.850580 158.240324 166.048186 79.025312 96.690227 107.466274 128.249756 43.278170 140.868733 145.464772 166.364059 183.839604 132.774244 96.104110 119.037809 118.330047 202.410474 176.819117 225.550438 58.137767 209.401528 206.787330 147.322775 
108.000000 3.000000 5.000000 a 122.800651 136.058811 224.955551 123.065023 149.120756 123.032516 63.788714 67.623960 157.543645 166.108398 77.466122 97.082439 107.670795 126.253713 44.598206 142.126704 143.568799 164.368488 185.647515 132.034087 95.707889 120.904921 117.652029 203.022166 175.547714 227.431308 56.356011 211.123187 205.526154 146.000000 
200.000000 8.000000 3.000000 a 460.584411 285.954542 239.701898 460.726600 228.002193 254.686081 320.781857 359.951386 341.470350 279.946423 419.128858 388.434036 285.049119 449.090191 298.933103 210.394867 482.147280 491.529246 292.426059 339.477540 414.605837 225.610283 441.560868 222.036033 399.530975 275.312550 372.550668 131.654852 415.014458 389.104099 
141.000000 7.000000 4.000000 a 262.001908 339.342010 198.494332 193.494186 206.320140 312.032050 274.273586 144.899965 369.628192 367.952443 207.966343 120.208153 309.260408 295.108455 233.122286 302.001656 269.898129 312.707531 136.740630 344.305097 146.577624 236.027541 153.169840 386.016839 385.211630 168.386460 259.624729 312.541197 415.095170 355.208390 
258.000000 5.000000 1.000000 a 162.431524 94.530418 353.475600 222.380305 267.434104 131.381125 101.828287 221.433963 42.190046 104.000000 177.552809 246.862310 103.754518 123.369364 151.818971 180.709712 178.044938 155.708060 329.528451 42.107007 231.482181 219.312562 242.425246 167.026944 23.259407 365.547535 107.703296 272.662795 51.739733 17.088007 
297.000000 1.000000 4.000000 a 278.037767 145.096520 424.794068 339.425986 339.437770 185.348321 198.635344 328.124976 103.077641 126.210142 293.972788 356.707163 172.429696 237.168716 243.877018 227.035240 292.035957 263.469163 415.124078 128.514591 345.463457 287.835022 358.247121 164.769536 108.342051 444.144121 221.415898 307.688154 90.077744 133.015037 
180.000000 4.000000 1.000000 a 172.513768 315.158690 279.342084 98.183502 251.872984 300.885360 241.350368 126.317061 327.470609 345.220220 134.201341 93.477270 287.141080 212.614675 217.554591 309.375177 173.761331 218.563492 215.132517 302.036422 84.148678 259.493738 68.883960 380.837236 326.098145 257.623757 205.779008 351.069794 354.231563 297.107725 
256.000000 1.000000 1.000000 a 336.090762 137.320792 254.593794 355.957863 190.163088 117.515956 190.965966 276.134025 187.970742 125.399362 308.025973 309.457590 145.602198 315.412428 189.335681 93.107465 357.459089 357.351368 276.904316 190.157829 323.785423 152.738338 348.604360 65.030762 246.174735 285.271800 245.448569 103.247276 259.372319 239.585058 
168.000000 8.000000 3.000000 a 470.196767 271.516114 314.515500 485.056698 280.813105 252.071418 325.087680 395.600809 318.158765 255.978515 438.682117 427.375713 280.631431 450.467535 317.493307 220.102249 491.679774 492.440859 358.108922 323.372850 447.219186 261.375209 473.257858 192.917081 375.494341 349.894270 379.522068 174.568038 384.666089 372.114230 
164.000000 4.000000 1.000000 a 222.272355 142.804062 418.807832 288.721319 332.276993 184.618526 172.586210 294.679487 85.000000 136.780847 246.840029 319.828079 162.609963 180.024998 222.049544 232.475805 234.104677 202.054448 399.372007 103.855669 303.059400 282.115225 312.251501 192.065093 55.027266 433.444345 180.235956 321.375170 28.000000 84.693565 
161.000000 3.000000 3.000000 a 108.337436 316.096504 393.662292 92.703829 340.649380 321.263132 248.032256 201.896013 301.039864 342.965013 132.136293 185.924716 296.438864 145.523194 253.810953 350.075706 90.801982 122.016392 334.388995 280.235615 149.187801 326.498086 124.951991 396.107309 273.791892 380.147340 194.486503 419.447255 294.852506 251.803495 
193.000000 6.000000 1.000000 a 289.509931 130.230565 177.867929 294.864376 107.354553 91.087870 150.216510 203.226475 189.451841 137.083916 250.569352 235.357175 120.104121 278.172608 129.015503 42.047592 311.107698 320.538609 194.363062 180.335798 254.825430 71.568149 281.016014 106.404887 244.182309 206.021844 201.295802 50.249378 265.377090 228.008772 
280.000000 3.000000 2.000000 a 413.001211 405.178973 135.384637 357.128828 212.849712 365.941252 364.676569 267.471494 454.041848 426.823148 353.288834 263.045623 378.413795 435.690257 314.720511 331.990964 426.523153 464.009698 137.000000 432.597966 300.016666 264.007576 316.985804 416.773320 489.147217 107.615055 376.268521 288.716124 518.201698 461.400043 
116.000000 5.000000 2.000000 a 123.036580 90.077744 269.312087 155.939091 186.034943 95.671312 23.259407 128.798292 97.744565 118.903322 106.042444 156.540730 69.028979 105.118980 64.195015 133.753505 144.312162 147.597425 238.799079 72.034714 147.573710 144.346805 164.195006 168.629772 115.277925 277.353565 33.015148 219.738481 145.096520 86.452299 
207.000000 9.000000 1.000000 a 77.162167 137.178716 324.279201 135.944842 244.239636 154.547727 86.400231 156.847059 115.767007 161.027948 93.984041 175.285481 125.095963 45.276926 123.146255 196.290601 95.257546 86.838931 286.434984 95.294281 152.689227 206.038831 159.423963 219.207664 98.655968 328.184399 44.922155 283.282544 126.241831 71.063352 
132.000000 1.000000 1.000000 a 186.214930 198.000000 451.562842 259.832638 366.809215 235.849528 197.952014 296.723777 140.513345 202.237484 228.431609 314.892045 208.031248 144.941367 246.546142 285.187658 191.018324 150.029997 421.033253 146.577624 289.613536 320.777181 291.605898 263.245133 83.000000 460.253191 181.207064 377.116693 69.289249 101.390335 
212.000000 6.000000 4.000000 a 50.695167 168.600119 293.245631 81.221918 221.000000 172.351385 99.020200 108.687626 163.884105 196.697738 35.735137 121.165177 147.556769 59.615434 111.825757 203.828359 72.013888 93.085982 247.420694 139.903538 95.131488 192.924856 101.192885 247.426757 156.208194 291.665905 46.065171 280.878977 184.361059 127.475488 
117.000000 6.000000 4.000000 a 73.082146 157.813181 270.558681 87.920419 197.914123 156.722685 84.970583 89.587946 161.111762 186.967912 37.947332 106.526992 134.164079 80.777472 90.553851 184.859406 93.984041 116.017240 225.858363 136.000000 86.377080 170.461139 98.412398 234.002137 161.771444 269.703541 39.051248 259.422435 191.023559 132.034087 
118.000000 7.000000 2.000000 a 175.011428 268.985130 213.859767 110.054532 184.195548 248.394847 198.479218 70.000000 291.480703 298.739017 120.241424 37.656341 239.470249 207.386113 165.027270 250.065991 184.295958 226.101747 150.632002 265.800677 58.898217 194.989743 69.260378 326.987767 301.443195 194.920497 175.764046 284.861370 331.058907 271.464546 
281.000000 8.000000 1.000000 a 434.605568 243.823707 267.187200 444.865148 233.848241 219.045657 290.387672 352.115038 295.218563 232.606965 399.696135 383.302752 248.766959 417.777453 277.965825 181.950543 456.212670 460.131503 310.459337 297.060600 404.675178 216.905509 431.040601 171.020467 353.390719 302.478098 344.328332 127.769323 365.820994 346.632370 
119.000000 5.000000 2.000000 a 168.834238 78.313473 340.978005 225.019999 254.672339 115.732450 91.934759 216.060177 27.586228 88.141931 178.549713 242.923856 88.769364 131.700418 141.534448 165.096941 185.658288 166.433170 319.104998 26.683328 229.923900 205.827598 242.538657 151.211772 37.656341 354.090384 105.759160 256.943574 63.134776 29.068884 
253.000000 6.000000 3.000000 a 310.551123 274.535972 37.802116 269.786953 82.492424 235.076583 238.296034 164.027437 324.644421 295.949320 251.509443 173.611636 248.243832 325.296788 188.480768 202.054448 327.551523 359.083556 26.925824 304.080581 211.002370 133.221620 234.554898 288.006944 362.774034 25.942244 257.608230 172.235304 391.184100 336.145802 
226.000000 3.000000 4.000000 a 50.537115 191.441897 365.859263 124.679589 290.043100 210.116634 140.943251 183.174780 162.289864 213.621160 100.801786 192.761511 180.623919 15.297059 172.409396 251.320512 57.218878 31.827661 321.840022 145.578158 161.721984 256.007812 159.022011 273.386174 128.549601 365.744446 92.227978 336.964390 149.482440 108.747414 
197.000000 8.000000 5.000000 a 277.481531 182.043951 99.724621 261.375209 24.186773 140.417235 165.326949 155.206314 237.402612 199.529446 226.241022 181.793839 159.777971 278.869145 122.036880 101.212647 297.859027 318.648709 110.168053 220.565183 210.418630 41.109610 237.406824 185.714835 283.557754 123.664870 202.039600 82.637764 309.614276 260.583960 
152.000000 5.000000 3.000000 a 109.110036 171.618764 391.083111 182.082399 309.480209 200.584147 144.124946 223.432316 127.440182 187.106921 150.864177 239.106671 170.293864 67.119297 187.488666 247.420694 116.400172 80.622577 354.383973 118.962179 212.285186 268.262931 213.600094 249.929990 79.611557 395.904029 112.538882 338.141982 94.371606 71.028163 
117.000000 1.000000 4.000000 a 395.379564 274.898163 108.258949 376.085097 128.156155 233.828997 277.088434 267.439713 333.923644 283.233120 343.444319 289.499568 260.049995 395.920447 238.113418 185.054046 415.707830 436.176570 167.409677 322.046580 322.063658 154.547727 348.604360 245.733596 386.372877 143.171226 318.416394 99.126182 409.428871 366.994550 
171.000000 4.000000 1.000000 a 131.244047 304.428974 317.918228 62.032250 277.618443 297.543274 230.360587 140.071410 306.719742 333.971556 110.027269 113.991228 278.915758 173.657709 217.958712 314.720511 127.534309 171.842952 255.519080 282.294173 85.702975 275.218095 59.203040 377.153815 296.195881 300.136636 185.690603 369.153085 322.552321 268.821502 
257.000000 8.000000 2.000000 a 41.146081 246.221445 376.132955 89.554453 309.483441 258.147245 185.067555 182.274518 224.055797 271.007380 95.047357 180.205438 230.586209 66.640828 203.592731 293.715849 19.924859 41.976184 324.126519 205.119477 143.293405 284.339586 130.142230 327.946642 193.080294 369.845914 130.801376 372.625818 213.588389 172.409396 
214.000000 7.000000 3.000000 a 244.395172 288.272441 148.054044 185.924716 146.751491 258.062008 228.109623 106.150836 323.736004 315.912963 185.607112 93.520051 258.321505 271.154937 183.068293 244.460631 256.563832 295.787086 83.630138 299.095303 129.340636 177.180699 145.825238 329.686214 345.768709 123.004065 222.766694 253.001976 375.755239 316.128139 
294.000000 6.000000 2.000000 a 399.361991 288.516897 95.692215 376.288453 129.757466 246.975707 286.183508 267.029961 347.220391 298.332030 345.862690 287.139339 272.156205 402.047261 245.032651 198.881874 419.297031 441.616349 157.813181 334.252898 320.951710 162.111073 347.131099 263.210942 398.493413 129.294238 325.186101 116.400172 422.309128 378.113740 
256.000000 4.000000 4.000000 a 222.272355 187.832372 118.532696 195.166596 53.535035 152.610616 142.800560 86.313383 232.819673 212.896689 166.048186 110.634533 159.260792 232.079728 92.800862 133.734812 241.099564 268.268522 85.041167 210.760528 141.155942 66.610810 167.907713 219.856772 267.406058 122.539789 161.607549 151.604749 296.273522 240.185345 
288.000000 5.000000 3.000000 a 318.416394 240.052078 43.908997 290.929545 50.990195 198.403629 219.476650 181.515840 295.149115 257.194479 262.880201 200.803386 217.462640 325.221463 173.002890 157.724443 337.622570 363.067487 81.154174 277.737286 234.923392 98.005102 260.946355 239.384628 340.147027 74.525164 250.800718 112.294256 366.715148 316.260968 
184.000000 9.000000 3.000000 a 182.222392 131.548470 396.489596 249.070271 310.386855 171.020467 144.616735 260.415053 73.000000 134.212518 208.081715 284.003521 144.920668 140.003571 194.612435 220.302065 194.208651 163.248277 372.228424 82.861330 265.414770 261.963738 273.541587 195.256242 20.000000 408.541308 144.267113 311.708197 12.165525 49.040799 
209.000000 7.000000 5.000000 a 432.833686 233.437358 295.381110 449.321711 253.491617 214.462118 287.673426 362.306500 280.401498 218.103187 402.442542 394.588393 242.800329 412.612409 281.737466 184.133104 454.274146 454.528327 334.167623 285.334891 413.019370 229.671505 438.772150 155.077400 337.902353 330.096955 342.147629 147.959454 347.669383 334.145178 
191.000000 7.000000 2.000000 a 274.885431 111.004504 190.559702 283.938374 114.791115 72.006944 133.540256 196.786687 170.229257 118.532696 238.379949 229.671505 101.316336 261.858741 116.674762 23.537205 296.516441 304.310696 201.645729 161.198635 246.661712 72.000000 272.360056 92.649879 224.982222 216.944693 185.714835 69.462220 246.148329 209.059800 
250.000000 9.000000 2.000000 a 80.603970 165.302753 365.505130 152.085502 285.674640 188.854441 125.299641 193.313217 130.418557 185.043238 119.632771 208.124962 158.619040 37.854986 164.438438 233.240220 91.021975 63.529521 326.465925 116.103402 181.044193 247.008097 182.649938 246.400081 93.861600 368.765508 86.122006 322.024844 115.108644 75.292762 
181.000000 5.000000 3.000000 a 397.190131 257.449024 140.943251 385.129848 140.089257 218.112356 269.786953 278.741816 316.638595 262.083956 348.673199 303.916107 246.343256 393.512389 236.019067 168.760185 418.133950 434.866646 195.010256 307.371111 333.946103 153.707514 360.879481 218.691564 371.382552 176.570099 315.417184 77.103826 392.587570 354.361397 
257.000000 4.000000 3.000000 a 184.548097 80.956779 210.116634 196.817174 123.891081 53.037722 49.000000 125.574679 125.992063 108.157293 149.482440 159.138305 51.623638 173.925271 31.320920 69.354164 206.169833 216.067119 191.846293 105.683490 167.026944 76.655072 190.682983 132.196823 166.820263 224.109348 96.384646 149.616176 193.992268 142.947543 
123.000000 3.000000 1.000000 a 256.478069 66.219333 336.630361 302.839892 252.744931 99.859902 137.032843 265.035847 66.219333 38.948684 253.396922 296.840024 96.301610 222.784649 172.447093 136.780847 275.036361 259.464834 332.568790 84.581322 294.042514 201.308221 312.084924 76.321688 117.046999 358.131261 177.890416 216.041663 122.702893 122.429572 
145.000000 7.000000 1.000000 a 211.454487 68.622154 212.249853 226.684803 126.150704 29.966648 69.079664 153.394915 123.065023 90.735880 178.997207 187.114938 45.694639 197.385410 60.926185 41.677332 233.077240 239.841614 203.027092 107.517440 196.654519 74.813100 220.565183 104.388697 171.563399 230.555850 121.593585 129.259429 196.290601 151.462867 
214.000000 1.000000 2.000000 a 299.793262 297.892598 83.815273 249.393264 118.258192 261.222128 251.103564 152.738338 342.986880 322.074526 239.885389 152.738338 269.608976 320.512090 201.526673 234.785008 314.579084 350.281316 31.256999 320.451244 190.672494 163.981706 211.002370 322.009317 374.973332 53.413481 260.345924 217.230293 404.352569 346.733327 
260.000000 5.000000 5.000000 a 454.190489 295.169443 203.538694 447.146508 205.182845 259.738330 319.953122 342.414953 353.005666 293.681801 408.541308 368.676010 289.637705 446.843373 291.770458 212.077816 475.488170 488.894672 260.357447 347.761412 397.604074 212.614675 424.609232 240.634578 410.121933 238.650372 369.054197 123.328829 428.228911 396.637114 
132.000000 9.000000 1.000000 a 83.192548 285.035086 414.945780 118.878089 350.342689 298.918049 226.225551 220.145406 258.544000 308.702122 134.647688 214.462118 270.839436 102.825094 245.637945 335.393798 61.846584 65.741920 361.112171 241.400083 176.638048 326.197793 159.364362 367.021798 221.720545 407.060192 172.235304 414.673365 238.738351 204.472492 
273.000000 2.000000 1.000000 a 51.884487 260.714403 364.983561 66.940272 303.441922 268.151077 194.609866 169.955877 244.393126 287.088836 87.664132 162.692962 242.249871 89.442719 205.798445 299.873307 34.525353 72.422372 310.001613 223.707398 124.787820 283.114818 107.563934 341.400059 218.213199 356.012640 140.356688 374.092235 240.351825 195.489130 
271.000000 3.000000 4.000000 a 483.042441 299.896649 274.089401 487.016427 259.331834 271.935654 340.882678 388.485521 353.058069 290.644112 444.055177 417.809765 302.153934 469.163085 322.832774 230.586209 504.668208 511.645385 326.087412 353.441650 442.684990 253.148178 469.527422 229.965215 411.306455 309.724071 393.814677 159.176003 424.698717 403.160018 
217.000000 3.000000 3.000000 a 254.907826 152.610616 128.222463 245.203997 44.102154 111.287915 136.473441 143.627992 207.523493 171.143215 206.613165 173.404152 129.865315 253.428491 95.524866 75.591005 275.757140 294.001701 129.356098 190.601679 198.035350 12.000000 224.971109 162.308349 253.663162 149.402142 175.823775 85.702975 279.651569 230.932891 
298.000000 3.000000 4.000000 a 297.919452 118.406081 383.751221 349.452429 301.438219 150.721598 187.864313 316.810669 105.261579 90.620086 300.707499 348.323126 148.489057 261.090023 224.617453 183.095603 315.087289 294.307662 382.958222 128.565159 344.145318 250.459578 361.167551 107.377838 141.014184 406.808309 225.077764 254.064952 135.281189 155.640612 
254.000000 6.000000 4.000000 a 162.984662 250.798724 209.745083 102.591423 173.277235 230.627405 180.235956 52.086467 273.364226 280.577975 106.212052 19.416488 221.325552 193.349425 147.122398 233.520877 173.850510 214.366509 148.192442 247.695377 46.518813 180.471604 63.071388 309.467284 284.121453 193.569109 158.354034 271.670757 313.823199 254.118083 
294.000000 5.000000 2.000000 a 150.950323 304.647337 291.247318 76.922038 257.108926 293.286549 230.375780 124.535136 313.193231 334.607232 117.239072 94.175368 277.504955 191.880171 211.028434 305.473403 151.029798 195.849432 227.853023 288.043400 75.272837 260.000000 54.147945 373.363094 308.585482 271.648670 191.128229 353.000000 336.185960 280.060708 
125.000000 7.000000 3.000000 a 248.744849 108.931171 389.390549 307.006515 303.646176 149.936653 161.644672 291.432668 66.407831 92.660671 260.432333 320.407553 135.591298 209.308385 206.661559 193.458006 264.140114 239.175668 378.350367 92.048900 310.280518 252.126952 324.006173 139.168962 83.192548 408.001225 186.681547 277.245379 74.276510 103.160070 
231.000000 5.000000 5.000000 a 184.358347 225.077764 165.894545 137.713471 125.159898 198.909527 161.012422 38.587563 256.702162 253.810953 124.454811 42.059482 195.000000 206.630104 118.848643 194.329617 199.278699 234.982978 108.041659 231.708869 78.917679 135.771867 103.160070 275.016363 277.064974 154.081147 154.155765 224.955551 307.058626 247.386338 
226.000000 8.000000 1.000000 a 171.303824 250.800718 200.024998 112.294256 165.487160 229.106962 181.416648 51.478151 275.436018 280.401498 113.718952 22.803509 221.097264 200.601595 146.054784 229.923900 182.726572 222.728534 138.246157 249.839949 55.362442 174.862803 73.027392 307.371111 288.142326 183.564702 162.409975 265.149015 317.959117 258.125938 
271.000000 1.000000 2.000000 a 121.016528 316.317878 359.235299 73.006849 313.499601 315.217385 244.180261 173.948268 310.104821 344.843443 121.803120 152.315462 293.373482 163.110392 240.507796 338.119801 110.168053 150.572242 297.859027 287.172422 118.848643 305.766251 92.179173 393.183163 291.139142 342.986880 194.064422 399.809955 315.128545 266.084573 
244.000000 1.000000 3.000000 a 397.940950 285.616876 97.097889 375.494341 128.576825 244.131112 283.933091 266.308092 344.373344 295.237193 344.688265 286.764712 269.462428 400.281151 243.100802 195.931110 417.943776 439.965908 158.700977 331.556933 320.370098 160.028123 346.619388 259.824941 395.818140 131.034347 323.303263 113.004425 419.528307 375.580883 
109.000000 6.000000 5.000000 a 166.087326 127.487254 188.509947 161.319559 108.295891 102.000000 70.724819 77.278716 164.258942 155.977562 119.037809 111.004504 97.416631 167.107750 21.954498 107.782188 186.893018 206.518764 157.410292 140.719579 123.065023 77.620873 148.408221 180.346888 194.905105 195.473783 91.787799 168.908259 224.089268 167.287178 
158.000000 3.000000 3.000000 a 277.654462 100.657836 371.474091 329.091173 287.987847 135.369864 168.442869 297.900990 84.899941 74.431176 280.401498 329.133711 130.633074 241.080899 206.526027 171.125685 294.944062 274.781732 368.077438 108.189648 324.302328 236.630514 341.071840 101.950969 122.788436 393.401830 204.792578 246.829901 119.620232 136.000000 
271.000000 4.000000 1.000000 a 297.121187 184.295958 106.677083 284.344861 47.539457 142.239235 177.476759 179.287479 241.754007 198.436388 247.648945 206.480023 165.148418 295.994932 138.050715 97.616597 317.844302 336.573915 129.003876 227.055059 234.437625 54.451814 261.451716 176.819117 290.998282 135.417872 218.323155 58.940648 315.778403 269.757298 
101.000000 8.000000 2.000000 a 165.196852 189.952626 436.024082 238.815829 351.961646 226.002212 183.142021 277.461709 134.617978 197.185192 207.800385 294.905069 197.253644 123.943536 230.826775 275.089076 170.205758 129.711218 403.763545 137.131324 269.091063 307.050484 270.739727 259.383885 76.400262 443.663161 162.806634 367.136215 70.604532 89.274856 
127.000000 8.000000 3.000000 a 390.251201 325.084604 51.351728 352.285396 134.331679 283.296664 303.059400 245.399674 380.384016 341.397129 332.001506 256.345470 302.696217 401.920390 255.196003 241.014522 408.004902 437.567138 108.521887 362.823649 293.625612 183.199345 317.316876 319.001567 424.905872 64.845971 330.393705 179.234483 451.735542 400.484706 
281.000000 4.000000 1.000000 a 26.925824 193.331322 347.666507 100.239713 274.357431 207.200386 135.151767 161.307160 171.397200 217.800367 76.850504 169.097605 178.868667 16.031220 160.330908 245.252931 39.560081 39.115214 301.479684 151.953940 137.277092 243.402958 134.182711 275.218095 144.678955 345.950864 82.346828 327.832274 168.047612 121.511316 
170.000000 5.000000 1.000000 a 191.191004 252.622248 177.924141 134.836939 148.838839 227.563178 186.453748 57.454330 281.783605 281.655818 132.412235 40.311289 222.596047 218.288800 146.509385 223.450218 203.651663 242.571639 115.520561 256.478069 76.902536 163.865799 96.000000 304.059205 298.718931 160.639348 173.833253 251.294648 328.689823 268.793601 
199.000000 6.000000 3.000000 a 190.262976 328.390012 277.108282 115.935327 255.196003 312.526799 255.007843 135.723985 342.584296 358.452228 150.840976 102.142058 299.961664 230.208601 228.886435 318.760098 191.551560 236.357780 212.529998 317.050469 98.183502 266.176633 85.381497 392.237173 342.614944 253.576418 221.287144 356.422502 370.935304 313.464512 
148.000000 7.000000 3.000000 a 361.624114 165.710591 252.509406 378.276354 196.124960 143.600139 216.510970 293.831584 216.831732 154.259522 331.144983 326.657313 172.513768 342.286430 210.800854 113.225439 383.103119 384.407336 281.256111 218.762428 343.354045 164.711870 368.773643 93.434469 275.036361 284.964910 270.946489 98.493655 288.078114 268.268522 
118.000000 8.000000 4.000000 a 118.067777 128.949603 357.912000 183.763435 274.322803 158.268759 106.099010 202.970441 87.726849 145.340978 143.544418 223.600089 128.082005 76.941536 152.764525 205.650188 131.848398 107.354553 325.719204 76.661594 202.237484 230.672929 208.925824 207.870152 52.086467 365.383360 86.371292 296.892236 77.466122 31.622777 
107.000000 1.000000 5.000000 a 107.424392 106.150836 313.466107 160.028123 230.419183 126.210142 64.007812 161.483745 86.348133 129.630243 113.863954 184.707877 96.150923 76.419893 108.521887 170.329093 126.269553 117.153745 281.092511 64.474801 167.630546 188.175450 178.465683 188.175450 80.950602 320.663375 44.944410 259.586209 110.639053 50.990195 
151.000000 7.000000 5.000000 a 381.662154 271.679959 86.815897 359.506606 112.361025 229.993478 268.262931 250.401677 330.215081 282.209142 328.458521 271.280298 254.803846 384.096342 227.035240 182.258059 401.669018 423.727507 146.208755 316.892726 304.607945 144.124946 330.938061 248.941760 381.083980 121.840059 307.197005 102.591423 405.123438 360.469139 
127.000000 9.000000 4.000000 a 313.249102 159.777971 433.081978 372.021505 349.548280 196.458647 222.121588 352.482624 129.402473 135.428948 325.259896 382.478758 189.171880 273.190410 263.928020 232.647802 328.105166 301.081384 429.075751 155.029030 374.065502 298.135875 388.490669 159.326708 145.065502 454.948349 251.055771 305.918290 128.809938 167.585799 
150.000000 8.000000 3.000000 a 338.851000 290.330846 16.031220 299.421108 95.587656 249.633732 259.886514 193.041446 342.800233 309.793480 280.144606 203.393707 265.497646 352.238556 210.667985 212.424104 356.202190 386.865610 56.080300 323.396042 240.707291 147.139390 264.367169 296.057427 383.662612 19.924859 282.764920 169.319225 411.491191 357.882662 
232.000000 8.000000 5.000000 a 471.815642 302.076149 235.722294 469.068225 231.613903 269.467994 333.803835 366.410971 358.343411 297.284376 428.664204 393.909888 299.774916 461.824642 309.588436 223.897298 493.301125 504.171598 291.185508 355.439165 421.390555 233.657870 448.401606 240.407987 416.227101 271.029519 384.731075 140.801278 432.417622 404.922215 
273.000000 5.000000 1.000000 a 88.090862 177.290722 251.031870 74.652528 184.328511 169.578890 102.961158 61.846584 187.541995 207.152118 31.953091 75.822160 150.960260 106.451867 92.956979 190.536086 106.301458 136.693087 202.200396 162.003086 57.271284 164.347193 73.552702 249.018072 191.929675 247.097147 67.052218 256.844311 221.370730 162.049375 
175.000000 6.000000 2.000000 a 133.416641 200.159936 210.154705 94.578010 153.847327 182.321145 128.891427 15.132746 222.036033 230.078248 73.545904 32.015621 171.000000 155.653461 98.655968 190.682983 149.090576 183.806964 156.719495 196.389918 42.426407 147.139390 69.354164 262.011450 234.795656 202.417885 109.288609 241.124449 264.682829 204.792578 
266.000000 8.000000 3.000000 a 214.448129 126.506917 158.647408 209.468375 72.449983 89.067390 97.267672 115.104301 176.476627 149.893295 168.240899 147.597425 99.724621 212.132034 54.230987 72.249567 235.490976 252.794383 144.031247 157.000000 166.817265 29.427878 193.209731 156.416112 218.240693 173.565550 134.536240 119.854078 245.464865 193.865933 
120.000000 7.000000 4.000000 a 409.939020 359.424540 79.404030 366.230802 165.894545 317.970124 332.741642 262.840256 413.533554 376.948272 350.652249 269.267525 335.900283 424.859977 283.790416 277.218326 426.607548 458.686167 121.066098 394.974683 307.197005 216.453228 329.192953 356.723983 456.027411 75.239617 356.092685 218.057332 483.500776 430.666925 
285.000000 3.000000 2.000000 a 265.452444 249.633732 80.993827 223.517337 76.105190 213.100915 204.240055 118.270876 295.169443 273.892315 206.072803 127.475488 221.400090 282.001773 154.382642 188.215302 282.023049 314.582263 24.698178 272.943218 164.757397 117.443603 188.512599 275.486842 328.590931 69.354164 217.349948 180.825883 357.737334 300.800598 
271.000000 2.000000 1.000000 a 132.018938 284.255167 284.885942 57.688820 245.226426 273.853976 209.938086 109.123783 292.138666 314.167153 96.176920 81.400246 257.390754 172.235304 192.234232 287.647354 133.734812 178.465683 222.697104 267.016853 56.824291 244.812173 33.541020 353.882749 287.673426 267.525700 170.073514 338.422812 315.391820 259.069489 
294.000000 9.000000 5.000000 a 423.027186 272.470182 171.081852 413.841757 170.660482 235.034040 291.624759 308.423410 331.185748 273.890489 376.107697 334.306745 264.319882 417.310436 260.931025 186.268623 444.184646 459.087138 226.417755 324.013889 363.637182 180.272017 390.622580 225.162164 387.330608 206.526027 339.281594 94.894678 406.970515 372.134384 
244.000000 1.000000 5.000000 a 290.504733 81.271151 298.774162 324.853813 220.476756 87.464278 152.315462 265.996241 117.647779 57.489129 274.961816 299.506260 103.247276 262.680414 171.172428 101.237345 310.800579 302.641702 305.692656 126.506917 304.685083 171.956390 326.369423 16.401219 174.384632 324.493451 203.295352 163.217646 184.092368 173.104015 
204.000000 9.000000 4.000000 a 72.180330 137.905765 296.346081 115.277925 218.387271 146.659470 73.600272 125.606528 129.869165 165.027270 68.593003 144.627107 119.603512 58.051701 99.984999 183.199345 93.348808 99.624294 256.462473 106.099010 123.975804 183.575598 133.416641 218.403297 124.310096 298.839422 20.248457 265.979323 153.235113 94.921020 
164.000000 3.000000 1.000000 a 126.015872 320.923667 360.839299 77.103826 316.096504 319.526212 248.654379 176.672012 314.992063 349.502504 126.178445 154.353490 297.847276 168.107109 244.436086 342.052628 115.117331 155.360870 299.173862 292.015411 121.490740 309.027507 94.667840 397.615392 296.136793 344.158394 198.736006 403.104205 320.126537 271.064568 
211.000000 1.000000 2.000000 a 289.110705 123.438244 396.184301 344.061041 312.541197 159.505486 188.297637 318.449368 99.080775 98.473347 296.168871 349.090246 153.114336 250.792743 228.464439 195.880065 305.360443 282.063823 392.173431 124.016128 342.498175 261.122577 358.168955 125.239770 126.657017 417.937794 221.000000 270.968633 117.515956 144.516435 
238.000000 1.000000 5.000000 a 152.161099 358.113111 413.649610 123.328829 367.763511 361.067861 288.444102 228.109623 345.081150 385.519131 168.772036 206.939605 337.312911 190.160459 290.000000 387.258312 135.340312 166.108398 351.920446 323.857994 173.184872 358.453623 146.686741 437.251644 318.512166 396.807258 235.815606 452.283097 339.484904 296.386572 
165.000000 1.000000 1.000000 a 13.601471 209.602004 350.365523 87.200917 279.835666 221.503950 148.600135 160.099969 189.475592 234.710460 72.732386 164.201096 193.829822 34.132096 169.593632 257.792552 21.189620 38.078866 301.691896 169.593632 130.172962 251.644591 123.794184 291.247318 162.996932 346.770818 94.578010 338.245473 186.000000 139.946418 
196.000000 7.000000 3.000000 a 202.200396 63.253458 219.020547 219.385505 132.612217 29.154759 59.093147 149.966663 115.433964 87.664132 171.207476 183.575598 37.735925 187.459329 55.785303 51.429563 223.805719 229.930424 207.200386 98.792712 191.324332 81.835200 214.692804 107.689368 162.560758 236.211769 112.058021 139.441744 187.771137 141.876707 
293.000000 7.000000 3.000000 a 214.730063 253.300217 149.465715 162.197411 127.263506 224.356859 192.130164 71.610055 287.793329 281.320102 155.080624 65.620119 223.271136 238.882816 147.627911 214.058403 228.484135 265.800677 86.683332 263.093139 103.484298 149.642908 124.197423 297.813700 309.864487 131.795296 187.416648 232.228336 339.841139 280.280217 
134.000000 1.000000 4.000000 a 162.778991 197.881278 178.717654 125.872952 123.822454 174.011494 132.098448 16.492423 227.694971 227.035240 103.392456 43.566042 167.886867 181.430427 91.923882 174.450566 179.401784 212.268698 126.751726 202.588252 70.830784 122.886126 97.637083 251.795552 247.693359 172.052318 125.319591 215.745220 277.683273 218.048160 
183.000000 6.000000 3.000000 a 42.201896 242.835335 380.005263 97.097889 312.032050 256.124969 183.439363 186.868938 218.835555 267.067407 99.126182 186.123615 228.127158 61.587336 204.083316 292.774657 23.086793 33.376639 328.867755 200.524313 149.602807 285.574859 137.437258 324.735277 186.290096 374.456940 129.541499 372.936992 206.194083 166.388101 
190.000000 2.000000 1.000000 a 376.665634 243.526179 123.628476 363.455637 118.067777 203.214173 251.575039 256.826790 302.735858 250.241883 327.478244 281.897144 230.586209 373.995989 216.171228 153.951291 397.498428 415.097579 174.957138 292.181450 312.020833 133.240384 338.940998 210.838801 356.426711 159.304739 295.967904 64.884513 378.549865 338.332677 
152.000000 8.000000 1.000000 a 158.154987 166.928128 181.620483 135.830777 113.885908 143.003496 102.956301 37.336309 198.647930 195.971937 102.391406 70.880181 136.894120 169.649639 60.827625 145.838952 177.022597 204.626489 138.159328 173.908022 88.617154 101.138519 115.312619 221.199005 222.193609 181.041432 104.446158 195.243438 252.051582 193.041446 
229.000000 1.000000 4.000000 a 267.606054 237.421566 72.691127 230.243350 58.000000 199.719804 196.229458 122.409150 284.971928 260.716321 209.021530 135.977939 209.880919 281.469359 146.239530 172.409396 285.063151 315.673882 33.015148 263.503321 172.200465 101.592323 197.040605 259.655541 320.848874 69.641941 213.740497 162.388423 349.611213 293.715849 
139.000000 7.000000 3.000000 a 262.068693 224.891085 77.025970 227.984649 46.270941 186.935818 185.270073 119.050409 273.034796 247.951608 204.198433 135.650286 197.567710 274.233477 135.369864 159.423963 280.064278 309.362247 45.793013 251.859088 170.762994 88.600226 196.290601 246.677928 309.840281 79.177017 204.919496 151.832144 338.421335 283.019434 
159.000000 9.000000 4.000000 a 262.923943 94.514549 370.534749 315.835400 286.020978 132.136293 158.473973 288.617394 70.859015 71.449283 267.540651 319.277309 123.878973 225.807440 198.881874 171.327172 279.901768 259.001930 364.321287 95.131488 313.000000 234.437625 329.024315 108.908218 106.526992 391.246725 192.127562 250.890414 103.730420 120.303782 
264.000000 7.000000 3.000000 a 276.448910 80.099938 339.713114 321.361168 257.489806 108.078675 153.326449 279.308074 86.833173 50.358713 271.707563 311.642423 109.658561 243.187171 185.442714 139.053946 295.194851 280.044639 339.483431 104.656581 310.522141 206.634944 329.317476 67.067131 136.824705 362.829161 196.468827 212.143819 140.630722 143.010489 
212.000000 6.000000 4.000000 a 96.829747 303.486408 418.245143 117.017093 357.280002 315.158690 241.878068 223.304725 279.578254 328.024389 141.354165 214.002336 287.814176 122.588743 257.497573 349.674134 75.286121 88.255311 362.310640 261.543495 176.000000 336.181499 155.929471 385.250568 244.517893 408.354013 187.445992 426.353140 262.185049 226.318360 
128.000000 1.000000 1.000000 a 425.462102 271.090391 179.323730 417.766681 176.082367 234.360833 292.542305 313.025558 329.548176 271.532687 379.353397 339.412728 263.918548 418.857971 263.136847 185.973116 446.705720 460.783029 233.908102 323.055723 368.209180 183.412104 395.216396 221.449769 386.063466 214.841802 340.931078 95.566731 405.187611 371.486204 
122.000000 7.000000 4.000000 a 222.245360 237.800336 128.390031 176.555940 101.212647 206.320140 181.400110 74.726167 276.240837 264.864116 162.388423 80.062476 208.062491 242.332416 134.111894 192.210822 237.741456 272.415124 69.065187 252.257805 117.613775 125.781557 141.014184 277.346354 302.694566 115.108644 184.024455 206.421898 332.487594 273.658546 
158.000000 7.000000 1.000000 a 111.516815 320.655578 408.162958 105.948101 353.390719 327.867351 254.371775 215.362485 302.575610 346.831371 142.003521 200.731163 302.200265 145.602198 263.030416 358.424330 92.130342 117.834630 349.452429 282.667649 163.572614 337.523333 140.035710 401.400050 272.369235 395.303681 200.249844 429.912782 292.138666 251.730014 
240.000000 7.000000 3.000000 a 457.192520 258.125938 308.058436 472.715559 271.447969 238.947693 312.054482 384.166631 304.770405 242.571639 426.138475 416.136997 267.406058 437.233347 305.119649 207.617437 478.657498 479.176377 350.008571 309.958062 435.459527 250.449596 461.394625 179.513231 362.138095 343.246267 366.509209 165.245272 371.445824 358.699038 
186.000000 1.000000 1.000000 a 276.741757 180.648831 101.138519 260.984674 25.079872 139.014388 164.149322 155.000000 236.038133 198.116128 225.656819 181.760832 158.420327 277.953233 121.016528 99.809819 297.149794 317.787665 111.305885 219.237314 210.204662 39.849718 237.200337 184.358347 282.256975 125.031996 201.062179 82.079230 308.287204 259.326050 
166.000000 6.000000 1.000000 a 297.889241 308.366665 101.788997 243.977458 133.958949 272.809457 258.311827 152.541798 351.548005 333.361665 238.136515 148.489057 279.580042 320.789651 209.344214 248.583990 311.708197 348.850971 48.093659 328.434164 185.951607 177.775139 204.626489 335.863067 381.241393 70.007142 263.882550 234.616709 410.858857 352.547869 
266.000000 3.000000 4.000000 a 54.671748 263.804852 375.542275 78.587531 312.934498 272.946881 199.424171 180.543624 244.902021 289.560011 96.840074 174.040225 246.402110 88.232647 213.002347 306.014706 34.481879 65.924199 321.014018 225.002222 136.194714 291.405216 119.251834 344.988406 216.120337 367.001362 144.958615 381.725032 237.217200 194.537914 
208.000000 8.000000 5.000000 a 272.484862 63.245553 292.679005 307.156312 212.143819 72.006944 134.629120 250.337772 102.156742 40.496913 257.233357 283.705834 85.702975 244.859143 155.322246 92.649879 292.800273 284.985965 296.096268 109.402925 287.902761 162.339151 309.260408 23.537205 159.702849 317.018927 185.321343 163.477827 171.303824 156.780101 
185.000000 3.000000 1.000000 a 69.856997 265.887194 407.078616 118.308918 339.648348 281.220554 209.153054 213.337760 237.966384 288.998270 126.003968 210.857772 252.691512 83.450584 231.397926 319.023510 50.159745 44.777226 355.185867 221.298441 173.666347 313.129366 159.154013 347.922405 200.551739 400.910214 155.794737 400.091240 217.598254 183.575598 
199.000000 5.000000 5.000000 a 203.823453 42.520583 238.824203 227.774011 152.620444 15.000000 58.694122 166.075284 96.602277 67.230945 178.530110 199.361481 20.223748 184.878338 71.028163 58.309519 225.219893 227.246562 228.002193 82.225300 204.215572 101.400197 226.419964 94.244363 146.536685 256.680736 113.172435 150.029997 170.461139 128.140548 
298.000000 8.000000 3.000000 a 283.019434 157.442053 133.135270 276.812211 62.072538 115.451288 156.080108 176.241312 215.406592 170.891779 236.907155 206.021844 139.560023 278.539046 121.165177 70.000000 304.171005 319.907799 148.637142 201.645729 230.521149 41.400483 257.421833 150.046659 265.843939 160.153052 200.449495 53.075418 289.981034 245.617589 
220.000000 9.000000 4.000000 a 51.865210 242.870336 324.599754 27.294688 265.369554 244.468812 172.037787 129.711218 235.732900 271.016605 53.263496 121.593585 221.063339 94.371606 174.977141 271.532687 50.931326 95.671312 269.029738 212.708721 83.725743 248.338479 68.029405 321.048283 219.228192 315.057138 120.341182 340.865076 244.607849 193.064756 
257.000000 6.000000 1.000000 a 34.365681 186.077941 346.554469 106.451867 272.066168 200.878072 129.375423 162.308349 163.294213 210.230826 79.812280 171.679935 172.261429 8.544004 156.518370 239.726928 47.801674 42.449971 301.532751 144.062486 140.929060 239.885389 139.201293 268.039176 136.528385 345.684828 77.491935 323.224380 160.112460 113.265176 
132.000000 8.000000 3.000000 a 176.229963 47.296934 311.541330 223.754330 225.037775 83.486526 69.771054 199.323857 25.942244 63.126856 174.928557 228.569464 56.920998 144.031247 116.824655 132.849539 195.133288 182.701943 292.772950 6.324555 220.311144 175.353928 236.019067 125.095963 69.871310 326.098145 99.322706 224.722051 93.776330 56.044625 
294.000000 5.000000 3.000000 a 224.859956 86.267027 366.705604 281.177880 280.529856 128.160056 134.658828 264.282046 39.217343 75.432089 234.104677 293.204707 111.018017 186.574382 180.313616 173.994253 241.085047 218.689277 353.441650 64.845971 283.270189 229.268402 297.321375 130.245921 65.855903 384.193961 159.906223 260.931025 66.850580 80.411442 
276.000000 4.000000 3.000000 a 416.707331 393.874345 117.046999 364.664229 199.529446 353.655199 358.097752 269.532929 444.820188 414.097815 356.799664 268.793601 368.154859 436.835209 308.146069 317.056777 431.366434 467.163783 131.946959 424.332417 306.471858 251.143385 325.295251 400.216192 482.692449 94.921020 373.872973 267.615396 511.269009 455.698365 
297.000000 4.000000 4.000000 a 283.804510 89.738509 238.537209 304.532428 162.689889 65.299311 138.657852 229.120056 145.344419 85.375641 256.222560 262.773667 94.031909 263.797271 139.089899 48.010416 305.196658 305.918290 249.194703 143.338760 274.563290 117.085439 298.765795 44.821870 203.194488 265.243285 193.145023 104.316825 220.009091 193.062166 
192.000000 1.000000 4.000000 a 120.332872 163.193137 391.173874 192.387630 308.507698 194.002577 141.283403 228.177562 116.498927 177.177877 158.937094 245.415973 163.917662 77.794601 186.550261 241.627813 128.763349 94.047860 356.433725 109.931797 220.000000 265.875911 222.643212 240.187427 66.610810 397.211531 114.612390 332.939935 80.777472 60.827625 
161.000000 8.000000 5.000000 a 270.248034 150.950323 134.182711 263.804852 56.753854 108.908218 145.013792 163.685674 208.062491 166.330995 223.886132 193.806605 131.320219 266.326867 108.669223 66.528190 291.358885 307.546744 143.836713 193.217494 217.793480 28.425341 244.663034 150.359569 257.178926 159.012578 188.281704 65.764732 281.952124 236.139789 
249.000000 4.000000 1.000000 a 462.456484 258.600077 333.150116 482.403358 291.665905 243.977458 317.529526 398.076626 301.121238 240.104144 434.788454 430.670408 271.029519 440.065904 315.158690 217.720004 483.712725 481.486241 372.490268 308.715079 447.957587 266.660833 473.396240 177.504930 357.363960 368.012228 371.948921 186.271308 364.363829 356.384624 
230.000000 2.000000 3.000000 a 243.402958 262.131646 120.440857 193.064756 111.973211 229.595296 206.813926 97.169954 301.497927 288.771536 183.521116 96.187317 232.551070 265.414770 159.223114 212.595861 257.932162 294.108823 56.462377 277.618443 134.182711 144.031247 155.322246 298.739017 328.173734 100.895986 209.009569 218.220072 357.974859 299.107004 
186.000000 1.000000 2.000000 a 445.915911 276.226356 220.494898 444.200405 209.442116 243.298171 307.584135 342.476277 332.795733 272.045952 403.291458 370.567133 273.590936 435.643203 283.809795 197.648678 467.423791 478.004184 273.130006 329.514795 397.292084 208.827680 424.279389 216.122650 390.571376 256.124969 358.620970 115.377641 407.148622 378.941948 
141.000000 1.000000 1.000000 a 411.885907 298.519681 106.042444 388.928014 142.369238 257.178926 297.813700 279.658721 357.393341 307.548370 358.481520 299.641452 282.809123 414.316304 257.124483 208.734281 431.854142 453.987885 169.000000 344.889837 333.541602 174.011494 359.694315 270.702789 409.180889 138.755180 337.333663 124.020160 432.685798 389.165774 
198.000000 3.000000 3.000000 a 316.936902 123.664870 236.698120 334.607232 169.168555 99.045444 171.825493 253.475837 177.766701 116.211015 287.067936 286.754250 128.280942 297.874134 167.523133 70.661163 338.415425 340.076462 256.164010 177.200451 301.478026 130.311166 326.461330 62.297673 235.919478 266.390691 226.258701 89.196412 251.336428 226.920691 
299.000000 8.000000 3.000000 a 74.404301 283.647669 386.513907 85.023526 326.681802 292.077045 218.524598 191.689854 265.005660 309.554519 111.485425 182.002747 265.851462 108.166538 230.202085 324.222146 54.589376 83.024093 330.340733 245.122418 144.000000 307.236066 124.169239 364.683424 235.586502 376.384112 164.146276 398.418122 256.134730 214.410821 
228.000000 3.000000 1.000000 a 332.777704 129.031004 355.012676 374.456940 278.915758 145.086181 203.273215 323.125363 144.461067 99.624294 324.524267 356.359369 155.858911 300.421371 228.078934 160.365208 351.899133 337.615166 364.724554 161.554944 359.083556 231.199048 379.485178 73.164199 192.961136 382.005236 250.241883 212.207446 193.458006 200.561711 
274.000000 2.000000 1.000000 a 32.280025 179.136819 332.296554 98.351411 258.156929 191.470624 118.983192 148.246416 160.704698 204.416242 67.208630 158.445574 163.526756 20.248457 143.586211 228.844926 50.774009 55.578773 287.236836 139.989285 128.693434 226.715681 128.701204 260.768096 139.014388 331.368375 65.741920 311.096448 164.222410 113.745330 
281.000000 1.000000 1.000000 a 175.045708 382.294389 437.268796 148.822041 392.739099 386.005181 313.193231 253.140277 367.680568 409.420322 194.077304 231.261756 361.941984 211.596314 315.420354 412.622103 157.203690 184.699756 375.065328 346.943799 198.093412 383.891912 171.432202 461.814898 339.092908 419.640322 260.232588 477.746795 359.048743 317.907219 
110.000000 8.000000 2.000000 a 79.397733 130.384048 294.945758 122.494898 215.928229 139.817739 67.119297 128.035151 122.588743 157.429349 75.239617 148.448644 112.449989 62.641839 96.254870 177.177877 100.419122 104.752088 256.478069 98.655968 129.243955 179.805450 139.635239 211.021326 118.848643 298.343761 16.000000 260.892698 148.070929 89.196412 
112.000000 3.000000 2.000000 a 169.805771 305.591230 268.001866 95.775780 239.835360 290.449651 232.053873 114.947814 319.390044 335.657564 128.160056 81.859636 277.317508 208.925824 206.951685 298.104009 172.539850 217.175045 203.933813 293.858810 75.059976 247.644907 62.769419 370.307980 319.751466 246.789384 198.116128 339.094382 348.191040 290.520223 
110.000000 4.000000 1.000000 a 255.001961 250.730931 95.462034 210.686972 86.492774 215.613079 201.526673 107.354553 294.105423 275.960142 195.317690 114.127122 221.894119 273.221522 152.161099 193.829822 271.016605 304.685083 35.000000 271.228686 151.743204 123.628476 174.951422 280.862956 325.209163 81.024688 210.983412 192.346042 354.633614 296.920865 
127.000000 8.000000 1.000000 a 310.800579 101.671038 299.095303 343.141370 224.147273 102.615788 170.844959 280.017857 139.186925 79.025312 293.393933 313.694119 121.655251 283.698784 185.924716 107.280007 331.265754 323.882695 310.541463 148.054044 320.744447 177.789201 343.110769 22.561028 195.657865 326.465925 222.811580 157.035028 204.533616 194.733151 
205.000000 3.000000 4.000000 a 311.541330 153.394915 425.465627 369.195070 342.176855 189.433366 217.082933 347.403224 125.483067 128.413395 322.038818 377.689026 182.989071 271.930138 258.118190 224.931101 326.805753 300.760702 422.129127 150.960260 369.997297 290.833286 384.879202 150.943698 144.516435 447.594683 247.455046 297.598723 129.865315 165.921668 
247.000000 3.000000 5.000000 a 195.931110 30.870698 253.211374 224.615227 166.817265 25.298221 52.478567 170.293864 81.492331 59.033889 174.865663 203.022166 5.099020 174.496418 76.118329 73.027392 217.082933 216.614866 240.353906 66.708320 205.009756 115.935327 226.046455 96.648849 131.026715 270.248034 105.891454 165.003030 154.983870 113.017698 
166.000000 9.000000 1.000000 a 213.283848 7.615773 287.445647 251.406046 201.675482 48.259714 80.752709 206.642203 55.226805 23.537205 201.457191 238.757199 37.643060 185.348321 113.758516 94.921020 233.430932 225.701130 277.800288 52.924474 237.760384 150.146595 257.130317 79.649231 112.218537 306.217243 127.632284 184.545387 131.106827 102.459748 
125.000000 4.000000 2.000000 a 386.032382 316.734905 47.095647 349.676994 127.224212 274.870879 296.121597 242.095023 372.361384 332.669506 328.152404 254.243977 294.706634 396.793397 248.652368 232.131428 404.060639 432.906456 107.703296 355.105618 291.240450 175.353928 315.329986 309.594897 417.451794 66.030296 324.575107 169.446157 444.083326 393.315395 
121.000000 6.000000 2.000000 a 156.387340 184.165686 183.024589 125.801431 122.155638 161.027948 118.186294 20.248457 213.805987 213.412746 98.081599 53.141321 154.207652 172.351385 78.409183 163.490061 174.002874 204.841402 134.372616 188.732615 74.411021 115.624392 101.414989 239.309423 234.439758 178.885438 113.070774 209.380037 264.412556 204.892655 
203.000000 1.000000 1.000000 a 93.509358 119.866593 277.958630 127.345985 198.224620 125.159898 51.662365 117.153745 120.149906 148.189068 77.929455 140.545366 99.201814 80.523289 78.160092 160.524141 114.978259 122.380554 241.049787 95.000000 125.634390 161.697248 139.291062 198.861761 125.031996 282.256975 2.828427 243.189227 154.870914 95.015788 
277.000000 8.000000 1.000000 a 465.241873 269.670169 299.961664 477.800167 268.732209 247.985887 320.407553 386.374171 318.248331 255.738147 432.042822 417.766681 277.108282 446.813160 310.485104 213.621160 486.795645 488.983640 344.710023 322.187833 438.600046 251.435877 464.844060 192.924856 376.001330 335.435538 374.681198 162.692962 386.374171 371.335428 
293.000000 4.000000 4.000000 a 392.031886 316.425347 54.571055 357.337376 129.807550 274.433963 298.529731 249.194703 372.710343 331.434760 334.598267 262.434754 295.194851 401.707605 251.753848 230.601388 410.352288 438.369707 117.200683 356.073026 299.147121 176.366097 323.562977 306.276019 418.867521 76.837491 328.635056 164.195006 445.117962 395.248023 
246.000000 1.000000 5.000000 a 78.006410 176.570099 261.093853 71.344236 193.395967 171.353436 102.489024 72.235725 183.534738 206.196508 24.413111 84.852814 151.221692 96.150923 97.590983 194.743421 96.628153 126.301227 212.602916 158.202402 62.968246 171.735261 76.006579 250.185931 185.153990 257.449024 61.814238 263.529884 214.350181 155.438091 
163.000000 1.000000 5.000000 a 248.243832 301.378500 160.031247 186.681547 161.969133 271.930138 239.766553 114.865138 335.477272 329.303811 190.378570 98.183502 271.359540 276.826661 195.724296 259.277843 259.331834 299.666481 96.208108 310.618737 132.003788 192.314846 146.030819 344.216502 355.800506 133.146536 231.795168 268.208874 385.800467 326.013803 
255.000000 7.000000 3.000000 a 102.883429 129.294238 251.435877 118.067777 174.045971 124.867930 55.081757 88.814413 141.014184 159.050307 68.600292 114.236597 103.817147 101.019800 59.615434 152.397507 124.326184 140.577381 212.532350 115.316955 104.235311 141.890803 121.807225 203.059105 152.551631 254.342289 29.681644 228.600087 182.526710 122.641755 
239.000000 1.000000 4.000000 a 182.822318 154.324334 415.914655 252.770647 330.152995 193.341666 162.754416 273.117191 96.020831 157.276826 214.767316 294.925414 166.628329 140.071410 212.529998 242.684981 192.509740 157.622968 389.549740 104.560987 273.905093 282.449996 279.946423 218.123818 40.261644 426.878203 156.204994 334.282814 25.238859 64.899923 
272.000000 9.000000 1.000000 a 310.040320 182.452734 461.172419 373.737876 376.223338 222.072060 236.596703 365.846963 140.943251 162.052461 329.293182 394.119271 210.204662 268.315113 281.953897 262.230814 322.820383 291.496141 452.753796 166.234774 382.001309 324.599754 394.011421 194.589311 140.014285 481.183957 257.815826 339.979411 117.098249 166.868211 
205.000000 3.000000 5.000000 a 259.123523 49.929951 290.688837 294.516553 208.585714 62.801274 122.090131 240.033331 90.138782 27.730849 244.560831 273.221522 73.498299 231.406569 145.003448 90.027773 279.401145 271.562148 291.235300 96.260064 276.378364 157.952525 297.356688 35.341194 148.081059 313.869400 172.235304 166.859222 161.009317 144.059016 
181.000000 2.000000 4.000000 a 106.216760 104.316825 281.767635 144.156165 199.842438 113.070774 41.146081 130.096118 103.237590 132.098448 94.894678 155.206314 85.586214 87.235314 77.929455 151.637726 127.287077 129.711218 248.195487 78.006410 141.992958 160.012500 156.204994 184.401735 111.251966 288.105883 19.235384 237.244600 141.240929 81.400246 
219.000000 7.000000 4.000000 a 202.252318 58.258047 223.805719 221.117616 137.437258 25.000000 58.180753 153.639188 110.788086 82.764727 172.629661 187.181730 33.120990 186.488606 59.033889 52.554733 223.825825 228.973798 212.200377 94.578010 194.180329 86.533231 217.264815 104.345580 158.521292 241.149331 111.830228 141.904898 183.469343 138.311243 
167.000000 1.000000 3.000000 a 272.682966 329.611893 168.668314 208.165799 183.000000 299.541316 268.411997 143.055933 364.120859 357.351368 215.872648 124.326184 299.628103 302.800264 224.153965 285.187658 282.644653 323.989197 108.300508 339.271278 156.064089 217.020736 167.314076 370.807228 384.225194 137.887635 259.915371 288.646843 414.223370 354.400903 
239.000000 2.000000 3.000000 a 303.817379 292.200274 70.000000 256.007812 108.240473 254.636997 248.278070 156.204994 338.828865 315.634282 243.971310 159.028299 264.412556 322.894720 198.398589 226.241022 319.263214 353.861555 21.954498 316.812247 197.040605 155.682369 218.387271 313.268256 372.633869 40.816663 260.416973 205.021950 401.781035 344.802842 
119.000000 6.000000 3.000000 a 154.314614 319.476134 311.746692 82.764727 277.794888 309.919344 245.153013 144.201248 325.055380 349.292141 128.000000 114.560028 292.984641 196.420467 228.473193 323.834834 151.449662 195.887723 248.169297 300.239904 93.021503 279.873186 69.260378 389.908964 317.127735 291.677905 203.246156 373.121964 343.991279 289.249028 
214.000000 4.000000 4.000000 a 343.013119 372.228424 148.489057 281.135199 197.101497 337.213582 319.532471 204.619158 413.852631 397.615392 284.684035 192.418814 343.169055 370.472671 271.442443 313.065488 354.268260 394.442645 110.022725 390.216607 226.931708 242.231294 240.333102 400.344851 440.827631 112.805142 320.140594 294.083322 470.672923 411.623614 
263.000000 8.000000 5.000000 a 291.247318 248.364651 48.166378 254.950976 57.271284 208.968897 213.002347 146.874096 298.605090 269.875897 233.019313 160.654910 222.103579 303.837127 163.370744 176.705970 309.000000 338.812633 33.376639 278.212149 196.939077 107.335921 221.740840 263.098841 337.312911 51.400389 234.335230 153.264477 365.568051 310.961412 
276.000000 7.000000 4.000000 a 339.365585 251.246891 48.041649 313.081459 70.000000 209.246266 235.987288 203.686033 307.722277 266.400075 284.369478 223.163617 230.325856 345.005797 190.918831 165.701539 358.788238 383.377099 99.126182 291.509863 257.233357 112.271991 283.289604 243.526179 354.682957 83.150466 269.742470 107.563934 380.552230 331.724283 
132.000000 7.000000 5.000000 a 360.661892 253.031619 78.447435 339.308120 91.706052 211.153972 247.588368 230.412673 311.237851 264.690385 307.688154 252.103153 235.287059 363.005510 206.009709 164.137138 380.716430 402.636312 132.740348 297.321375 284.880677 123.259888 311.353497 234.292552 361.400055 114.140265 286.141573 90.000000 385.810834 340.365979 
280.000000 4.000000 4.000000 a 272.787463 301.902302 127.404866 215.740585 142.688472 268.960964 246.223476 130.919823 341.140733 328.397625 213.527516 122.090131 272.356384 298.088913 198.962308 250.081987 285.553848 324.077151 65.863495 317.127735 158.660014 180.346888 175.786803 336.786282 366.742416 98.600203 245.904453 247.503535 396.625768 337.456664 
271.000000 6.000000 2.000000 a 421.213722 212.002358 358.231769 452.196860 299.482888 209.766537 280.585103 381.725032 243.402958 187.608635 402.715781 415.384160 231.525377 393.411998 290.496127 199.471803 441.616349 432.980369 385.683808 255.976561 426.264003 262.688028 449.774388 131.548470 295.989865 390.701932 333.114095 204.215572 298.573274 300.015000 
107.000000 7.000000 5.000000 a 202.032176 231.164444 148.761554 155.544206 113.850780 202.410474 170.469939 55.154329 266.054506 259.200694 142.126704 59.228372 201.136769 223.376364 125.538839 193.372697 217.175045 252.483663 90.088845 241.478778 96.628153 130.770792 120.303782 276.407308 289.278413 136.132289 168.121980 216.601016 319.214661 259.855729 
223.000000 9.000000 5.000000 a 192.314846 23.086793 265.047166 224.877745 178.600112 35.128336 52.497619 176.255496 69.462220 53.000000 174.928557 208.470621 8.485281 168.668314 83.522452 84.053554 213.178329 210.418630 251.213057 54.918121 208.386660 127.863208 228.475382 98.229324 119.239255 281.716169 103.464970 176.102243 142.947543 102.044108 
129.000000 7.000000 4.000000 a 263.696796 77.201036 347.311100 311.636006 263.638009 110.981981 147.217526 275.697298 71.693793 50.119856 262.383307 307.358097 107.280007 229.058944 183.393021 147.186956 281.886502 264.871667 343.681539 92.027170 304.000000 212.249853 321.686182 82.764727 118.848643 369.043358 186.761880 224.964442 121.741529 126.822711 
233.000000 3.000000 5.000000 a 200.002500 92.417531 192.815974 207.060378 106.329676 57.567352 68.029405 126.846364 141.820309 117.170815 161.319559 160.561515 65.053824 191.481070 39.597980 58.523500 221.551348 233.383804 178.044938 122.800651 172.629661 57.870545 197.466453 132.094663 184.894565 208.278659 113.529732 132.257325 211.589225 161.607549 
227.000000 8.000000 2.000000 a 111.772090 199.461776 413.523881 186.102123 333.241654 228.232338 170.047052 239.770724 154.262763 214.580987 161.443489 252.420284 197.909070 74.276510 211.603403 274.774453 113.846388 71.805292 374.363460 146.696967 222.829531 293.436535 220.864212 277.497748 103.392456 416.811708 134.123078 365.168454 113.145923 98.270036 
240.000000 7.000000 2.000000 a 76.321688 285.427749 383.262312 81.055537 324.459551 292.960748 219.426525 188.663722 268.001866 311.642423 110.018180 178.044938 267.088000 111.682586 229.712864 324.322370 57.384667 88.204308 326.612921 247.757946 140.089257 305.949342 119.603512 366.203495 239.653917 372.649970 165.193826 397.537420 260.618495 218.002294 
183.000000 9.000000 3.000000 a 266.443240 339.281594 192.439601 198.647930 202.526541 311.263554 275.087259 146.372812 370.604911 367.695526 211.766381 122.918672 309.200582 298.964881 233.137299 300.106648 274.758075 317.308998 131.228808 345.376606 150.572242 233.482333 158.145503 384.595892 387.242818 161.941347 261.839646 308.650288 417.167832 357.261809 
107.000000 9.000000 2.000000 a 306.138857 98.412398 283.323137 335.440010 208.806130 93.230896 163.981706 268.693134 141.693331 79.605276 285.954542 302.420237 115.108644 280.793518 175.413796 92.913939 326.914362 321.636441 295.367568 147.871566 310.871356 163.024538 333.803835 16.643317 199.248588 310.821492 217.036863 141.598023 210.237960 195.941318 
218.000000 9.000000 5.000000 a 159.380049 222.894594 192.854868 110.548632 147.434731 201.159141 154.120083 23.769729 248.712686 252.448014 99.724621 16.401219 193.145023 184.200977 118.038129 203.160035 173.441633 210.440015 135.133268 223.215143 51.788030 150.943698 76.550637 279.614020 263.774525 181.176709 138.600144 243.032920 293.715849 233.807613 
152.000000 4.000000 3.000000 a 281.135199 298.088913 110.535062 226.861191 131.003817 263.685419 245.576872 136.418474 339.607126 323.797776 221.449769 131.468627 268.923781 304.573472 197.200406 242.051647 294.782971 332.174653 50.159745 316.101250 168.869772 171.607109 187.523332 329.164093 367.698246 81.608823 249.008032 234.478144 397.434271 338.763930 
119.000000 7.000000 1.000000 a 83.096330 146.604911 347.139741 149.646250 266.492026 168.860889 104.938077 179.449157 115.762688 167.597733 111.892806 196.702822 138.708327 42.720019 144.886162 212.924869 97.514102 78.102497 309.690168 99.156442 172.235304 227.079281 176.705970 228.177562 87.051709 351.368752 68.007353 301.628911 112.008928 63.600314 
226.000000 8.000000 1.000000 a 149.776500 149.281613 193.499354 136.652845 120.208153 127.475488 84.118963 51.088159 179.824915 178.619708 97.693398 84.593144 119.364986 157.152792 44.000000 135.059246 169.649639 194.000000 153.844077 155.048380 95.880134 99.020200 121.494856 206.651881 203.690942 195.478899 88.141931 192.426609 233.499465 174.691156 
237.000000 2.000000 4.000000 a 212.793327 166.628329 436.726459 282.846248 350.442577 207.562039 185.601724 300.655950 107.447662 164.246766 244.499489 323.394496 183.095603 170.038231 235.601358 256.376676 222.092323 186.096749 413.269888 121.671689 303.250721 301.438219 309.769269 221.731820 61.073726 449.319485 184.024455 346.733327 32.649655 89.827613 
241.000000 6.000000 5.000000 a 224.644163 183.883115 117.686023 199.323857 48.764741 148.033780 140.911320 90.917545 229.836899 208.540164 169.056204 116.103402 155.602057 233.343095 90.972523 128.003906 243.731410 270.066658 87.681241 208.124962 145.962324 60.406953 172.803356 214.357179 265.514595 123.547562 161.817799 145.437272 294.200612 238.606370 
Type de surveillance de chaque endroit(target):tab[nombre de target]
a a a a a a a a a a a a a a a a a a a a a a a a a a a a a a 