Nombre des capteurs:
100
Nombre des targets:
30
Nombre de type de surveillance:
1

Caracteristiques:
299.000000 7.000000 2.000000 a 422.564788 438.142671 171.420536 325.124592 314.459854 259.924989 448.291200 441.249363 258.938217 377.572510 376.948272 309.147214 375.800479 366.531036 419.076365 308.402335 65.764732 333.256658 458.680717 464.216544 381.634642 524.690385 465.611426 340.477606 157.867033 368.089663 163.174753 392.495860 317.067816 460.434577 
254.000000 2.000000 5.000000 a 315.696056 311.284436 180.055547 238.924674 282.081548 132.242202 404.148488 385.258355 124.531121 363.191410 246.172704 182.222392 293.068251 232.606965 389.075828 202.714084 69.570109 253.126451 360.334567 376.651032 343.493814 425.968309 371.323309 260.192237 24.758837 296.082759 125.431256 273.206881 193.889144 333.084073 
228.000000 8.000000 2.000000 a 231.449779 259.061769 121.807225 138.751577 181.969778 184.805303 299.541316 280.194575 129.973074 266.332499 272.029410 227.107904 192.208220 244.182309 286.937275 117.686023 135.930129 150.764717 268.778719 278.727465 240.301893 334.977611 277.077606 157.990506 91.760558 192.166594 58.034473 206.206207 244.969386 281.485346 
289.000000 6.000000 3.000000 a 168.600119 58.855756 418.867521 250.880450 380.552230 264.473061 402.057210 360.923815 224.931101 451.382321 194.743421 242.892981 257.178926 164.560019 429.662658 210.373477 413.146463 265.452444 210.411502 257.200311 389.165774 233.805475 229.889104 264.518430 322.671660 289.006920 362.713385 122.588743 256.470271 44.777226 
150.000000 2.000000 3.000000 a 316.480647 427.375713 288.783656 257.614052 158.776573 514.400622 86.579443 127.906216 444.544711 82.389320 567.134023 546.564726 230.097805 528.985822 58.137767 318.064459 439.972726 238.027309 286.148563 243.248844 106.075445 308.001623 270.601183 235.227549 431.561120 200.561711 319.081494 369.120577 566.731859 440.101125 
188.000000 6.000000 3.000000 a 137.713471 172.351385 193.289938 69.856997 178.619708 200.032497 260.232588 230.358416 126.589889 262.665186 246.811669 226.225551 120.415946 210.240339 263.865496 23.021729 227.246562 89.005618 179.627392 197.648678 215.678001 245.458754 190.682983 94.429868 159.248234 134.238594 141.661569 114.127122 246.677928 194.200927 
153.000000 4.000000 1.000000 a 256.329866 357.610123 187.000000 170.698565 52.697249 412.059462 100.184829 115.433964 344.361728 36.235342 473.415251 446.900436 161.523992 436.848944 61.131007 227.481867 334.408433 153.101274 243.310501 211.558503 41.048752 286.048947 233.567977 152.777616 325.235299 129.313572 212.551170 294.959319 466.699046 373.871636 
299.000000 6.000000 1.000000 a 261.818640 350.321281 124.004032 158.050625 35.510562 367.234258 159.100597 164.830216 304.014802 85.796270 439.827239 405.908857 169.540556 405.626676 124.100766 204.943895 273.380687 145.416643 262.087772 239.676866 92.849340 314.531397 256.725534 148.097941 271.830830 140.769315 153.935051 286.295302 424.972940 369.012195 
255.000000 8.000000 5.000000 a 202.200396 314.606103 270.053698 163.266653 125.000000 432.459247 31.384710 13.601471 359.300710 119.000000 469.233417 458.032750 123.044707 429.773196 70.035705 223.271136 400.011250 143.756739 170.229257 128.191263 63.411355 196.860357 155.048380 138.755180 368.781778 99.297533 276.181100 259.123523 478.591684 326.107344 
173.000000 4.000000 1.000000 a 162.889533 79.429214 335.435538 198.116128 324.913835 170.308544 378.112417 340.283705 125.175876 404.827124 133.544000 158.808060 224.450440 93.962759 394.954428 142.940547 314.542525 216.601016 217.375252 258.791422 349.343670 264.370952 236.579796 218.323155 223.432316 252.257805 275.045451 93.813645 176.102243 96.208108 
123.000000 9.000000 5.000000 a 217.200368 248.213618 126.000000 123.939501 172.794676 189.842040 287.360401 267.013108 130.613935 258.031006 271.773803 230.202085 177.485211 242.293211 276.383791 103.966341 150.784615 136.194714 254.017716 263.882550 229.268402 320.207745 262.230814 143.401534 103.580886 178.025279 65.000000 193.912351 248.654379 270.564225 
266.000000 2.000000 5.000000 a 71.168813 166.904164 242.390181 45.276926 159.314155 290.243002 187.864313 150.748134 216.372364 225.834010 313.461321 308.706981 34.205263 273.629311 207.077280 78.638413 315.868644 47.539457 90.443352 100.841460 164.210231 156.064089 97.169954 43.416587 255.409475 64.078077 210.204662 105.702412 329.247627 182.822318 
100.000000 6.000000 2.000000 a 52.478567 165.855359 291.413795 97.349884 191.018324 331.930716 181.245690 139.978570 259.110015 243.018518 340.477606 345.011594 56.824291 300.166620 212.268698 126.668860 369.001355 94.047860 38.948684 52.952809 177.228666 103.174609 44.011362 87.783825 306.537110 85.164547 262.665186 116.516093 365.246492 176.207264 
110.000000 5.000000 2.000000 a 366.267662 344.223764 242.165233 300.041664 349.310750 118.962179 470.523113 450.457545 148.660687 430.223198 235.280683 164.757397 354.001412 232.899120 456.232397 257.528639 100.319490 315.513867 414.406805 434.752803 410.468026 478.878899 426.976580 322.397270 80.504658 359.517733 191.564611 315.927207 169.649639 364.742375 
222.000000 7.000000 4.000000 a 320.937689 369.541608 26.476405 210.760528 170.695636 281.369863 304.770405 301.099651 240.875487 232.957078 382.099463 328.892080 253.645422 357.526223 274.001825 217.830209 131.228808 212.701669 345.302766 340.964808 237.775104 408.825146 348.005747 219.328521 165.469030 238.729973 58.855756 311.719425 344.223764 391.635034 
126.000000 7.000000 1.000000 a 228.790297 116.846053 427.566369 287.235095 415.986779 217.221086 457.905012 418.144712 198.929636 493.766139 124.787820 184.613109 306.365794 104.484449 479.588365 235.053185 392.036988 304.726107 277.477927 323.167139 435.652384 309.040450 297.321375 305.550323 299.933326 336.362899 365.978141 167.585799 194.139125 115.247560 
215.000000 9.000000 5.000000 a 82.006097 160.552172 375.889611 179.805450 272.214989 379.131903 233.137299 192.314846 310.864922 313.848690 361.964087 382.099463 141.173652 322.851359 274.045617 195.151223 444.649300 178.549713 46.043458 77.000000 247.759964 35.440090 52.172790 172.467388 374.478304 166.811271 344.363180 142.172431 401.128408 159.762323 
262.000000 4.000000 5.000000 a 172.168522 254.031494 147.627911 62.393910 72.498276 295.042370 170.205758 151.267974 225.304239 156.236999 353.050988 327.611050 89.872131 316.764897 162.806634 109.786156 254.232177 53.712196 184.447825 175.601822 114.586212 245.367072 184.567061 58.668561 220.755521 73.355300 132.909744 190.010526 347.639181 273.117191 
236.000000 5.000000 5.000000 a 207.870152 160.124951 276.972923 193.217494 302.476445 93.263069 384.606292 352.036930 38.600518 387.837595 122.298814 103.368274 236.315467 89.844310 390.386987 132.638607 231.244459 213.037555 262.345192 295.418347 342.242604 320.076553 279.157662 217.407452 139.186925 256.587217 212.680512 144.346805 123.907223 179.902752 
169.000000 2.000000 3.000000 a 76.967526 183.983695 331.228018 140.943251 219.604189 372.607032 180.853532 139.441744 300.665928 259.106156 372.683512 382.723138 94.175368 332.532705 220.036361 170.988304 413.729380 135.207248 23.345235 24.698178 193.018134 61.522354 3.605551 128.405607 351.250623 115.676272 305.812034 146.321564 402.662390 189.380569 
238.000000 9.000000 4.000000 a 408.639205 419.218320 174.957138 314.771346 314.101894 235.342304 447.090595 437.751071 236.799493 381.295161 352.512411 284.423979 366.607419 342.811902 420.297514 294.001701 45.276926 324.168166 446.780707 454.611922 381.011811 512.957113 454.608623 331.436268 136.003676 360.922429 157.165518 375.536949 292.159203 441.389850 
205.000000 4.000000 5.000000 a 203.710579 176.476627 240.752985 170.073514 271.447969 101.242284 360.934897 330.541979 27.459060 357.393341 156.169779 125.876924 217.469538 125.634390 363.254732 111.789982 202.192977 189.528362 256.001953 284.548766 314.874578 317.327906 271.265553 194.653538 111.521298 234.412030 176.479461 147.363496 146.208755 197.840845 
272.000000 2.000000 4.000000 a 157.000000 225.887140 152.633548 45.276926 109.274883 258.768236 202.615399 179.078195 188.215302 193.806605 315.496434 290.330846 92.703829 279.415461 199.200904 75.312682 235.280683 50.159745 180.277564 181.176709 150.801194 244.826469 184.439692 57.384667 191.211924 89.140339 121.433109 162.496154 310.438400 246.089415 
276.000000 3.000000 4.000000 a 261.296766 364.540807 200.039996 179.780422 65.863495 424.570371 90.972523 110.435502 356.426711 28.284271 484.418208 458.925920 167.035924 447.555583 48.662100 237.547890 347.959768 161.644672 245.489307 211.740407 39.293765 285.574859 234.787138 160.822884 338.598582 134.807270 226.152603 302.393783 478.799541 380.295937 
248.000000 3.000000 4.000000 a 35.355339 148.404852 304.896704 108.245092 209.618701 327.099373 200.384630 158.902486 255.331158 263.047524 329.164093 337.409247 74.330344 288.901367 232.228336 128.316016 375.289222 108.004630 29.410882 61.773781 197.306868 95.462034 43.185646 102.342562 309.006472 104.139330 272.853441 103.247276 357.414325 157.648343 
100.000000 2.000000 4.000000 a 354.933797 315.981012 282.846248 305.360443 373.876985 72.180330 486.779211 462.534323 125.514939 457.919207 182.945347 111.825757 357.733141 185.913959 478.073216 254.866632 154.019479 322.832774 406.542741 432.374837 430.750508 468.569098 421.076003 329.195990 102.941731 368.169798 225.621364 297.415534 114.179683 334.964177 
268.000000 7.000000 4.000000 a 158.902486 140.014285 466.821165 271.471914 384.187454 388.476512 356.922961 315.990506 334.176600 434.412247 333.600060 375.293219 248.646335 300.672579 397.102002 260.969347 503.191812 277.245379 161.446586 200.489401 368.143994 141.396605 174.025860 272.825952 420.029761 278.756166 423.401701 172.742583 390.877219 122.527548 
245.000000 8.000000 4.000000 a 128.693434 232.422030 358.745035 180.080538 232.774569 423.417052 161.895028 124.426685 350.955838 255.033331 424.317098 434.420303 127.581347 384.213482 207.927872 218.185701 454.156361 170.097031 73.790243 40.447497 191.880171 61.294372 54.781384 162.855764 396.692576 138.956828 340.906145 198.010101 454.406206 235.594991 
156.000000 9.000000 3.000000 a 193.961336 279.179154 138.061580 87.005747 47.507894 315.006349 158.823802 145.880088 246.781280 132.774244 376.948272 349.313613 106.329676 341.123145 144.903416 135.351395 259.000000 75.709973 201.405064 187.395304 97.862148 259.669020 199.444228 79.404030 234.200769 83.438600 135.181360 215.148786 369.134122 298.006711 
280.000000 3.000000 2.000000 a 134.406101 79.025312 303.659349 160.555286 287.501304 175.934647 341.989766 304.770405 117.239072 367.250596 162.609963 174.928557 188.281704 122.298814 357.794634 105.773343 296.427057 179.108905 189.736660 228.554151 311.969550 242.123935 208.216234 180.944743 207.889394 215.411235 245.230504 65.734314 194.030925 100.498756 
139.000000 3.000000 5.000000 a 270.647372 248.805145 220.639978 215.538860 290.413498 75.591005 398.389257 373.162163 55.443665 375.917544 180.024998 122.413235 268.001866 163.168624 392.084175 166.027106 139.864220 233.077240 320.382584 344.000000 344.223764 383.891912 334.013473 239.403425 48.836462 278.469029 157.063681 218.769285 138.003623 269.875897 
140.000000 6.000000 1.000000 a 358.231769 289.772324 364.046700 339.117974 432.004630 72.180330 529.590408 499.609848 143.031465 518.160207 106.400188 52.009614 385.933932 127.812362 529.431771 280.494207 250.059993 358.503835 413.237220 447.303029 481.050933 468.569098 430.512485 363.705925 182.035711 403.476146 301.802916 291.760175 35.735137 304.304124 
228.000000 3.000000 3.000000 a 285.329634 397.125925 287.062711 233.362379 148.192442 495.625867 53.150729 94.831429 424.439631 86.977008 543.074581 525.710947 201.638290 504.385765 40.261644 294.210809 433.710733 213.550931 253.211374 209.773688 86.769810 274.000000 237.305710 210.069036 418.389770 173.510807 310.757140 340.083813 546.058605 409.184555 
220.000000 8.000000 1.000000 a 84.593144 185.348321 237.655212 46.486557 144.533733 305.476677 168.582324 131.893897 231.482181 207.884583 332.031625 325.571805 14.866069 292.318320 187.829710 92.720009 320.655578 40.311289 92.698436 93.605555 145.464772 156.028843 95.441081 34.058773 264.682829 45.221676 210.430511 124.811858 346.145923 200.661406 
176.000000 5.000000 2.000000 a 234.136712 189.171880 270.732340 209.401528 310.538242 66.121101 400.524656 369.675533 20.396078 396.625768 121.840059 86.052310 255.665797 97.005155 403.068232 150.269757 209.847564 228.965063 288.001736 319.277309 354.682957 347.023054 304.258114 233.940163 117.987287 273.622002 205.759568 172.284648 106.400188 208.751048 
123.000000 2.000000 3.000000 a 359.183797 375.298548 134.331679 263.928020 267.172229 214.021027 399.080192 388.320744 201.467119 338.119801 328.283414 264.030301 315.686553 313.600064 374.354110 244.826469 23.345235 273.247141 396.353378 403.714008 333.600060 462.488919 403.923260 280.515597 101.636608 310.203159 107.377838 328.811496 274.881793 397.658145 
275.000000 1.000000 1.000000 a 326.441419 350.853246 100.955436 227.633477 228.600087 216.120337 360.138862 349.290710 190.073670 301.144484 325.153810 265.505179 278.548021 306.022875 336.047616 213.178329 57.723479 236.019067 361.354397 366.870549 294.821980 427.299661 368.126337 243.261177 98.310732 271.979779 68.359345 300.775664 278.756166 373.321577 
169.000000 5.000000 4.000000 a 22.472205 114.634201 289.069196 93.776330 215.334623 282.023049 232.045254 191.950514 211.000000 280.315893 284.200633 291.547595 85.146932 243.895469 257.388811 92.282176 342.492336 101.980390 72.111026 107.018690 217.082933 134.164079 88.645361 98.858485 270.750808 117.277449 249.002008 60.141500 311.538120 128.576825 
185.000000 9.000000 5.000000 a 250.127967 350.682192 182.098874 163.232962 45.276926 404.361225 102.156742 114.560028 336.582828 43.908997 465.618943 439.118435 155.206314 429.075751 66.030296 219.802184 328.298645 145.784087 238.287641 207.523493 39.597980 282.256975 229.000000 145.602198 318.014151 123.065023 206.041258 287.892341 458.925920 367.103528 
293.000000 3.000000 4.000000 a 268.307659 162.791277 424.529151 308.369908 432.755127 179.234483 489.359786 451.186214 180.113853 514.417146 71.610055 138.946033 335.773733 66.128662 506.178822 250.890414 368.001359 327.233861 320.402871 364.424203 460.257537 358.265265 340.147027 329.261294 277.481531 363.637182 360.555128 201.625891 144.589073 166.355042 
222.000000 5.000000 5.000000 a 165.849329 62.096699 368.274354 219.783985 348.901132 200.084982 391.522669 352.230038 160.206117 426.185406 143.892321 182.167505 239.250914 108.074049 412.215963 169.011834 350.351252 237.143417 217.506322 261.747970 368.078796 257.007782 237.261459 237.928561 259.123523 268.955387 308.915846 101.212647 197.496835 72.062473 
233.000000 6.000000 1.000000 a 174.132134 286.356421 263.503321 138.654246 122.588743 408.511934 59.682493 21.954498 334.977611 135.358783 442.240885 432.695043 95.587656 402.631345 93.048375 197.739728 385.945592 119.620232 144.128415 104.307238 72.069411 176.082367 130.034611 114.061387 349.515379 74.249579 263.205243 230.867928 453.278060 298.021811 
185.000000 1.000000 2.000000 a 359.494089 324.237567 274.881793 305.949342 370.072966 83.546394 485.143278 461.861451 131.605471 453.475468 195.880065 124.775799 358.832830 197.873697 475.083151 257.124483 142.337627 323.006192 410.410770 435.028735 428.074760 473.080331 424.519729 329.508725 97.637083 368.142635 219.100434 303.463342 127.487254 343.588417 
213.000000 7.000000 2.000000 a 255.225391 242.243679 201.315673 194.486503 267.406058 96.519428 375.856356 351.140997 58.240879 352.953255 194.249839 141.155942 247.477272 173.487752 369.128704 147.339743 136.191042 211.624668 303.488056 325.259896 321.309819 367.805655 316.412705 218.082553 44.821870 256.867670 136.970800 207.118324 157.889202 263.910970 
261.000000 5.000000 2.000000 a 316.741219 423.448934 245.024489 242.243679 126.905477 486.732986 106.625513 142.214627 419.319687 41.340053 547.826615 521.862051 224.610774 510.909973 58.694122 300.665928 398.769357 223.651515 294.244796 255.384025 92.655275 325.557983 281.016014 222.281353 397.202719 192.898937 280.560154 362.360318 541.645641 438.187175 
242.000000 8.000000 3.000000 a 136.191042 243.741667 347.286625 174.771279 217.903648 425.586654 142.898565 105.773343 352.476950 236.947252 431.561120 438.703772 121.049577 391.318285 189.187737 217.230293 447.825859 163.049072 83.240615 41.109610 174.470628 80.156098 63.411355 155.769060 393.559398 128.362767 332.398857 205.353354 458.877979 248.276056 
217.000000 4.000000 3.000000 a 187.171045 300.308175 281.788928 159.411417 138.654246 429.288947 48.052055 7.280110 355.647297 139.531358 461.024945 452.850969 114.402797 421.246958 90.801982 217.958712 406.650956 140.577381 152.085502 108.779594 81.344945 176.255496 136.132289 134.851770 370.885427 95.078915 283.591255 246.756965 473.440598 310.885831 
162.000000 9.000000 3.000000 a 27.856777 137.440896 317.042584 119.670381 224.361316 326.741488 213.953266 172.325274 256.007812 278.028775 323.513524 334.832794 88.887569 283.383133 246.714410 133.899216 382.852452 120.950403 27.658633 69.526973 212.235718 89.738509 46.097722 115.602768 314.084384 119.050409 283.098923 97.169954 354.611055 145.344419 
150.000000 4.000000 1.000000 a 383.564858 315.835400 375.832409 361.371000 450.444225 91.923882 551.109789 521.921450 165.051507 536.367411 129.139460 78.057671 409.092899 153.075145 549.481574 303.461694 253.475837 380.579821 438.462085 471.974576 501.184597 494.239820 455.579850 385.966320 193.051807 425.775763 315.000000 317.420856 61.392182 330.280184 
181.000000 5.000000 5.000000 a 128.003906 183.991848 186.045693 39.293765 150.880748 231.224999 228.641641 199.210943 158.028478 233.420222 277.077606 257.841036 92.195445 239.827021 232.647802 31.780497 242.266382 57.775427 162.339151 174.347354 184.588732 228.530086 170.880075 63.568860 182.537667 103.247276 142.898565 121.511316 278.298401 204.748626 
104.000000 4.000000 4.000000 a 413.759592 407.034397 223.886132 331.834296 353.305817 194.743421 483.008282 469.017057 214.282524 426.807919 311.451441 240.973028 385.593050 307.826250 461.091097 300.106648 68.007353 344.261528 457.300776 471.258952 418.761269 523.209327 467.523261 351.489687 122.449990 384.980519 190.918831 371.323309 245.446532 428.439027 
167.000000 9.000000 3.000000 a 354.355753 359.346629 163.670401 267.067407 287.127150 180.399557 416.124981 402.004975 176.238475 362.441719 296.285335 230.262893 320.426279 284.200633 395.034176 239.726928 18.110770 278.684409 395.384623 407.001228 352.164734 461.546314 404.624517 285.944050 75.292762 318.648709 124.535136 317.505905 240.102062 381.419716 
149.000000 4.000000 2.000000 a 43.416587 146.509385 331.042293 134.380058 233.060078 343.471978 212.360542 170.601876 273.065926 282.299486 337.464072 350.656527 98.843310 297.484453 247.945559 151.221692 399.811205 134.014925 14.142136 60.802960 216.113396 72.277244 33.970576 128.222463 331.508673 127.129855 298.760774 111.628849 370.307980 152.118375 
197.000000 6.000000 5.000000 a 291.770458 219.107280 344.688265 285.203436 390.266576 61.400326 476.640326 444.083326 98.478424 476.287728 56.044625 20.124612 328.092975 60.464866 481.433277 224.715376 258.862898 305.000000 347.080682 383.301448 433.139700 400.371078 364.967122 309.454359 174.232603 348.673199 279.901768 223.973213 36.013886 233.625769 
102.000000 2.000000 2.000000 a 184.835062 293.220054 228.980349 125.606528 86.821656 392.209128 67.082039 49.030603 319.699859 108.664622 434.885042 419.777322 94.810337 396.042927 78.790862 186.453748 356.050558 105.759160 164.368488 130.361037 42.426407 204.707108 153.222061 101.862653 325.246061 65.215029 232.363939 233.893138 440.255608 307.065140 
267.000000 6.000000 1.000000 a 291.605898 355.128146 29.154759 178.877053 116.927328 307.001629 250.714978 249.226804 255.550386 178.465683 397.508490 351.512446 214.450460 368.657022 219.002283 200.352190 181.796590 176.400113 308.825193 298.964881 183.635509 369.849970 309.103543 182.258059 197.840845 195.133288 75.000000 293.680098 368.647528 376.415993 
203.000000 6.000000 5.000000 a 310.934077 222.894594 394.243580 320.413795 432.233733 110.887330 510.654482 476.067222 145.230851 517.644666 18.248288 61.846584 359.005571 55.659680 519.110778 259.555389 309.270108 340.242561 366.012295 405.652561 471.189983 413.885250 384.859715 344.005814 225.319773 382.231605 329.303811 241.615397 59.908263 233.214494 
206.000000 9.000000 3.000000 a 77.794601 45.188494 362.491379 175.581890 301.081384 282.878066 310.695993 269.317656 223.230822 366.005464 249.272943 277.259806 170.695636 211.286535 340.411516 151.818971 389.486842 186.603858 118.444080 165.075740 302.019867 150.376195 138.105032 184.173831 306.315197 202.940878 314.396247 59.548300 295.006780 47.801674 
282.000000 3.000000 4.000000 a 185.151289 74.464757 430.512485 265.699078 395.566682 264.697941 418.594075 377.493046 229.444983 467.124180 188.297637 240.204080 273.232502 160.626897 445.929367 223.503915 419.643897 280.631431 227.002203 273.804675 405.177739 249.435362 246.454864 279.873186 328.517884 304.972130 373.363094 137.611773 252.733061 61.400326 
179.000000 7.000000 5.000000 a 132.502830 147.231111 220.292987 92.455395 208.856410 181.892826 283.804510 251.588950 107.967588 292.138666 218.449079 203.061567 137.083916 181.011049 290.724956 31.906112 237.421566 112.294256 180.737379 205.477493 242.909448 244.806046 194.370780 116.606175 160.461833 155.871742 164.924225 94.175368 223.647043 169.522860 
180.000000 1.000000 5.000000 a 321.068529 305.831653 209.602004 253.049402 306.373955 106.230881 425.131744 404.209104 112.485555 388.850871 222.445499 156.115342 307.001629 212.313448 412.462119 211.092397 92.265920 268.603797 368.353091 387.965205 366.105176 433.169713 380.591645 275.465061 34.205263 312.745903 153.264477 273.248971 166.433170 327.035166 
151.000000 3.000000 4.000000 a 324.548918 409.099010 116.619038 217.919710 98.843310 398.321478 205.455591 219.572312 341.689918 107.703296 481.785222 440.922896 233.060078 450.024444 161.245155 259.208410 272.946881 206.980675 325.774462 302.539254 144.692778 377.561915 320.207745 210.237960 292.179739 204.462711 169.070991 345.175318 458.877979 428.514877 
102.000000 5.000000 2.000000 a 138.755180 247.072864 344.605572 173.954017 214.282524 426.554803 137.931142 100.960388 353.305817 232.312290 433.820239 440.211313 120.033329 393.554316 184.328511 217.517815 446.534433 161.771444 86.452299 42.953463 170.073514 85.146932 66.603303 154.495955 393.146283 126.142776 330.551055 207.761883 460.428062 251.924592 
209.000000 7.000000 1.000000 a 239.075302 327.391203 126.921235 135.092561 19.313208 351.449854 152.895389 153.026142 286.434984 95.692215 420.525861 388.741559 147.383853 385.716217 124.310096 182.964477 269.312087 122.409150 240.682363 220.056811 85.842880 294.550505 236.038133 125.159898 260.357447 119.406867 146.840049 263.372360 408.088226 346.023121 
279.000000 3.000000 3.000000 a 376.643067 319.001567 343.639346 343.984011 425.471503 76.655072 531.326642 504.003968 149.906638 510.818950 149.241415 85.000000 393.782935 165.342070 526.854819 288.321002 217.043774 362.663756 430.679695 461.469392 478.831912 489.102239 446.919456 368.456239 161.335055 408.167858 284.290345 313.078265 75.822160 335.304339 
170.000000 3.000000 5.000000 a 96.254870 197.699267 231.276890 47.095647 133.180329 312.270716 157.724443 122.004098 238.296034 195.532606 341.997076 333.766385 7.071068 302.451649 175.775425 99.538937 319.920303 35.777088 100.000000 95.273291 133.135270 161.443489 100.568385 28.653098 267.091745 32.893768 207.118324 136.970800 354.355753 213.025820 
242.000000 6.000000 4.000000 a 311.314953 380.311714 47.169906 198.806439 116.297033 336.756589 246.448778 249.994000 285.616876 164.149322 427.541811 381.494430 229.242230 398.493413 210.011904 225.729927 203.531324 193.871091 324.336245 310.555953 179.947214 383.220563 322.967491 199.110522 226.459709 206.784912 104.307238 318.026728 398.539835 401.260514 
181.000000 8.000000 2.000000 a 314.281721 395.612184 98.412398 205.664776 93.600214 379.427200 210.202284 220.800815 323.340378 117.834630 463.777964 422.246374 224.539529 432.394496 168.585290 244.294904 254.921557 195.969385 318.427386 297.598723 146.727639 372.284837 313.933114 199.722307 273.075081 197.246039 149.966663 331.868950 440.113622 415.393789 
131.000000 2.000000 5.000000 a 120.415946 202.765875 396.474463 205.321699 281.016014 420.004762 220.735135 182.482876 350.690747 311.294073 404.683827 424.199246 159.452187 365.559845 266.007519 229.314195 476.205838 200.412075 71.867934 76.850504 246.738728 7.280110 65.000000 193.659495 409.884130 179.513231 370.552291 183.983695 443.356516 200.830775 
258.000000 3.000000 2.000000 a 282.143580 387.082679 217.221086 204.000000 89.627005 449.048995 91.438504 119.100798 381.146953 15.000000 509.230792 483.663106 188.732615 472.314514 41.868843 262.148813 367.947007 185.607112 263.229938 227.035240 57.314920 299.536308 251.348364 184.491192 361.707064 156.678014 247.426757 325.405900 503.509682 402.375447 
290.000000 5.000000 4.000000 a 258.588476 326.021472 59.059292 145.825238 91.005494 298.804284 224.722051 219.790810 241.495342 163.413586 382.001309 340.794660 180.479916 351.012820 197.463921 171.548827 196.540072 142.635900 274.898163 265.198039 158.113883 335.894329 275.138147 148.404852 196.796850 161.483745 76.478755 263.685419 358.899707 346.930829 
177.000000 6.000000 2.000000 a 262.457616 163.884105 398.898483 292.138666 413.726963 149.893295 476.944441 439.822692 152.210381 496.676957 48.383882 111.018017 323.278518 36.687873 491.202606 233.094401 338.732933 311.436992 316.166096 358.644671 444.531214 358.620970 335.650115 314.006369 248.501509 349.807090 334.534004 193.912351 118.460964 171.303824 
169.000000 6.000000 2.000000 a 379.222890 331.409113 317.921374 336.185960 408.533964 82.861330 519.778799 494.580630 149.003356 492.854948 177.101666 108.208133 387.769261 187.723200 512.181608 283.593018 184.808008 354.120036 432.010417 459.921732 464.656863 492.634753 447.286262 360.302651 138.293167 399.606056 261.000000 318.778920 104.043260 349.143237 
271.000000 2.000000 4.000000 a 170.393662 89.822046 331.665494 200.192407 325.711529 159.931235 382.426464 345.071007 116.180893 406.519372 125.399362 148.569849 228.711609 85.440037 398.067833 143.544418 306.662681 219.009132 225.204352 265.939843 352.036930 273.358739 244.247825 221.056554 215.232433 255.837839 270.542048 101.074230 166.027106 106.625513 
140.000000 8.000000 4.000000 a 165.951800 54.203321 387.659645 231.389282 361.300429 223.293529 396.227208 356.117958 184.195548 436.394317 160.003125 203.334699 245.977641 126.751726 419.533074 184.219977 373.871636 247.800323 214.674172 260.249880 376.616516 248.670465 234.522920 247.935475 282.837409 276.682128 329.370612 106.929884 217.800367 56.753854 
239.000000 7.000000 4.000000 a 88.232647 121.494856 246.050808 78.000000 206.903359 219.492597 260.931025 225.222113 146.768525 284.810463 238.662942 234.542107 108.074049 199.060292 274.934538 34.438351 279.608655 96.176920 137.440896 165.387424 228.965063 200.823305 152.013157 97.943861 204.636263 133.206606 196.956848 59.808026 255.001961 142.414887 
237.000000 1.000000 3.000000 a 70.384657 182.833257 277.276036 87.846457 172.069753 335.943448 163.248277 122.449990 262.408079 223.020178 350.891721 351.728589 40.360872 310.644491 192.815974 126.194295 361.831452 81.024688 55.470713 52.952809 157.257750 115.433964 54.561891 74.202426 303.389189 66.128662 251.938485 130.138388 372.135728 194.239543 
104.000000 6.000000 1.000000 a 92.314679 164.109719 217.830209 28.442925 158.492902 254.892134 212.701669 178.891028 180.892233 234.542107 286.525741 276.139458 63.694584 247.491414 224.610774 42.059482 279.732015 45.617979 124.775799 138.924440 178.398430 190.979056 133.764719 47.434165 217.368351 84.291162 179.011173 100.079968 296.730517 183.098334 
258.000000 6.000000 4.000000 a 363.159744 294.742260 366.531036 343.534569 435.744191 75.927597 533.892311 504.048609 147.353317 521.866841 110.435502 57.008771 390.512484 132.517923 533.472586 285.029823 250.888421 362.891168 418.150691 452.133830 485.103082 473.541973 435.403261 368.126337 184.260685 407.906852 304.532428 296.730517 40.521599 309.234539 
161.000000 6.000000 4.000000 a 220.513038 308.415304 131.552271 116.107709 21.633308 338.422812 151.082759 146.102704 271.974263 107.563934 404.426755 374.476969 129.618671 369.128704 128.444541 164.769536 266.582070 103.484298 223.617978 204.899976 85.287748 278.878110 219.738481 106.367288 251.334439 102.727796 142.705991 244.401309 394.041876 327.024464 
258.000000 7.000000 5.000000 a 88.022724 97.744565 268.164129 102.786186 232.107734 212.461761 281.716169 244.761108 142.351677 309.386490 220.292987 222.407284 128.035151 180.205438 297.899312 57.070132 291.430952 120.420098 141.693331 175.208447 252.539106 201.486972 158.319298 121.655251 211.653018 155.206314 216.529444 39.824616 242.563394 119.251834 
167.000000 9.000000 2.000000 a 87.132084 109.041277 257.503398 90.824006 219.986363 215.573653 271.587923 235.185034 144.013888 297.543274 229.008733 228.037278 118.139748 189.129585 286.782147 45.880279 285.601120 108.687626 139.014388 170.017646 241.138964 200.691305 154.728795 110.145359 208.002404 144.461067 207.019323 48.764741 248.364651 130.249760 
139.000000 2.000000 5.000000 a 149.201206 262.619497 297.430664 145.382255 162.188162 411.413417 91.787799 51.000000 337.415175 179.334882 433.243580 430.861927 93.145048 393.071240 133.958949 198.600101 409.518009 129.189783 109.444050 64.938432 116.297033 133.003759 92.649879 122.331517 364.351479 86.371292 289.613536 212.868504 451.400044 271.679959 
168.000000 3.000000 4.000000 a 145.578158 159.138305 454.657014 257.157539 360.966757 405.523119 322.125752 282.015957 345.984104 404.930858 361.233996 397.159917 226.931708 326.075145 364.495542 256.444926 504.433345 260.000000 134.104437 167.585799 338.828865 101.980390 143.199162 254.772447 425.339864 255.033331 416.069706 176.705970 413.937193 146.000000 
147.000000 4.000000 1.000000 a 372.227081 385.519131 147.827602 278.172608 282.023049 215.334623 414.059175 403.352203 207.858125 352.404597 330.938061 265.228204 330.163596 317.970124 389.097674 257.670332 17.117243 287.767267 410.114618 418.072960 348.518292 476.287728 417.942580 295.040675 106.976633 325.010769 122.409150 340.330722 275.089076 407.806327 
203.000000 2.000000 3.000000 a 227.079281 281.455147 84.693565 117.515956 120.420098 247.751892 245.097940 231.138487 188.353391 203.324863 328.539191 288.444102 163.615403 297.578561 227.378539 127.137721 173.184872 121.490740 252.744931 252.049598 182.386951 317.200252 256.674892 128.471787 152.689227 153.707514 51.244512 221.208047 306.894119 303.057750 
231.000000 1.000000 3.000000 a 311.014469 361.906065 17.492856 200.322240 159.260792 281.783605 293.342803 289.430475 238.549785 222.804847 380.295937 328.671569 242.538657 354.739341 263.047524 209.334660 139.089899 201.804361 334.551939 329.678631 226.384628 397.850474 337.005935 208.369863 167.215430 227.264163 54.009258 303.400725 344.472060 383.897122 
130.000000 5.000000 1.000000 a 111.830228 6.324555 369.358904 194.064422 323.215099 254.892134 344.885488 304.016447 201.717624 393.204781 211.142132 244.239636 198.949742 174.287119 371.615393 158.142341 379.454872 207.963939 157.686398 203.823453 330.928995 190.979056 177.496479 206.770404 292.282398 230.766115 316.393742 66.121101 261.015325 18.027756 
242.000000 8.000000 5.000000 a 331.169141 231.872810 441.661635 354.798534 471.916306 160.900590 542.355050 506.056321 191.481070 556.389252 49.335586 111.462998 389.073258 83.600239 554.278811 294.543715 359.339672 374.422222 385.019480 427.285619 506.948715 427.101861 404.477441 377.524834 275.147233 414.451445 376.661652 262.390930 106.282642 237.697286 
241.000000 4.000000 3.000000 a 334.013473 385.659176 27.294688 222.791382 172.200465 298.939793 305.746627 304.540638 258.984556 228.790297 400.169964 346.655449 263.590592 375.634131 272.530732 233.070805 142.635900 223.450218 356.384624 350.035712 238.673417 419.144367 358.268056 229.863003 182.570534 246.916990 76.419893 327.152869 361.831452 407.659171 
231.000000 3.000000 1.000000 a 163.957312 76.026311 440.837839 261.015325 388.000000 307.509349 394.119271 352.423041 263.685419 453.124707 239.718585 287.577816 257.870122 209.618701 426.138475 229.314195 447.770030 273.117191 195.920902 242.396370 388.816152 207.212451 214.245187 271.001845 358.810535 290.118941 388.068293 135.823415 301.438219 53.712196 
130.000000 2.000000 4.000000 a 128.844868 140.943251 226.585525 94.847246 213.337760 182.167505 285.833868 253.023714 108.466585 296.184064 215.257985 201.836568 137.753403 177.428859 293.756702 33.970576 242.695282 114.690889 178.016853 203.982842 246.107700 241.615397 192.093727 118.697093 164.693655 157.632484 171.230838 88.413800 222.427516 163.248277 
193.000000 2.000000 1.000000 a 321.068529 295.974661 235.204167 261.961829 325.098447 80.230917 439.892032 416.923254 100.404183 408.872841 197.433533 129.653384 315.245936 190.118384 429.847647 215.188290 119.000000 278.657496 370.526652 393.183163 382.785841 434.246474 383.885400 285.259531 53.814496 323.610877 176.782352 268.732209 139.089899 316.483807 
189.000000 1.000000 3.000000 a 259.855729 306.066986 63.000000 152.433592 146.986394 240.626266 276.523055 265.000000 189.465036 225.035553 331.602171 284.875411 199.699775 303.784463 254.921557 154.434452 140.174891 157.435701 287.850656 288.189174 211.992924 352.695336 292.335424 164.477962 134.536240 189.842040 16.000000 248.203546 302.076149 328.124976 
172.000000 9.000000 1.000000 a 224.864404 268.376601 98.994949 121.313643 146.294224 220.227155 267.110464 250.287834 161.913557 230.217289 302.907577 261.306334 171.956390 272.943218 252.174543 117.136672 156.524758 129.448832 255.994141 260.249880 206.184384 321.603794 261.963738 136.704060 126.574089 166.904164 46.097722 210.660865 279.608655 290.428993 
122.000000 4.000000 5.000000 a 357.850527 387.113678 97.082439 254.939208 238.170107 249.929990 371.909935 365.016438 227.369743 303.488056 361.001385 299.713196 303.713681 342.895028 343.372975 246.138173 67.268120 261.296766 389.979487 392.256294 305.321142 455.442642 395.497155 268.411997 133.093952 293.955779 89.944427 335.650115 312.032050 409.585156 
190.000000 2.000000 4.000000 a 422.479585 443.207626 159.050307 322.121095 303.797630 273.994525 437.864134 432.468496 268.538638 364.078288 390.448460 323.586155 371.636920 378.450789 407.078616 309.127805 76.400262 329.150422 456.653041 460.183659 370.951479 522.398315 462.776404 336.304921 167.720005 362.295460 157.917700 395.500948 332.295050 465.600687 
148.000000 8.000000 4.000000 a 294.061218 249.483466 277.308492 257.388811 343.525836 18.973666 445.457069 417.554787 64.280635 429.534632 133.555232 68.359345 307.175845 126.657017 442.651104 201.814271 181.107703 276.153943 347.144062 376.204731 394.405882 407.397840 362.729927 281.886502 99.040396 321.628668 213.974298 233.636470 81.908486 268.337474 
285.000000 3.000000 2.000000 a 199.752347 236.772042 131.381125 104.546640 159.928109 200.172426 270.379363 248.919666 136.458785 245.904453 275.263510 238.033611 158.069605 243.813453 261.375209 88.090862 169.944108 116.841773 235.295559 244.534251 213.768566 301.443195 243.183059 124.036285 121.202310 159.003145 75.591005 180.247053 257.099203 258.936286 
189.000000 8.000000 3.000000 a 111.162044 73.246160 408.765214 218.403297 340.019117 321.616231 335.047758 293.286549 266.129668 399.721153 274.357431 310.885831 206.087360 239.075302 369.314229 198.962308 436.587906 227.495055 135.417872 181.342218 334.348620 145.773797 153.114336 224.243172 352.414529 238.008403 361.707064 107.168092 327.331636 59.008474 
Type de surveillance de chaque endroit(target):tab[nombre de target]
a a a a a a a a a a a a a a a a a a a a a a a a a a a a a a 