Nombre des capteurs:
100
Nombre des targets:
50
Nombre de type de surveillance:
1

Caracteristiques:
248.000000 1.000000 4.000000 a 468.107894 314.396247 212.849712 137.058382 317.397227 366.786041 510.330285 165.084827 331.798131 427.351144 511.976562 402.124359 351.681674 281.923749 173.925271 187.181730 413.817593 472.038134 248.887525 172.185946 453.601146 300.561142 321.686182 126.530629 105.990566 453.971365 211.021326 438.310392 405.276449 425.179962 347.570137 306.574624 464.079735 84.723078 367.212473 461.478060 429.004662 460.369417 440.202226 357.324782 455.389943 274.590604 248.973894 535.631403 441.081625 367.528230 111.628849 460.131503 409.695009 363.917573 
140.000000 3.000000 3.000000 a 325.407437 184.743065 96.881371 104.403065 190.073670 276.240837 370.642685 64.202804 188.830612 304.055916 368.435883 258.799150 212.877899 158.202402 42.107007 78.790862 275.045451 330.340733 166.481230 47.801674 317.926092 157.079598 234.437625 140.431478 127.015747 321.659758 147.989865 310.536632 261.816730 305.792413 279.732015 199.271172 327.152869 65.306967 228.530086 330.915397 287.628232 330.588869 304.547205 225.583687 324.322370 145.523194 167.358896 393.641969 302.763934 230.846269 121.334249 322.605022 281.149426 224.537302 
239.000000 1.000000 4.000000 a 61.846584 164.939383 247.412611 345.231806 184.328511 282.024822 129.031004 291.384626 108.240473 179.602339 79.056942 43.104524 107.079410 208.079312 264.015151 275.072718 81.024688 62.369865 296.770955 272.091896 113.172435 133.689940 280.114262 388.726125 387.783445 158.492902 314.973015 159.505486 29.000000 217.568380 335.626280 229.490741 107.200746 352.369125 98.249682 172.557237 51.039201 176.867182 109.343495 155.167651 145.773797 198.761163 286.471639 124.679589 87.045965 110.004545 378.957781 121.511316 149.465715 95.885348 
107.000000 4.000000 5.000000 a 86.648716 307.167707 382.753184 477.956065 249.435362 420.904977 48.104054 392.168331 220.782699 307.538615 83.384651 155.438091 249.329100 283.862643 389.647276 372.034945 216.923950 162.262134 362.008287 379.036938 230.566693 258.565272 422.029620 521.943484 518.413927 133.405397 454.780167 283.924286 166.306945 206.167408 476.419983 372.055103 218.552053 473.295891 240.831892 138.755180 184.694342 143.544418 233.077240 207.407811 263.433103 283.593018 428.164688 18.000000 211.073447 252.285552 510.000000 102.000000 282.285317 238.421895 
253.000000 5.000000 2.000000 a 362.244393 146.413797 155.926265 191.041880 351.711530 44.944410 428.584881 306.863162 274.448538 162.791277 367.227450 303.591831 199.278699 339.942642 209.823736 312.020833 227.712538 291.650476 394.655546 281.964537 232.847590 237.118114 22.135944 210.280765 226.384628 429.467112 117.038455 186.214930 282.179021 455.712629 37.589892 78.000000 247.406548 258.600077 204.188638 443.353132 259.378102 445.892364 223.861564 361.885341 211.404825 320.861341 82.969874 425.004706 241.049787 191.512402 218.826415 405.572435 171.563399 207.894204 
222.000000 4.000000 5.000000 a 233.323809 136.014705 105.603030 175.641681 113.357840 264.236636 278.657496 93.680307 97.000000 252.301407 278.217541 167.585799 141.028366 91.706052 80.504658 83.150466 199.849944 247.315588 148.060798 71.112587 246.951412 70.682388 231.354706 218.213199 209.802288 234.360833 185.625968 252.160663 173.441633 229.836899 287.367361 181.011049 253.718348 157.280005 155.858911 244.812173 206.155281 245.097940 234.104677 141.173652 260.432333 73.409809 184.024455 301.317109 227.517032 162.443836 202.405534 231.758495 223.439030 150.442680 
152.000000 8.000000 1.000000 a 385.849712 202.237484 245.552438 289.084763 417.202589 65.795137 452.842136 396.020202 328.933124 149.933319 375.213273 339.023598 239.910400 411.895618 300.820545 398.469572 243.515913 295.609540 476.472455 370.195894 228.116198 298.402413 107.707938 306.889231 323.748359 471.365039 215.083705 174.393234 312.694739 509.812711 85.440037 148.354306 241.513975 355.984550 238.403020 485.741701 275.136330 489.069525 224.162887 419.068014 197.496835 392.959285 179.747044 439.527019 246.000000 224.008928 316.404804 441.026076 175.570499 244.043029 
110.000000 2.000000 5.000000 a 325.135356 287.083612 233.077240 250.912335 142.523682 408.944984 344.802842 85.796270 213.564978 402.672323 381.848137 275.855034 286.844906 111.233988 181.466250 76.843998 340.119097 374.598452 33.541020 107.814656 389.032132 210.192769 371.529272 279.732015 261.644797 270.114790 297.069016 400.884023 293.620503 222.283603 422.612115 326.465925 393.459019 187.387299 300.374766 273.309349 338.492245 270.739727 377.001326 183.883115 406.708741 119.331471 311.416120 381.115468 366.492838 309.181177 258.814605 290.222329 372.786802 294.244796 
123.000000 9.000000 4.000000 a 407.461655 231.613903 276.920566 318.567104 446.431406 97.169954 474.085435 427.402620 356.931366 168.549696 393.153914 363.584928 266.627080 441.973981 332.174653 429.787157 265.414770 313.639921 507.469211 401.569421 245.446532 327.562208 138.751577 334.723767 352.142017 496.326505 244.663034 191.901016 336.554602 536.943200 110.476242 179.493732 258.147245 386.378053 264.054919 510.736723 296.386572 514.208129 242.915623 447.035793 213.377600 423.095734 210.280765 458.520447 265.316792 249.633732 345.023188 464.823622 196.977156 269.937030 
182.000000 9.000000 3.000000 a 260.249880 168.671278 120.507261 171.172428 116.619038 290.690557 300.665928 58.872744 126.210142 286.471639 308.131465 196.939077 176.377436 86.371292 79.378838 48.000000 235.053185 281.149426 121.210561 38.948684 282.285317 105.004762 255.000000 211.037911 199.491854 248.243832 195.133288 287.027873 205.455591 233.077240 308.690784 207.761883 288.951553 138.191896 191.211924 257.280003 240.520269 256.891027 269.453150 151.921032 295.677189 72.173402 200.661406 326.622106 262.667090 197.732142 193.126901 251.001992 258.156929 185.776748 
228.000000 7.000000 1.000000 a 457.580594 312.000000 211.896201 143.784561 302.763934 372.033601 498.014056 150.266430 321.796520 427.012880 502.896610 392.449997 346.602077 267.031833 169.118302 172.191754 408.861835 465.575987 230.586209 159.615162 449.907768 292.205407 327.006116 138.798415 117.545736 439.669194 217.589062 436.922190 396.890413 408.882624 355.820179 308.585482 459.944562 82.565126 362.215406 446.798612 422.733959 445.543488 436.491695 343.257921 453.154499 260.601228 254.017716 524.461629 436.357651 363.296023 122.065556 447.146508 408.015931 358.615393 
248.000000 6.000000 1.000000 a 225.397427 172.046505 272.330681 361.178626 332.099383 185.172892 287.141080 385.875628 236.729804 63.655322 195.880065 205.973299 154.081147 343.991279 316.659123 377.383094 106.282642 120.801490 428.805317 360.573155 60.207973 230.703273 211.009478 397.000000 405.345532 330.945615 300.946839 46.957428 177.002825 388.567883 245.307970 189.907872 65.764732 401.289173 140.513345 344.889837 124.257797 349.292141 68.154237 314.658545 34.132096 328.635056 260.317114 262.975284 87.132084 132.000000 396.227208 292.772950 75.610846 146.768525 
268.000000 6.000000 4.000000 a 215.232433 9.219544 111.503363 207.280004 214.515734 144.803315 280.087486 226.108381 126.751726 114.004386 230.867928 153.062079 50.159745 212.219226 152.427032 220.782699 99.624294 166.012048 285.819873 200.010000 131.825642 95.671312 129.282636 247.745838 251.924592 278.298401 162.413054 118.456743 134.093251 308.781476 188.162164 74.672619 143.533968 238.398826 59.774577 292.277266 125.239770 294.944062 118.600169 216.603324 132.966161 193.793705 130.291980 281.575922 123.842642 51.971146 242.711763 254.371775 89.050547 61.188234 
204.000000 8.000000 5.000000 a 39.293765 233.040769 295.025423 387.063302 154.019479 362.829161 58.872744 294.496180 127.471565 266.908224 98.127468 73.681748 177.901658 187.408644 296.096268 274.390233 167.725967 141.014184 268.793601 281.625638 200.322240 167.868997 355.275949 431.027841 425.987089 73.573093 371.247896 247.258974 96.798760 141.650980 413.052055 301.405043 193.072525 377.561915 174.183811 86.838931 138.809222 91.525953 197.091349 113.145923 233.308808 186.196133 349.206243 85.276022 174.642492 187.925517 417.851648 33.941125 235.925836 169.779268 
278.000000 7.000000 3.000000 a 328.493531 156.588633 56.885851 69.065187 217.278623 231.250946 380.118403 111.731822 193.940713 271.713084 365.202683 259.855729 195.532606 189.552104 26.172505 123.458495 257.200311 317.775078 211.627030 91.263355 295.846244 155.794737 188.321534 111.628849 104.752088 340.800528 99.704564 281.256111 257.406294 334.432355 231.672182 158.003165 306.556683 73.409809 210.845915 351.432782 274.590604 351.762704 282.462387 247.729691 297.699513 173.933895 119.436175 398.120585 284.112654 210.237960 96.767763 336.005952 252.366797 208.060087 
231.000000 4.000000 3.000000 a 136.499084 163.082801 192.041662 276.524863 64.761099 305.412835 175.276924 178.280678 34.655447 246.981781 189.306630 81.320354 127.440182 84.344532 182.693733 159.154013 161.307160 182.463695 173.118457 164.149322 209.554289 70.228199 284.880677 319.976562 312.923313 134.093251 272.662795 236.577683 101.123687 148.946299 344.354469 229.008733 210.459022 260.739333 134.833230 146.030819 150.850920 147.217526 199.612124 55.803226 234.437625 75.769387 259.123523 201.136769 183.967388 148.121572 305.221231 127.812362 213.515807 128.160056 
106.000000 1.000000 4.000000 a 372.662045 278.088116 198.153981 184.588732 201.467119 377.767124 403.936876 61.684682 243.987705 398.212255 424.348913 313.547445 295.025423 165.556637 142.863571 77.388630 354.949292 401.542028 117.239072 85.510233 401.449872 225.550438 335.871999 205.548048 185.607112 337.606280 243.905719 401.800946 324.692162 299.643121 379.722267 300.059994 408.717506 112.614386 310.233783 343.141370 361.072015 341.320963 388.414727 243.657547 412.683898 164.073154 267.649024 435.353879 382.686556 315.564573 184.491192 350.703579 372.464763 305.109816 
103.000000 1.000000 3.000000 a 434.355845 228.659135 138.235307 52.392748 337.592950 228.319951 491.073314 218.103187 305.659942 317.605101 462.871472 365.603610 281.953897 309.594897 146.123236 235.034040 337.468517 403.546775 321.572698 204.318379 365.261550 264.622372 184.954048 29.732137 50.990195 458.519356 79.649231 334.834287 357.302393 454.743884 197.496835 190.688227 378.359617 117.796435 295.210095 469.706291 361.780320 470.304157 352.777550 367.136215 356.721180 294.241397 120.673112 504.096221 361.088632 289.601450 48.010416 450.480854 309.870941 294.635368 
131.000000 4.000000 1.000000 a 160.589539 176.388775 190.538710 268.464150 40.706265 318.449368 193.600103 156.630138 55.713553 268.411997 215.113923 108.415866 147.492373 57.070132 173.401269 136.473441 186.271308 209.690248 145.825238 145.113748 234.955315 80.280757 294.679487 311.126984 302.423544 141.661569 271.919106 259.464834 128.316016 142.337627 353.803618 239.353295 236.457184 245.861750 156.540730 151.907867 177.406313 152.190670 224.588513 49.365980 258.723791 49.739320 262.469046 222.793626 209.773688 169.118302 295.169443 142.888068 235.236052 149.833241 
213.000000 5.000000 5.000000 a 231.905153 78.638413 66.483081 159.731024 159.705980 204.619158 287.503043 142.056327 102.825094 198.040400 266.092089 162.963186 99.764723 146.102704 78.873316 137.295302 162.012345 219.592805 208.062491 116.004310 204.834079 61.188234 173.415686 203.678668 201.188966 260.094214 146.167712 201.099478 158.372977 270.416346 230.841937 121.511316 213.936907 168.514094 115.412304 272.413289 176.476627 273.731620 191.481070 176.821944 212.812124 127.015747 134.406101 301.761495 189.652313 117.745488 192.509740 248.072570 171.746907 111.646764 
114.000000 2.000000 4.000000 a 233.734893 235.771075 215.406592 268.287160 50.537115 372.253946 253.160028 116.103402 133.958949 340.599472 291.336575 188.565638 219.783985 25.961510 178.058979 94.201911 265.035847 290.759351 65.802736 119.067208 314.097119 144.180443 341.591862 306.243367 292.617498 181.474516 292.959042 334.378528 209.403916 145.330657 398.301393 289.518566 316.425347 224.269927 231.041122 186.389377 258.124001 184.458667 303.151777 91.836812 336.025297 43.416587 294.823676 289.012110 289.558284 242.231294 287.179386 198.715878 308.358558 224.448212 
154.000000 9.000000 4.000000 a 119.406867 191.942700 225.055549 308.758806 64.560050 333.588069 148.404852 201.658127 62.649820 266.627080 176.785180 79.630396 150.814456 95.015788 214.441134 181.218101 174.888536 184.089652 180.277564 190.286626 221.000000 102.107786 315.069834 352.029828 344.431416 101.178061 305.655034 253.797163 105.773343 120.104121 374.574425 259.123523 219.783985 290.084470 155.724115 113.017698 158.751378 114.214710 212.473528 34.176015 248.670465 92.763139 291.624759 178.644899 194.427364 169.758652 336.882769 97.948966 233.034332 149.281613 
104.000000 6.000000 1.000000 a 119.239255 223.163617 255.440795 336.885737 70.767224 364.446155 133.206606 219.968180 94.154129 293.410975 179.201004 97.575612 180.235956 106.150836 242.002066 198.595065 198.861761 199.371513 183.575598 211.539594 242.942380 133.663757 346.538598 379.769667 371.285604 72.780492 336.340601 279.200645 126.126920 90.138782 406.036944 290.594219 240.260276 314.148054 183.983695 83.384651 179.337670 84.053554 235.467620 28.425341 272.207641 109.293184 323.024767 169.097605 216.060177 198.237232 363.991758 79.208585 259.932684 177.721693 
226.000000 1.000000 2.000000 a 159.125736 84.811556 184.859406 282.157757 221.542321 184.791775 226.294056 277.115499 125.355494 91.350972 161.789987 112.071406 43.174066 231.389282 218.929212 266.925083 24.186773 91.235958 315.805320 252.744931 63.324561 118.038129 185.456194 323.137742 326.683333 244.904063 237.356272 78.714675 84.599054 291.413795 239.301066 138.751577 72.013888 307.717403 28.160256 259.326050 53.600373 262.975284 50.219518 208.856410 78.917679 215.740585 203.105884 219.146070 49.040799 25.000000 317.491732 212.896689 57.982756 34.000000 
111.000000 7.000000 2.000000 a 109.658561 121.757957 212.407627 311.006431 196.328806 234.170878 176.819117 278.928306 105.042848 135.207248 117.643529 68.117545 65.299311 213.084490 236.782601 265.346943 36.124784 62.128898 301.059795 256.889081 79.309520 115.156415 233.002146 353.669337 354.685776 199.123078 274.448538 117.388245 38.948684 251.017928 288.001736 183.575598 78.854296 326.377083 53.450912 213.490047 20.615528 217.412051 71.344236 175.855054 108.166538 200.159936 243.515913 171.046777 52.810984 63.505905 345.648666 165.157501 103.585713 52.801515 
155.000000 5.000000 5.000000 a 349.292141 192.418814 257.528639 316.930592 403.401785 88.056800 415.380548 403.183581 310.438400 109.567331 332.280002 309.454359 217.903648 402.905696 312.358768 402.558070 208.386660 253.001976 474.658825 376.789066 184.694342 285.427749 132.574507 340.523127 355.370229 442.221664 244.000000 131.673839 281.519093 487.015400 132.003788 155.029030 196.987309 378.021163 212.981220 456.639902 238.379949 460.341178 183.095603 399.741166 152.085502 384.502276 204.533616 398.131888 205.769288 198.758648 347.328375 409.058675 140.356688 219.276082 
146.000000 3.000000 3.000000 a 143.125819 122.641755 161.372240 252.033728 99.764723 264.881105 193.868512 179.234483 8.000000 209.353768 187.109594 76.380626 88.509886 109.329776 161.901204 163.294213 129.988461 163.321768 196.063765 160.206117 179.120071 34.014703 245.153013 296.000000 291.238734 167.200478 240.074988 200.743618 84.528102 189.029098 304.658826 189.214164 182.098874 246.446749 97.575612 180.188790 126.019840 182.016483 168.023808 96.400207 201.062179 95.047357 223.163617 212.143819 155.116086 110.059075 283.007067 153.182897 176.204427 90.873539 
261.000000 9.000000 4.000000 a 287.174163 65.276336 92.439169 166.436174 268.210738 92.649879 352.069595 239.409691 190.709203 134.301899 300.273209 224.722051 122.065556 258.141434 147.139390 240.750909 163.624570 230.633909 318.692642 213.251026 183.439363 153.000000 62.433965 200.524313 209.823736 347.139741 104.737768 150.572242 206.060671 371.636920 121.708669 10.198039 197.205477 217.223387 130.249760 360.846228 192.720004 363.207929 171.679935 277.771489 172.557237 239.039746 65.604878 353.050988 183.371208 119.854078 200.830775 325.184563 125.896783 132.544332 
284.000000 5.000000 1.000000 a 316.001582 405.350466 394.001269 439.396177 190.507218 545.976190 294.137723 274.446716 283.647669 496.194518 374.488985 307.001629 376.651032 198.829072 354.203331 256.462473 406.178532 407.933818 172.386194 287.336040 451.774280 309.362247 518.046330 473.362440 456.968270 210.152326 470.714351 484.662769 335.268549 136.367151 575.657016 464.484661 449.604270 383.760342 384.131488 202.039600 388.573030 197.063442 443.639493 197.466453 479.952081 217.866932 473.440598 339.094382 425.000000 397.498428 453.017660 249.969998 462.653218 377.478476 
217.000000 5.000000 5.000000 a 158.151826 340.787324 432.134238 530.571390 340.343944 426.141995 152.190670 471.342763 289.587638 301.496269 108.245092 218.753286 285.658887 372.228424 450.818145 453.001104 234.350165 167.370846 455.774067 454.472221 225.062214 319.924991 438.288718 573.624442 573.708114 237.741456 494.171023 276.421779 215.745220 311.327802 485.674788 396.339501 210.601519 538.966604 272.836948 244.182309 206.630104 249.064249 233.205918 300.256557 251.795552 368.376166 461.286245 107.870292 216.480946 280.071419 564.783144 202.277038 285.742891 273.029302 
293.000000 2.000000 3.000000 a 172.586210 141.484982 153.941547 235.771075 73.593478 282.688875 215.647861 143.450340 40.853396 240.852652 221.226129 110.113578 119.870764 74.000000 141.650980 126.269553 167.242339 201.814271 158.455041 126.589889 216.390850 45.803930 257.660630 279.093174 271.840026 173.933895 235.187160 234.480276 122.196563 179.936100 316.622804 202.625270 220.002273 220.193097 131.217377 185.270073 164.614702 186.067192 204.882893 86.348133 236.755148 57.870545 224.848838 239.436839 193.002591 142.302495 264.170400 168.908259 208.463426 124.663547 
150.000000 2.000000 1.000000 a 238.530920 171.233758 138.437712 196.573142 90.271812 300.852123 276.327704 76.216796 107.823931 285.350661 288.534227 177.504930 170.047052 61.392182 103.160070 59.033889 225.621364 266.923210 111.825757 62.128898 273.967151 94.429868 267.660232 237.002110 225.800797 222.049544 216.171228 283.591255 188.788241 207.002415 323.210458 217.623528 279.460194 164.468842 184.024455 230.932891 227.774011 230.495119 261.553054 125.574679 290.062062 46.000000 218.082553 303.712035 252.723169 192.210822 219.328521 225.878286 255.409475 178.101095 
135.000000 8.000000 2.000000 a 320.825498 98.249682 89.470666 142.874070 288.646843 92.574294 385.046750 240.651200 217.862342 164.149322 335.431066 257.048634 155.929471 274.803566 144.180443 245.203997 199.090432 266.101484 327.665988 215.448370 218.000000 178.058979 50.159745 172.626765 184.228119 376.175491 74.431176 182.433550 239.676866 396.307961 102.552426 38.600518 231.931024 202.009901 164.939383 389.610061 228.063588 391.716734 206.494552 302.153934 205.372832 255.800704 33.015148 387.371914 218.689277 154.987096 175.570499 356.141826 159.298462 166.883193 
190.000000 3.000000 4.000000 a 221.063339 102.142058 88.684835 173.761331 131.518060 233.173755 272.472017 124.310096 86.162637 218.552053 260.679880 152.820156 109.881755 117.034183 83.354664 116.038787 170.461139 222.283603 181.176709 99.689518 216.342321 49.040799 202.474690 217.623528 212.461761 238.302329 170.000000 219.002283 153.443801 244.008197 259.878818 150.233152 223.946422 170.082333 125.159898 250.031998 179.980555 251.001992 203.273215 151.251446 228.162223 97.948966 161.771444 290.511618 198.305320 130.541181 204.266982 229.732453 190.094713 120.208153 
127.000000 7.000000 5.000000 a 297.405447 227.495055 170.205758 196.173393 127.027556 346.192143 328.402192 31.144823 171.618764 345.210081 350.035712 239.827021 233.308808 90.972523 119.503138 14.142136 290.203377 331.724283 74.431176 46.227697 338.255820 158.977986 308.566038 229.532133 213.581366 263.948859 236.357780 345.283941 252.926867 232.002155 359.802724 263.941281 344.106088 141.693331 247.729691 270.312782 292.769534 268.828942 325.676220 168.807583 353.141615 88.391176 248.927700 359.680414 317.455509 255.096060 209.308385 275.408787 316.570687 242.002066 
122.000000 2.000000 4.000000 a 332.794231 118.338498 52.839379 91.181138 269.551479 144.585615 393.448853 197.625909 214.058403 209.914268 356.001404 265.377090 173.726797 249.996000 100.424101 205.372832 226.883230 293.436535 291.413795 174.002874 254.017716 172.104619 100.284595 125.207827 134.182711 372.839107 35.735137 225.417391 253.160028 383.015665 142.393820 83.671979 267.074896 149.120756 186.043006 385.415360 252.356890 386.870779 241.497412 289.927577 246.473122 231.691605 30.016662 401.696403 250.000000 179.387848 125.219807 358.273638 199.481829 186.131674 
229.000000 6.000000 1.000000 a 117.545736 200.830775 234.104677 317.290088 65.795137 342.312723 142.635900 207.424685 71.693793 273.775455 175.960223 83.198558 158.902486 98.229324 222.800359 186.678869 180.966848 187.259179 181.617730 196.880675 226.433213 111.323852 324.098750 360.471913 352.647132 92.347171 314.769757 260.449611 110.385687 111.606451 383.600052 268.152941 224.722051 297.543274 163.355441 104.000000 163.624570 105.118980 218.256730 30.149627 254.672339 97.621719 300.842151 174.450566 199.722307 177.485211 345.162281 91.065910 240.208243 156.977705 
144.000000 5.000000 2.000000 a 310.692774 413.069001 406.971743 456.021929 198.312884 554.578218 284.253408 292.318320 288.736904 499.873984 368.110038 306.804498 381.561266 210.304541 369.102967 273.642102 407.825943 405.744994 191.509791 303.942429 452.359370 316.862746 528.076699 490.918527 474.978947 202.091563 484.789645 487.312015 335.529432 129.757466 586.209860 473.874456 449.449663 402.244950 388.208707 192.751135 388.672098 187.683244 444.788714 200.419560 481.415621 229.104780 485.856975 329.256739 425.471503 401.868138 470.763210 242.837394 466.275670 381.618920 
201.000000 4.000000 1.000000 a 467.110265 323.857994 223.946422 155.544206 310.061284 384.063797 506.637938 157.784663 331.633834 439.071748 513.007797 402.374204 357.967876 274.186068 180.679274 179.493732 420.233269 476.555348 234.269076 168.514094 461.524647 302.687958 339.023598 149.120756 128.082005 447.089477 229.427548 448.879717 407.295961 414.705920 367.418018 320.750682 471.475344 94.641429 373.593362 453.943829 433.778745 452.580380 448.108246 350.910245 465.004301 268.404545 266.046988 533.666563 447.772264 374.833296 132.966161 455.411901 419.944044 369.925668 
202.000000 1.000000 1.000000 a 195.726850 124.390514 226.417755 318.642433 283.825651 169.499263 261.191501 335.161155 187.840358 46.529560 178.868667 164.541788 103.121288 294.205710 268.268522 326.442951 60.802960 99.247166 378.318649 309.996774 32.000000 179.902752 185.407659 356.454766 363.207929 294.496180 263.058929 22.847319 135.369864 347.332694 229.296751 153.525242 46.173586 354.383973 89.805345 308.765283 86.214848 312.860991 28.635642 268.955387 17.262677 278.485188 223.986607 243.961062 51.429563 81.000000 354.012712 258.644544 32.802439 96.176920 
112.000000 6.000000 2.000000 a 125.801431 169.805771 203.002463 288.312331 68.117545 311.777164 163.266653 189.509894 40.311289 248.809164 179.780422 73.979727 130.862523 91.760558 194.640695 170.082333 160.256045 177.011299 180.055547 175.855054 207.781135 79.309520 292.576486 331.820735 324.895368 123.000000 283.346078 237.286746 96.187317 141.834410 352.082377 236.636853 207.858125 272.809457 137.003650 135.236829 147.492373 136.619911 198.385987 50.990195 233.856794 85.000000 268.881015 189.636494 181.730570 150.711645 317.165572 115.767007 215.232433 130.418557 
144.000000 5.000000 5.000000 a 324.918451 139.283883 36.715120 66.708320 227.705951 206.118898 379.486495 134.714513 193.403723 251.085643 358.101941 255.978515 183.152942 202.607996 39.962482 144.589073 243.655494 306.315197 232.245560 112.538882 279.866039 153.101274 163.049072 110.693270 108.724422 345.579224 77.801028 261.963738 250.730931 344.448835 206.707523 134.182711 291.219848 93.621579 198.010101 356.876729 263.286916 357.559785 266.580194 255.049015 279.544272 185.809042 94.366308 394.770820 269.903687 195.897933 99.859902 337.763231 233.497323 195.900485 
107.000000 1.000000 2.000000 a 52.773099 216.020832 273.607383 364.671085 132.412235 349.262079 81.859636 271.029519 105.080921 259.200694 112.871608 59.093147 162.640708 165.024241 273.162955 251.023903 160.078106 143.108351 247.872951 258.031006 197.083739 146.112970 339.390630 408.590259 403.209623 75.166482 350.750624 241.014522 85.982556 134.736780 397.775062 284.787640 191.400104 354.132743 160.626897 89.498603 133.660016 93.509358 192.338244 92.698436 229.172424 163.131849 330.006061 108.300508 170.590152 174.771279 395.141747 44.147480 227.178344 155.666310 
282.000000 5.000000 1.000000 a 401.061093 191.128229 106.367288 49.396356 315.981012 192.574661 459.464906 210.508907 275.632001 278.600072 427.299661 332.687541 245.546330 290.558084 126.241831 224.757647 299.816611 366.230802 312.832223 192.823754 326.620575 233.944438 148.367786 59.908263 76.059187 431.375706 40.607881 295.785395 322.800248 432.639573 167.361883 151.647618 339.824955 124.342270 258.367955 443.112852 324.853813 444.028152 314.224442 342.584296 317.718429 273.994525 81.835200 470.550741 323.001548 252.178508 69.065187 420.877654 270.896659 258.118190 
294.000000 5.000000 2.000000 a 68.007353 214.478437 304.271261 402.717022 237.892833 314.025477 119.603512 352.455671 169.097605 197.101497 28.284271 100.319490 158.316139 264.750826 324.163539 335.775222 112.147225 51.419841 352.676906 333.430652 119.641130 194.825563 319.640423 445.764512 445.926003 179.627392 367.458841 173.170436 90.138782 248.760929 371.344853 273.590936 107.563934 412.972154 146.154028 191.880171 81.492331 196.824795 122.808794 203.796467 152.433592 257.029181 335.934517 94.154129 101.493842 154.638288 436.981693 138.293167 173.487752 145.835524 
150.000000 5.000000 4.000000 a 328.791727 139.269523 36.878178 63.134776 234.269076 201.069640 384.002604 141.675686 198.153981 249.303028 361.038779 259.855729 184.783657 209.480309 47.169906 151.743204 244.761108 308.021103 239.436839 119.670381 280.044639 157.492857 157.648343 106.887792 106.212052 351.199374 70.604532 260.800690 253.901556 350.897421 200.369658 130.648383 291.624759 96.337947 199.449242 362.608604 265.096209 363.352446 266.812668 261.155126 278.856594 192.574661 88.141931 398.647714 270.739727 196.824795 97.200823 342.811902 232.561820 197.567710 
167.000000 8.000000 4.000000 a 81.320354 289.359638 371.721670 468.773933 260.224903 395.153135 74.330344 395.733496 217.412051 278.001799 53.084838 147.871566 231.728289 292.911249 383.854139 376.591290 192.210822 132.370692 375.229263 380.433963 200.039996 251.835264 399.449621 512.534877 510.529137 158.316139 440.218128 253.775491 152.200526 232.310138 452.089593 351.650395 187.243157 470.000000 221.488149 166.012048 160.527256 171.026314 203.931361 219.583697 232.107734 290.203377 411.166633 29.614186 182.792232 231.657074 501.865520 121.396046 254.786185 219.986363 
136.000000 3.000000 5.000000 a 267.151642 329.195990 315.572496 363.785651 115.965512 468.837925 260.722074 201.400099 211.653018 424.841147 327.299557 245.024489 304.067427 120.615090 276.682128 182.010989 338.895264 348.919762 104.479663 211.813597 386.182599 233.824721 440.069313 399.275594 383.813757 175.513532 392.684352 415.033734 271.713084 107.186753 497.443464 386.896627 385.550256 311.841306 312.771482 172.409396 324.607455 168.252786 377.000000 131.939380 412.462119 139.703257 394.954428 303.898009 359.869421 325.591769 379.317809 209.461214 391.541824 306.066986 
266.000000 3.000000 4.000000 a 311.122163 104.062481 26.400758 94.810337 242.637590 158.619040 370.482118 175.445148 189.066126 207.337888 337.241753 243.022633 156.064089 223.188261 78.294317 181.639753 212.558227 278.064741 266.602701 150.903943 243.741667 147.054412 116.456000 134.469327 139.463257 347.324056 59.008474 220.290717 232.561820 356.294822 164.258942 86.579443 256.113256 140.292551 169.460910 359.736014 236.027541 361.087247 230.794281 263.387547 239.633053 204.831638 53.814496 380.479960 237.118114 164.453641 130.249760 333.863745 192.815974 168.760185 
127.000000 3.000000 4.000000 a 134.033578 270.416346 366.956401 465.429909 311.905434 346.346647 163.232962 425.935441 242.886805 221.045244 74.027022 174.928557 218.686991 339.330223 392.104578 409.718196 161.755989 95.603347 427.056202 406.192073 145.773797 265.858985 360.513523 507.466255 509.472276 239.269722 423.275324 196.010204 162.409975 311.977563 406.208075 321.278695 131.217377 481.582807 204.443146 249.595673 138.293167 254.691971 154.951605 276.523055 171.172428 331.698658 388.355507 122.298814 140.459959 209.411079 500.372861 198.436388 207.002415 205.883462 
166.000000 4.000000 5.000000 a 167.597733 143.544418 158.710428 241.049787 71.449283 285.156098 210.297408 148.003378 37.363083 240.950202 216.688717 105.688221 119.774789 74.464757 146.996599 130.510536 165.592874 198.640379 160.153052 131.521861 214.755675 47.423623 260.768096 284.401125 277.200289 168.760185 239.883305 234.029913 118.595953 175.840837 319.845275 205.548048 218.036694 225.539354 130.648383 180.177690 162.003086 181.024860 203.420746 82.006097 235.732900 59.211485 229.019650 234.266942 191.041880 142.088001 269.519944 163.526756 208.355465 124.040316 
128.000000 8.000000 2.000000 a 201.109423 226.152603 221.000000 284.191837 18.248288 366.324992 219.592805 142.677959 111.946416 323.797776 259.326050 159.380049 202.588252 27.073973 190.703959 120.552893 242.538657 263.001901 98.086696 140.890028 291.121968 130.801376 338.904116 324.154284 312.102547 149.264865 301.091348 315.496434 182.134566 120.598507 397.020151 284.945609 292.308057 246.941289 212.322867 155.048380 232.690782 153.473125 280.862956 58.249464 315.039680 42.449971 298.318622 255.477983 265.746119 224.555116 306.001634 165.193826 290.826409 205.625874 
162.000000 4.000000 5.000000 a 247.509596 147.488983 242.720003 326.914362 330.637263 141.767415 312.296334 367.005450 234.401365 27.658633 226.419964 216.540989 144.201248 338.054729 290.688837 360.733974 112.538882 147.627911 419.372150 341.013196 79.624117 220.755521 169.008876 360.843456 370.475370 346.969739 263.491935 31.400637 187.448660 398.963657 201.853908 152.977122 91.082380 372.021505 133.540256 361.247837 138.683092 365.329988 80.448741 318.529433 46.238512 321.362723 222.265607 292.720003 103.174609 121.757957 361.470607 311.102877 55.785303 140.235516 
127.000000 3.000000 4.000000 a 309.903211 109.123783 16.492423 89.095454 234.029913 171.478862 368.024456 162.603813 184.783657 216.536371 338.178947 241.373155 158.445574 213.377600 65.368188 169.144908 216.601016 281.277443 254.562370 138.220838 249.721845 142.898565 129.448832 130.602450 133.689940 342.013158 64.938432 228.527898 232.417727 348.610097 176.963273 98.127468 261.726957 129.247824 172.429696 354.170863 238.805360 355.360380 236.619948 256.300605 247.129521 195.256242 65.795137 379.526020 241.834654 168.439900 124.482931 329.969696 200.571683 171.233758 
232.000000 5.000000 5.000000 a 358.912246 136.623570 102.303470 124.000000 314.992063 106.887792 422.473668 248.600080 250.888421 199.404112 374.770596 294.137723 194.486503 297.724705 151.489274 256.444926 238.650372 305.655034 342.251370 225.088871 256.743062 209.880919 62.361847 145.880088 160.639348 410.025609 50.009999 219.100434 277.848880 425.973004 92.703829 77.414469 270.800665 192.002604 204.024508 423.170179 267.555602 425.032940 245.464865 332.054212 242.695282 279.078842 22.203603 425.988263 258.089132 194.365635 152.741612 391.798418 197.273921 205.730406 
297.000000 4.000000 4.000000 a 65.276336 287.841971 359.601168 453.842484 221.632579 406.752996 23.000000 364.819133 195.432853 297.598723 80.721744 132.438665 230.312831 256.087876 364.485939 344.570747 203.383874 154.738489 334.324692 352.051133 222.463480 234.164472 405.356633 497.853392 493.763101 108.342051 433.102759 274.838134 146.413797 181.994505 460.917563 354.050844 211.532503 447.269494 223.008968 115.108644 171.268795 120.066648 223.432316 179.613474 255.906233 255.976561 407.862722 22.022716 200.860648 235.212670 485.449276 74.732858 270.484750 220.036361 
255.000000 6.000000 2.000000 a 186.601179 84.380092 186.986631 281.300551 249.146543 159.452187 253.728201 293.537050 152.947703 61.220911 183.043711 142.411376 63.348244 256.815109 227.105702 285.142070 44.721360 106.887792 339.284541 268.292751 57.280014 140.427917 165.326949 320.451244 325.983128 275.181758 229.889104 51.662365 114.586212 321.771658 216.148097 124.326184 70.292247 313.944263 52.000000 289.601450 76.941536 293.293368 44.687806 238.314918 59.033889 240.401747 192.761511 243.614449 56.920998 40.792156 316.764897 242.627286 27.658633 58.694122 
288.000000 2.000000 1.000000 a 250.008000 114.280357 205.679362 288.461436 310.757140 111.126055 316.622804 334.723767 215.501740 15.231546 238.052515 209.200860 122.641755 314.658545 255.015686 329.815100 108.240473 158.533908 392.828207 308.468799 92.005435 196.173393 133.135270 322.256109 331.941260 341.884483 224.964442 39.812058 181.135309 388.207419 171.452617 114.389685 106.042444 334.773057 115.256236 356.299032 138.924440 360.034721 86.977008 303.133634 65.000000 297.154842 183.806964 302.218464 108.683025 101.607086 322.948912 308.700502 39.962482 121.823643 
233.000000 7.000000 1.000000 a 377.637392 157.003185 104.278473 103.247276 321.409396 132.003788 440.009091 241.979338 263.918548 226.313941 396.289036 311.546144 214.646221 301.469733 146.754898 251.984126 261.858741 328.975683 339.299278 220.002273 282.065595 222.193609 88.391176 120.619236 136.619911 423.089825 31.764760 245.660335 296.951174 434.760854 109.041277 102.649890 295.974661 174.874241 225.197691 435.877276 289.913780 437.471142 270.512477 341.502562 269.007435 283.289604 35.171011 445.576032 282.294173 216.411645 129.189783 407.011056 223.215143 226.373585 
107.000000 2.000000 4.000000 a 201.613492 317.370446 330.260503 396.729127 112.791844 459.761895 183.002732 248.917657 188.661072 394.613735 260.101903 197.739728 279.415461 139.291062 303.065999 227.125516 300.166620 295.629836 170.417135 251.286689 343.512736 222.611770 437.864134 436.505441 424.010613 97.514102 411.262690 380.600841 226.737734 24.351591 497.131773 382.273462 340.066170 357.022408 284.344861 91.678787 279.578254 87.091905 336.471396 98.600203 373.321577 154.573607 405.009876 227.490659 316.588060 298.429221 418.119600 136.058811 361.083093 277.937043 
275.000000 4.000000 4.000000 a 113.053085 113.863954 183.698122 280.472815 144.100659 248.169297 174.484956 228.554151 51.009803 171.478862 145.244621 46.043458 60.926185 159.201131 197.570241 213.740497 81.908486 111.946416 247.032387 207.884583 130.268953 67.475922 237.002110 324.237567 322.418982 172.307864 255.440795 158.808060 37.536649 212.249853 295.480964 182.482876 131.855982 285.842614 62.008064 186.552942 74.330344 189.620674 120.208153 128.471787 155.241747 146.123236 230.867928 182.463695 105.076163 76.400262 313.695712 146.536685 137.905765 56.035703 
129.000000 2.000000 3.000000 a 44.598206 259.115804 337.853519 434.259139 224.537302 371.946233 56.859476 358.938713 181.024860 259.763354 41.036569 112.160599 201.246118 256.743062 348.209707 339.824955 167.967259 115.550855 339.948526 343.680084 183.657290 216.261416 373.065678 478.131781 475.590160 131.855982 408.129881 236.541751 119.251834 205.411782 427.379223 323.394496 172.307864 433.850205 192.262841 141.598023 135.723985 146.696967 185.348321 184.491192 216.923950 253.653307 380.504928 31.064449 163.049072 203.482186 467.004283 92.005435 233.773395 190.073670 
196.000000 8.000000 1.000000 a 421.432082 224.715376 250.217905 278.346906 437.891539 82.377181 488.611297 401.254283 353.909593 190.213038 414.403185 370.850374 268.778719 429.219058 304.236750 406.109591 279.658721 335.049250 487.800164 376.268521 268.477187 320.220237 111.606451 290.110324 308.648668 501.908358 205.679362 215.113923 345.758586 535.955222 66.098411 162.659153 282.255204 349.267806 269.312087 516.178264 311.732257 519.247532 263.491935 443.541430 239.002092 410.124371 176.232801 477.624329 284.684035 255.156815 302.120837 473.524023 213.063371 274.448538 
243.000000 3.000000 1.000000 a 115.485930 127.440182 182.879742 276.696585 116.914499 266.593323 170.519794 209.401528 26.570661 197.040605 157.136883 47.201695 81.215762 133.000000 189.002645 193.196791 109.110036 134.937022 221.325552 190.420587 157.410292 57.245087 251.718096 320.702354 317.089893 155.647037 258.862898 185.321343 54.781384 189.129585 310.909955 196.163197 158.675770 275.045451 85.702975 169.499263 100.005000 172.069753 147.410990 102.415819 182.362277 120.813906 238.075618 185.151289 132.018938 99.724621 308.650288 135.133268 163.444180 79.246451 
262.000000 6.000000 2.000000 a 229.264040 260.664535 247.487373 302.019867 52.952809 399.621071 239.774894 147.763324 148.327341 360.069438 288.646843 193.010362 238.832577 51.224994 211.558503 126.253713 278.729259 297.242325 76.419893 152.397507 327.189548 166.138496 370.644034 339.860265 326.038341 162.114157 325.829710 351.893450 216.923950 116.468880 428.077096 317.529526 328.105166 257.031127 248.696602 164.878743 268.152941 162.274459 317.056777 84.403791 351.370175 70.292247 326.381678 278.614429 301.652118 260.863949 320.702354 185.218790 327.152869 242.002066 
204.000000 6.000000 2.000000 a 13.341664 209.403916 282.888671 378.549865 175.840837 331.688107 79.246451 303.832191 124.470880 229.473310 65.520989 55.901699 152.029602 205.766858 291.727613 285.222720 131.308796 99.201814 291.677905 287.835022 160.078106 159.881206 328.032011 422.493787 419.515196 115.433964 355.078864 208.722304 68.029405 181.837840 384.398231 276.016304 152.108514 377.238651 145.416643 128.705089 100.647901 133.405397 157.813181 138.852440 193.403723 200.830775 329.370612 83.006024 135.092561 158.145503 410.991484 75.432089 199.722307 142.088001 
229.000000 1.000000 3.000000 a 141.286942 262.651861 289.637705 366.546041 84.758480 404.223948 136.058811 236.883938 133.270402 332.640948 201.039797 133.988806 220.229426 120.016666 271.361383 214.848784 237.002110 231.976292 182.701943 232.475805 279.737377 171.470114 385.612500 408.589036 398.674052 55.865911 370.951479 317.819131 163.082801 50.249378 445.117962 329.674081 276.139458 337.616647 223.807953 60.207973 215.745220 58.591808 272.919402 50.039984 309.840281 128.844868 359.701265 177.724506 252.812183 238.096619 391.829044 82.861330 299.247389 217.589062 
214.000000 4.000000 3.000000 a 267.977611 51.613952 57.723479 147.898614 228.862404 135.369864 330.275642 198.080792 157.927198 157.492857 289.131458 201.804361 106.775465 216.836344 109.018347 198.539669 160.424437 226.638479 275.974637 171.746907 190.591186 117.643529 102.649890 187.395304 192.574661 316.810669 102.552426 168.620877 187.536663 335.769266 160.424437 52.354560 203.000000 186.967912 118.962179 330.068175 185.321343 332.037648 177.654158 241.615397 187.106921 197.739728 75.106591 336.243959 184.390889 112.605506 183.357574 298.429221 140.545366 119.100798 
117.000000 9.000000 2.000000 a 299.081929 90.609050 27.313001 108.074049 236.617835 152.738338 359.048743 178.443268 179.044687 195.166596 324.353203 231.250946 142.888068 218.833270 82.540899 183.051905 199.123078 264.697941 266.413213 153.182897 230.384461 137.091211 112.254176 147.922277 152.751432 337.853519 69.720872 207.588535 220.109064 349.040112 163.248277 77.000000 242.711763 150.814456 156.160174 350.463978 222.733024 351.950281 217.414351 255.632549 226.638479 200.192407 56.824291 368.285216 223.664928 151.029798 143.533968 323.348110 179.902752 155.553849 
130.000000 3.000000 2.000000 a 177.011299 275.856847 289.870661 359.356369 73.437048 418.265466 171.956390 218.130695 147.512711 355.647297 237.018987 162.560758 239.018828 103.696673 264.915081 196.022958 262.908729 263.882550 152.397507 217.517815 307.694654 180.944743 396.186825 400.000000 388.417301 88.836929 371.079506 342.546347 190.979056 44.045431 455.456913 340.602408 305.221231 323.579975 244.591496 89.375612 244.247825 86.313383 299.933326 57.384667 336.514487 117.004273 363.881849 214.170493 280.850494 258.520792 382.158344 119.369175 322.055896 238.096619 
286.000000 7.000000 5.000000 a 292.535468 257.769277 211.690812 241.754007 111.018017 383.835902 314.587031 75.584390 179.888855 371.710909 348.772132 242.260191 254.656632 78.262379 163.376865 59.169249 307.006515 340.872410 29.206164 91.268834 356.005618 177.721693 348.051720 274.532330 258.062008 242.528349 280.834471 369.120577 259.886514 200.449495 401.014962 300.815558 360.199944 185.148589 267.904834 246.811669 304.901623 244.609894 344.093011 153.052279 374.285987 85.615419 291.358885 349.812807 333.216146 277.093847 254.120050 260.209531 341.315104 261.690657 
131.000000 5.000000 4.000000 a 221.000000 359.990278 377.058351 444.086703 159.878079 502.063741 188.066478 294.742260 230.551513 430.656476 275.855034 229.956518 318.910646 186.603858 350.442577 273.146481 333.863745 321.502722 211.028434 298.060397 374.606460 266.557686 481.823619 483.754070 471.085979 109.444050 458.189917 415.061441 259.146677 48.600412 541.243938 426.018779 369.737745 403.546775 322.479457 98.234414 310.601030 93.145048 368.730254 141.777995 405.743762 201.950489 451.100876 232.948492 347.800230 336.786282 465.275187 150.880748 397.394011 316.284682 
275.000000 2.000000 5.000000 a 226.737734 274.972726 266.101484 322.024844 61.773781 415.086738 231.672182 167.505224 157.876534 370.882731 286.714143 196.237101 249.929990 68.963759 231.224999 146.123236 286.513525 300.707499 90.000000 172.490579 334.378528 179.449157 387.191167 359.951386 346.134367 151.013244 344.942024 361.581250 221.639347 99.362971 445.028089 333.516117 334.462255 277.007220 258.940148 152.305614 273.879536 149.281613 324.766070 84.000000 359.784658 87.664132 344.576552 272.077195 308.379636 271.591605 340.801995 177.611937 337.675880 252.232036 
118.000000 9.000000 2.000000 a 357.833760 314.440773 253.410734 259.717154 174.942848 431.705918 376.293768 102.396289 245.967478 431.477694 414.692657 308.716699 317.190794 144.100659 199.719804 99.624294 371.538692 407.138797 61.619802 127.475488 420.304651 241.008299 392.825661 284.344861 264.967923 300.146631 311.948714 430.592615 326.271359 248.805145 441.860838 350.077134 425.059996 191.049732 331.024168 302.641702 370.665618 299.843292 408.122531 215.928229 437.193321 152.085502 329.778714 413.188819 398.131888 339.377371 263.250831 321.659758 402.198956 325.001538 
170.000000 9.000000 5.000000 a 114.756263 117.392504 209.009569 307.605267 198.285148 229.072041 181.914815 278.095307 106.018866 130.602450 122.122889 72.180330 61.400326 214.282524 234.307490 264.841462 31.827661 64.202804 302.001656 255.785066 76.550637 114.232220 228.008772 350.142828 351.391520 203.656574 270.296134 113.145923 43.139309 254.880364 282.936389 178.756818 76.941536 323.938266 49.040799 218.036694 21.470911 221.923410 68.000000 178.709261 104.623133 201.022387 239.069028 176.025566 50.447993 58.694122 342.334632 169.955877 98.792712 48.764741 
202.000000 6.000000 1.000000 a 200.422055 278.454664 282.540263 346.203697 65.764732 420.475921 198.929636 198.295234 153.525242 365.547535 260.622332 179.120071 246.454864 88.684835 253.033595 176.400113 275.943835 282.446455 126.210142 200.249844 322.232835 182.332115 395.800455 385.686401 373.033511 116.284135 363.034434 354.005650 206.516343 64.078077 454.604223 340.846006 320.814588 306.022875 253.552756 116.661905 259.724854 113.454837 313.665427 67.119297 349.731325 104.785495 358.853731 240.651200 295.629836 267.029961 367.196133 145.784087 331.990964 246.916990 
274.000000 2.000000 2.000000 a 246.981781 251.435877 227.437904 275.771645 63.890531 387.056843 263.427409 118.152444 150.336290 356.976190 305.163890 203.796467 236.222353 42.449971 187.640614 97.005155 281.460477 306.471858 52.325902 124.615408 330.504160 160.461833 355.681037 312.526799 298.062074 188.904738 303.764712 350.851821 225.179928 146.700375 411.946598 304.139771 332.741642 228.054818 247.523736 192.720004 274.262648 190.412710 319.595056 103.353761 352.512411 59.506302 307.247457 300.466304 305.895407 258.681271 293.025596 208.806130 324.784544 240.933601 
141.000000 7.000000 2.000000 a 186.386695 289.233470 301.920519 369.845914 84.723078 431.644530 177.115781 225.610283 160.962729 368.895649 246.099573 174.897113 252.446034 113.039816 275.748073 203.592731 275.811530 275.443279 154.615653 226.276380 320.295176 194.195778 409.371469 410.098769 398.101746 92.309263 383.015665 355.630426 203.494472 35.735137 468.606445 353.831881 317.592506 332.296554 257.945731 90.735880 256.702162 87.091905 312.693140 70.837843 349.343670 127.393092 376.426620 220.227155 293.421199 271.897039 392.005102 125.936492 335.310304 251.461727 
260.000000 3.000000 3.000000 a 349.585469 151.029798 189.763010 238.537209 365.261550 9.848858 416.739727 340.085283 279.866039 127.882759 346.417378 297.168302 194.589311 358.268056 245.081619 342.566782 209.021530 268.001866 421.070065 314.249901 203.982842 246.985830 54.009258 260.317114 275.697298 427.790837 164.878743 152.777616 272.624284 461.814898 60.415230 92.913939 218.323155 302.874561 195.576072 442.037329 241.267486 445.067411 197.162370 369.670123 177.890416 339.241802 127.015747 407.953429 217.020736 181.554400 267.854438 399.932494 145.000000 200.551739 
203.000000 8.000000 4.000000 a 342.235299 292.432898 231.708869 241.447717 160.589539 409.726738 363.732044 81.024688 226.808289 409.708433 398.246155 290.998282 296.027026 127.941393 178.353581 77.491935 351.039884 388.108232 54.120237 105.678759 399.662357 220.184014 371.033691 267.944024 249.146543 289.968964 291.605898 409.101454 307.585760 242.853866 420.462840 328.006098 404.694947 174.865663 310.014516 293.410975 350.994302 290.908920 387.373205 202.408004 416.043267 134.134261 308.525526 399.405809 377.816093 318.127333 246.894714 309.232922 380.612664 304.059205 
261.000000 9.000000 3.000000 a 147.556769 174.805606 196.022958 276.761630 48.507731 317.200252 181.463495 169.177422 49.091751 262.230814 202.158354 96.104110 142.056327 69.375788 182.016483 149.214611 177.485211 198.252364 157.876534 156.984076 225.800797 79.755878 295.083039 319.765539 311.669697 132.672529 277.218326 252.285552 117.017093 139.463257 354.430529 239.415956 226.737734 256.581371 150.083310 143.589693 167.083811 144.222051 215.800834 45.310043 250.503493 62.769419 265.932322 210.021427 200.242353 163.134913 304.244967 131.487642 228.844926 143.387587 
125.000000 2.000000 4.000000 a 289.006920 163.416645 248.581978 324.168166 361.437408 116.180893 354.216036 383.307970 265.849582 53.263496 268.793601 254.750859 173.280120 365.728041 300.239904 379.269034 151.211772 189.973682 443.681192 356.922961 121.852370 247.250885 151.604749 354.383973 366.191207 386.419461 255.906233 70.724819 225.966812 435.908247 173.623155 150.153255 133.461605 376.196757 165.024241 400.769260 179.178682 404.724598 121.803120 352.614520 88.600226 348.232681 214.350181 335.089540 144.627107 151.792622 357.475873 351.432782 86.833173 171.679935 
157.000000 4.000000 4.000000 a 380.118403 167.074834 89.050547 62.801274 304.164429 169.673215 439.713543 209.880919 257.629579 253.001976 404.555311 312.181037 222.380305 280.813105 119.000000 222.036033 275.495916 342.141783 310.161248 189.834138 301.424949 215.671046 124.951991 83.934498 97.862148 415.004819 15.000000 270.186972 301.051491 419.934519 149.459024 126.035709 314.720511 135.192455 234.797785 427.117080 301.121238 428.262770 289.110705 328.444820 292.179739 263.501423 56.435804 449.321711 298.291803 228.109623 89.944427 402.703365 245.391524 234.829726 
284.000000 2.000000 2.000000 a 338.001479 122.429572 140.943251 188.066478 329.819648 42.000000 404.293210 292.035957 250.954179 143.961800 343.685903 279.270478 174.951422 319.250685 195.923454 295.846244 204.188638 268.693134 376.808970 266.593323 211.286535 214.217180 4.242641 211.966979 226.366959 405.405969 114.934764 166.481230 257.870122 432.539016 61.098281 54.589376 225.818511 251.718096 179.902752 419.325649 235.688354 421.905203 201.816749 338.881985 191.426226 300.146631 76.026311 401.004988 218.341476 167.299133 218.277347 381.293850 149.939988 183.575598 
203.000000 1.000000 4.000000 a 122.024588 160.206117 258.816537 356.785650 248.973894 244.247825 184.878338 335.335653 160.900590 125.514939 99.824847 111.126055 111.395691 268.119376 288.646843 322.024844 51.400389 20.223748 356.561355 312.923313 48.466483 171.470114 253.268632 398.197187 401.154584 228.650388 312.699536 101.651365 84.852814 289.546197 302.592135 211.322029 38.013156 378.207615 96.260064 242.390181 36.138622 246.910915 51.351728 224.116041 81.859636 255.947260 277.771489 165.075740 31.400637 99.488693 391.992347 189.763010 103.019416 98.858485 
170.000000 5.000000 1.000000 a 436.084854 243.248844 144.201248 45.607017 322.620520 263.030416 489.232051 190.876924 302.907577 342.312723 469.473109 367.179792 292.357658 292.000000 135.340312 209.847564 351.069794 415.481648 293.502981 181.220860 383.172285 263.685419 218.524598 13.000000 9.219544 449.694341 107.837841 357.531817 362.215406 439.223178 237.002110 215.724361 395.551514 83.192548 306.649637 460.009783 372.786802 460.153235 370.239112 355.533402 378.001323 278.303791 149.120756 505.903153 376.204731 302.909227 13.038405 445.486251 331.006042 305.163890 
194.000000 6.000000 1.000000 a 270.702789 109.416635 191.269443 268.704298 316.660702 83.432608 337.736584 327.536258 223.331592 43.081318 262.497619 225.177708 130.831953 317.417706 243.074063 324.422564 128.390031 183.393021 392.012755 301.086366 118.342723 199.288735 106.212052 300.647634 311.430570 357.962289 202.556165 67.446275 198.176689 400.465979 143.680200 93.984041 132.638607 319.081494 126.506917 372.377497 160.162418 375.889611 112.040171 312.656361 92.720009 299.294170 161.037263 325.576412 132.740348 112.160599 302.575610 326.496554 61.000000 132.653684 
107.000000 2.000000 1.000000 a 114.621115 153.394915 250.571347 348.826604 237.023206 244.002049 178.941331 324.089494 148.973152 128.444541 98.249682 99.624294 102.532922 256.124969 279.007168 310.567223 45.188494 21.931712 344.580905 301.875802 54.083269 160.256045 250.888421 390.590578 393.055976 219.328521 306.497961 105.475116 72.993150 279.078842 301.599072 207.135222 46.010868 368.631252 87.783825 233.205918 24.698178 237.648901 54.083269 212.461761 87.664132 243.993852 272.405947 161.771444 31.780497 92.357999 383.919262 181.024860 103.484298 89.827613 
298.000000 5.000000 3.000000 a 400.632001 197.570241 104.546640 26.907248 305.286750 212.426458 457.138929 192.130164 271.707563 292.071909 429.884868 331.832789 249.649755 278.172608 113.863954 207.576492 306.271122 371.877668 295.194851 176.082367 335.876465 230.672929 167.693172 42.720019 55.108983 424.887044 56.612719 308.001623 323.932092 422.370690 189.952626 165.157501 348.661727 101.513546 263.229938 436.175423 329.778714 436.835209 323.167139 334.005988 329.072940 262.345192 97.862148 470.406207 330.493570 258.213090 47.265209 416.559720 282.072686 262.390930 
157.000000 4.000000 3.000000 a 294.703241 110.679718 177.138364 246.738728 324.548918 52.469038 361.889486 320.390387 234.437625 74.846510 290.387672 244.730464 144.779142 321.794966 231.147139 319.405698 153.394915 212.002358 391.775446 293.954078 148.637142 205.761998 75.690158 276.175669 288.272441 376.649705 177.687929 98.979796 219.125535 414.802363 112.294256 75.106591 163.085867 301.809543 143.589693 391.000000 185.607112 394.254994 141.354165 324.548918 124.277914 303.151777 136.165341 352.150536 161.003106 129.251692 279.631901 347.174308 89.022469 149.093930 
197.000000 5.000000 2.000000 a 480.676606 309.273342 206.693009 117.046999 341.584543 344.268790 527.219120 192.213423 344.193260 416.396446 520.735057 413.043581 352.205906 307.148173 177.991573 214.158820 413.436815 474.747301 284.063373 193.847879 450.005556 309.428505 299.474540 94.005319 76.791927 476.366456 188.087745 429.610289 413.052055 453.282473 319.014106 291.727613 461.424967 91.416629 367.371746 484.863898 431.566913 484.162163 436.743632 379.684079 448.469620 297.571840 228.484135 549.474294 439.947724 365.920756 84.723078 479.001044 401.876847 364.819133 
287.000000 9.000000 1.000000 a 278.657496 60.415230 57.078893 142.056327 238.729973 128.891427 341.150993 202.410474 168.881615 160.256045 299.040131 212.680512 116.709040 225.858363 110.765518 203.960781 168.908259 235.467620 282.962895 176.264007 197.314470 128.444541 94.069124 180.424499 186.603858 327.818547 93.021503 172.791782 198.080792 346.324992 151.029798 47.127487 210.040472 185.064853 128.444541 341.058646 194.550765 343.011662 184.556224 252.174543 192.210822 206.787330 64.195015 346.770818 192.255039 121.433109 177.409132 309.467284 145.344419 128.875909 
172.000000 4.000000 3.000000 a 168.585290 224.964442 235.510085 307.000000 22.472205 367.164813 184.285105 174.897113 100.000000 312.699536 227.741081 133.633828 193.002591 58.180753 212.084889 152.947703 225.248751 238.113418 132.003788 170.205758 272.594938 129.015503 343.447230 348.367622 337.715857 114.908659 316.764897 301.943703 159.050307 97.015463 402.513354 288.170089 272.249885 275.535842 200.561711 121.671689 211.492317 120.540450 263.347679 23.769729 298.854480 66.708320 309.583591 220.719279 246.375729 213.843401 331.102703 129.834510 279.213180 193.891722 
263.000000 7.000000 4.000000 a 94.021274 196.865436 240.532742 327.698032 89.319651 336.328708 123.975804 226.715681 72.173402 260.353606 152.200526 63.158531 150.096636 120.739389 234.386433 206.518764 164.839316 165.737745 205.197466 214.478437 208.540164 114.070154 321.068529 371.323309 364.671085 87.298339 320.001562 245.505601 91.706052 122.380554 380.384016 265.324330 205.827598 312.603583 152.433592 100.662803 144.899965 102.883429 201.188966 53.084838 237.993697 118.444080 303.145180 152.970585 181.648011 166.817265 356.886537 75.894664 227.008810 146.400137 
178.000000 3.000000 4.000000 a 381.494430 193.499354 91.923882 15.231546 272.007353 235.076583 434.699896 151.611345 248.364651 299.282475 415.491275 312.603583 240.010416 242.997942 81.884064 167.868997 299.843292 363.247849 254.950976 136.926988 334.246915 209.059800 190.023683 55.901699 51.312766 396.531209 81.394103 312.462798 308.038959 389.082254 220.966061 175.513532 346.099697 63.158531 254.656632 407.152306 320.315469 407.461655 321.099673 303.295236 331.567489 228.177562 117.068356 451.302559 325.640907 251.829307 42.544095 391.348949 284.859615 252.794383 
203.000000 1.000000 3.000000 a 96.041658 184.228119 228.875512 317.001577 89.498603 323.834834 132.098448 220.635446 60.008333 249.303028 152.279349 55.542776 137.844115 118.532696 224.216413 200.942778 154.777259 159.665275 204.924376 207.251055 199.461776 102.000000 308.423410 360.733974 354.492595 99.824847 308.040582 235.000000 83.006024 133.660016 367.744477 252.675681 197.395542 303.764712 140.584494 113.265176 136.308474 115.520561 191.637679 57.706152 228.265197 114.284732 290.766229 158.417171 172.661519 154.932243 346.606405 86.348133 215.863383 134.465609 
222.000000 7.000000 5.000000 a 133.689940 196.430649 296.346081 393.935274 281.007117 267.641551 188.904738 373.268000 196.514630 143.223601 93.744333 140.356688 149.626201 302.299520 327.123830 359.551109 88.413800 36.000000 391.051148 351.118214 66.708320 209.468375 281.442712 434.909186 438.426733 244.969386 347.600345 118.152444 117.273185 310.692774 327.317888 243.310501 52.172790 416.646133 134.316790 257.934100 73.925638 262.739415 75.960516 253.031619 94.021274 291.046388 311.448230 160.701587 63.600314 136.473441 429.242356 204.266982 127.882759 137.200583 
294.000000 7.000000 5.000000 a 495.600646 331.360831 228.779370 142.442971 349.665554 370.724965 539.890730 197.959592 359.005571 440.458852 537.554648 428.706193 372.323784 314.493243 195.971937 220.095434 434.004608 494.171023 283.778082 203.059105 471.793387 325.871140 325.848124 121.016528 103.484298 485.741701 214.394496 453.035319 430.202278 458.795161 346.005780 316.627541 482.892328 106.831643 387.659645 493.616248 450.998891 492.650992 458.468101 388.980719 471.365039 306.341313 254.466108 563.804931 460.834027 386.874657 111.157546 490.505861 425.000000 384.812942 
134.000000 3.000000 1.000000 a 41.436699 215.148786 299.294170 397.050375 215.668727 324.299245 96.834911 336.542716 153.674982 212.200377 28.319605 83.006024 157.562686 244.034834 314.865050 318.987461 120.337027 69.641941 331.144983 318.750686 136.894120 183.534738 326.392402 440.581434 439.476962 153.114336 366.349560 189.256440 80.156098 222.252109 380.106564 277.751688 126.269553 402.631345 147.299016 165.469030 88.141931 170.393662 137.898513 180.036107 170.393662 237.541575 336.965874 78.771822 115.433964 157.686398 430.679695 111.825757 185.924716 145.773797 
127.000000 9.000000 3.000000 a 353.236465 178.404036 233.854656 288.267237 392.563371 58.420887 420.088086 382.005236 302.074494 116.103402 341.439599 308.228811 211.303100 389.443192 289.110705 382.719218 210.950231 261.818640 457.709515 355.787858 194.177754 273.766324 103.484298 310.536632 325.848124 440.922896 214.832493 140.431478 281.357424 481.639907 100.895986 132.502830 207.511445 351.205068 208.585714 455.329551 242.297338 458.782083 190.465220 392.104578 163.441121 370.714176 176.229963 406.004926 212.461761 194.164878 317.955972 409.682804 142.677959 214.478437 
Type de surveillance de chaque endroit(target):tab[nombre de target]
a a a a a a a a a a a a a a a a a a a a a a a a a a a a a a a a a a a a a a a a a a a a a a a a a a 