Nombre des capteurs:
150
Nombre des targets:
30
Nombre de type de surveillance:
1

Caracteristiques:
166.000000 3.000000 4.000000 a 413.091999 345.606713 220.581051 382.576790 296.339333 423.930419 232.422030 343.722272 444.325331 484.484262 234.335230 428.841463 117.991525 181.892826 119.816526 59.665736 459.213458 216.566387 349.184765 354.571572 479.001044 364.588809 437.356834 467.017130 398.734247 329.192953 232.245560 244.296950 413.309811 466.901489 
273.000000 3.000000 3.000000 a 315.558236 189.652313 129.073622 316.185072 174.633903 266.189782 221.882852 210.287898 296.568710 328.434164 229.706334 394.239775 44.294469 70.092796 188.000000 179.075403 383.897122 187.427319 294.838939 199.010050 342.242604 263.387547 316.267292 323.736004 255.837839 177.775139 74.632433 264.327448 386.358642 410.776095 
291.000000 1.000000 4.000000 a 128.705089 196.229458 300.482945 171.303824 294.294071 197.608198 208.542562 293.593256 134.718224 209.344214 218.194867 272.728803 243.852414 253.671047 282.874530 318.675383 212.981220 179.980555 175.601822 203.855341 149.893295 82.879430 113.070774 145.000000 83.648072 220.730605 168.237927 262.207933 276.703813 258.822333 
131.000000 3.000000 3.000000 a 45.000000 365.141069 464.331778 69.028979 465.575987 345.891602 228.035085 465.305276 236.966242 324.599754 232.819673 143.027969 383.231001 412.059462 347.332694 403.767260 42.720019 226.152603 107.898100 371.877668 187.066833 91.065910 114.756263 216.529444 205.730406 391.862221 334.320206 260.547500 159.201131 99.201814 
135.000000 5.000000 5.000000 a 202.543822 264.833910 273.651238 179.270745 305.996732 306.339681 89.269256 328.688302 273.879536 339.649820 98.994949 249.467433 165.918655 215.034881 142.635900 185.539753 253.179778 52.345009 152.541798 274.728957 287.702972 155.080624 233.944438 285.895086 223.002242 272.038600 170.308544 142.126704 241.118228 271.116211 
113.000000 3.000000 3.000000 a 400.031249 189.156020 36.769553 408.354013 108.171161 278.713114 314.865050 157.470632 343.821174 352.988668 322.200248 488.824099 90.476516 25.942244 261.541584 232.137890 473.329695 281.369863 388.733842 195.645087 401.659059 348.242731 389.354594 376.336286 312.577990 161.616831 113.039816 354.159569 481.178761 503.349779 
260.000000 6.000000 2.000000 a 177.200451 189.010582 249.545587 192.587642 258.801082 220.336107 170.660482 269.584866 191.107300 252.685575 180.709712 285.408479 178.137587 197.362610 222.703839 253.213349 251.563113 136.132289 182.408881 198.403629 216.944693 125.227792 179.047480 208.038458 141.484982 203.531324 121.823643 225.282045 283.778082 287.067936 
240.000000 1.000000 2.000000 a 260.679880 97.020616 172.130764 290.193039 162.800491 157.841693 257.815826 169.499263 190.420587 216.933169 267.570551 385.253164 155.206314 134.350288 272.904745 281.113856 342.604729 220.911747 282.391572 107.042048 245.521893 212.037732 237.200337 221.219348 156.460858 104.675690 44.147480 310.357858 383.942704 383.293621 
204.000000 1.000000 5.000000 a 239.269722 266.016917 444.041665 322.149034 398.005025 185.951607 422.995272 367.077648 96.602277 112.160599 431.956016 414.135244 437.393416 418.284592 504.179532 536.634885 307.040714 398.600050 348.816571 265.092437 87.091905 243.704739 162.505385 76.485293 142.435951 302.001656 329.880281 473.710882 428.509043 367.066751 
293.000000 7.000000 5.000000 a 400.312378 151.924323 33.837849 418.401721 60.530984 242.392244 341.796723 109.004587 320.505850 319.405698 349.905702 504.971286 130.648383 57.218878 301.517827 277.180447 478.483020 306.493067 402.865983 156.977705 383.631333 349.777072 380.315658 355.035210 295.147421 120.569482 106.437775 385.094794 499.379615 513.414063 
207.000000 5.000000 5.000000 a 273.766324 442.096143 427.931069 198.600101 474.453370 477.677716 88.277970 502.481840 421.864907 499.385623 78.409183 183.635509 303.151777 369.675533 155.618122 219.237314 265.480696 125.027997 160.552172 451.955750 410.951335 253.160028 339.779340 422.587269 371.948921 449.004454 344.431416 37.576588 162.117242 242.231294 
250.000000 2.000000 3.000000 a 386.120448 128.693434 57.008771 408.182557 51.662365 219.155196 340.343944 93.171884 299.107004 296.305586 348.833771 497.241390 140.228385 68.883960 308.561177 288.669361 465.966737 304.310696 394.568118 133.719856 363.411612 336.310868 362.829161 334.037423 275.363396 97.416631 94.021274 385.700661 492.659111 502.880702 
156.000000 5.000000 1.000000 a 139.713994 446.579220 519.065506 82.036577 533.278539 438.310392 217.589062 540.373945 335.049250 422.906609 218.082553 50.219518 420.048807 462.653218 341.211078 404.268475 66.483081 231.905153 101.769347 454.299461 287.174163 168.813507 214.462118 316.291005 299.816611 469.490149 396.137602 229.172424 72.180330 20.396078 
221.000000 9.000000 1.000000 a 358.620970 41.785165 157.841693 400.705628 94.047860 123.794184 374.585104 65.795137 226.046455 203.226475 384.193961 498.943885 222.171105 162.409975 374.221859 368.133128 444.815692 337.515926 396.913089 40.311289 297.892598 315.241178 316.526460 263.205243 217.368351 13.341664 122.147452 426.141995 499.144268 490.902231 
185.000000 8.000000 2.000000 a 224.396970 246.164579 422.427509 306.444122 378.132252 169.097605 402.180308 348.749194 73.348483 99.859902 411.254179 400.604543 414.160597 395.739814 481.627449 513.561097 296.057427 377.107412 331.615741 245.735630 72.062473 225.211012 147.105404 54.644304 119.331471 282.214457 307.058626 453.398280 414.135244 356.025280 
217.000000 5.000000 1.000000 a 287.987847 428.116806 401.606773 218.048160 451.890473 469.707356 80.324343 482.473833 422.692560 496.822906 70.576200 214.841802 275.481397 344.047962 121.605921 184.564352 288.958475 113.282832 178.891028 438.092456 417.968898 261.627598 349.360845 426.498535 372.001344 432.453466 325.677755 27.802878 194.126248 270.675082 
147.000000 3.000000 4.000000 a 236.934590 264.001894 441.743138 319.756157 396.000000 184.352922 420.229699 365.308089 93.914855 111.085553 429.196924 411.946598 434.719450 415.800433 501.351174 533.821131 305.080317 395.800455 346.301891 263.153947 84.646323 241.080899 160.099969 73.661387 139.628077 300.001667 327.330109 470.975583 426.244062 365.110942 
237.000000 8.000000 2.000000 a 310.581712 266.311847 199.123078 289.290511 255.642328 334.593784 160.704698 293.170599 341.263828 388.094061 166.424157 350.618026 72.718636 142.621878 105.004762 104.623133 363.880475 132.969921 259.976922 276.081510 372.993298 260.731663 331.217451 362.249914 294.287275 258.491779 150.572242 193.600103 338.746218 379.226845 
115.000000 9.000000 3.000000 a 377.690349 242.249871 118.376518 369.431996 189.282857 325.419729 251.644591 235.512208 364.516118 392.020408 257.577173 438.369707 27.073973 73.498299 181.430427 149.053682 440.810617 222.265607 343.704815 250.667110 410.907532 325.779066 383.337971 392.237173 324.450304 222.811580 135.207248 284.116173 427.691478 462.231544 
164.000000 6.000000 4.000000 a 224.200803 97.452553 248.163253 276.448910 217.043774 97.252249 293.736276 203.061567 105.905618 136.499084 303.779525 378.163986 239.985416 218.050453 337.521851 355.950839 311.567007 259.665169 280.558372 103.276328 168.193341 185.569394 178.717654 139.176147 81.608823 128.502918 129.448832 348.462337 382.078526 361.411123 
271.000000 4.000000 3.000000 a 374.531708 57.384667 193.981958 423.263511 121.671689 106.367288 409.132008 77.781746 222.800359 184.173831 418.896169 523.411884 263.797271 203.297811 414.290961 409.518009 461.841964 372.239170 422.711486 48.764741 296.952858 334.574356 325.213776 260.034613 223.651515 52.886671 161.644672 461.608059 525.120938 510.797416 
263.000000 5.000000 4.000000 a 41.194660 352.618774 464.663319 101.237345 459.787995 325.614803 254.031494 455.636917 211.539594 298.263306 259.624729 177.124250 391.829044 414.739677 370.000000 423.962262 68.593003 248.243832 138.773196 358.660006 156.160174 93.214806 87.846457 187.970742 185.647515 381.376454 333.001501 290.043100 193.878828 128.471787 
204.000000 8.000000 3.000000 a 181.333946 207.299301 251.962299 186.461792 268.126836 242.491237 149.120756 282.676494 212.809774 275.506806 159.154013 274.881793 169.578890 197.225759 200.771014 233.565837 250.283839 113.991228 171.944759 216.910120 235.127625 129.259429 192.093727 228.319951 162.689889 219.337639 129.556937 203.553433 271.602651 281.570595 
247.000000 1.000000 1.000000 a 81.221918 262.727996 395.385887 161.372240 378.831097 228.895173 269.150516 368.571567 115.433964 203.039405 277.346354 258.156929 344.104635 351.745647 365.833295 409.206549 162.926364 250.137962 186.601179 267.800299 75.392307 83.216585 13.601471 97.000000 89.872131 293.955779 263.696796 316.810669 270.223981 220.755521 
124.000000 3.000000 5.000000 a 114.424648 272.330681 332.866340 105.437185 347.276547 287.090578 124.851912 357.928764 221.054292 299.901651 133.689940 196.817174 242.787973 277.497748 222.827287 271.955879 171.711968 104.484449 94.031909 281.156540 216.300717 68.447060 153.052279 223.304725 171.292148 290.241279 209.423017 175.775425 196.104564 200.551739 
163.000000 8.000000 2.000000 a 95.036835 276.848334 346.953887 93.348808 357.896633 285.411983 139.703257 366.087421 211.740407 293.097253 148.054044 189.678676 260.317114 292.479059 241.505694 291.254185 155.241747 122.065556 88.955045 285.327882 201.695315 49.739320 135.948520 211.206061 163.248277 296.770955 221.144749 188.679623 191.191004 187.723200 
281.000000 6.000000 5.000000 a 59.682493 287.800278 414.985542 142.618372 401.646611 255.519080 263.964013 393.021628 141.152400 228.359366 271.562148 236.076259 357.358364 369.423876 366.896443 413.483978 137.266165 248.310290 171.397200 293.138193 92.913939 76.837491 18.110770 119.941652 116.275535 318.403832 282.809123 309.027507 249.359179 195.780489 
148.000000 4.000000 5.000000 a 134.614264 309.919344 352.502482 94.725920 375.133310 329.492033 87.783825 390.160223 264.092787 343.460332 95.482983 169.070991 250.599282 295.000000 199.223493 254.656632 170.355511 77.491935 68.264193 319.075226 255.162693 99.724621 187.544661 264.796148 214.646221 325.259896 236.457184 135.074054 164.295466 186.077941 
250.000000 5.000000 3.000000 a 492.541369 187.925517 124.257797 522.590662 71.505245 263.615250 459.882594 81.884064 372.323784 342.118401 468.274492 614.479454 248.712686 175.855054 420.195193 391.152144 575.816811 423.968159 511.478250 186.271308 444.020270 445.112345 458.415750 409.498474 361.769263 153.101274 210.109495 504.429381 610.803569 616.387054 
243.000000 9.000000 4.000000 a 481.231753 207.347534 67.742158 500.201959 76.118329 293.945573 417.910277 120.747671 388.085042 373.376486 425.516157 585.977815 194.239543 126.491106 364.001374 328.975683 560.132127 383.630030 484.195209 209.160226 455.259267 431.056841 457.901736 424.084897 368.306937 171.572142 187.800426 458.248841 579.829285 595.234408 
176.000000 3.000000 3.000000 a 205.156038 230.586209 403.298897 286.148563 362.084244 159.012578 377.986772 335.179057 50.960769 98.351411 387.118845 382.032721 391.126578 374.722564 456.869785 489.001022 280.166022 352.597504 310.006452 230.982683 55.785303 202.773272 128.003906 30.413813 94.810337 266.582070 285.440011 429.470604 394.792350 339.860265 
287.000000 1.000000 3.000000 a 336.203807 357.144229 284.344861 291.871547 346.873176 420.048807 132.242202 386.011658 409.859732 466.781533 132.230859 326.534837 158.069605 231.311478 14.422205 54.589376 369.173401 126.146740 255.440795 367.049043 429.057106 293.061427 375.095988 425.230526 359.973610 351.163779 242.425246 137.742513 309.724071 369.541608 
269.000000 2.000000 1.000000 a 368.392454 289.153938 180.737379 346.590537 250.449596 366.230802 209.995238 294.932196 387.547416 426.517292 214.226516 404.030939 63.245553 133.540256 122.188379 87.051709 421.602894 186.453748 316.284682 298.303537 424.645735 318.234190 386.601862 411.180009 342.778354 274.448538 174.837067 234.360833 390.877219 435.459527 
284.000000 1.000000 3.000000 a 242.101219 239.920820 226.631860 226.735529 264.425793 294.008503 126.562238 291.624759 282.143580 337.853519 135.148067 298.202951 117.200683 167.705098 134.825814 161.400124 299.147121 90.735880 201.246118 249.969998 307.668653 191.846293 262.786986 299.868304 233.111561 241.466354 134.164079 173.761331 289.394195 319.469873 
286.000000 3.000000 1.000000 a 320.887831 26.870058 161.276161 361.431875 114.756263 115.883562 337.511481 100.603181 200.212387 191.981770 347.224711 459.509521 201.405064 151.211772 343.991279 343.001458 406.601771 300.541179 357.468880 35.227830 269.235956 276.631524 281.966310 236.603043 185.162091 27.018512 91.760558 389.724261 459.709691 451.983407 
106.000000 5.000000 1.000000 a 284.481985 268.262931 220.410980 260.837114 271.189970 330.505673 133.734812 305.250717 327.053512 379.225527 140.035710 322.024844 97.000000 162.339151 98.493655 115.624392 335.764799 104.623133 231.224999 278.226526 354.153921 235.423024 308.765283 345.800521 278.625196 264.282046 154.935470 170.135240 310.412629 350.476818 
264.000000 1.000000 4.000000 a 111.072049 289.799931 435.876129 194.537914 412.680264 241.298570 316.783838 397.216566 118.190524 198.829072 324.624398 283.296664 391.777998 395.182236 416.038460 459.743407 176.343415 299.387708 224.948883 293.470612 49.979996 129.417928 41.868843 86.608314 114.389685 323.289344 305.722096 362.729927 298.303537 236.357780 
135.000000 1.000000 2.000000 a 460.193438 475.488170 365.547535 405.428169 440.109077 545.404437 242.637590 485.981481 541.867142 596.419316 238.449156 416.811708 254.442528 324.052465 130.602450 107.540690 481.175644 249.242853 366.656515 485.050513 560.839549 420.523483 504.777179 557.503363 492.154447 464.009698 359.434278 220.911747 396.247397 470.389201 
271.000000 3.000000 3.000000 a 344.444480 99.020200 94.429868 369.437410 82.219219 187.962762 312.533198 105.118980 258.774033 262.366156 321.512053 460.768923 137.058382 79.208585 295.169443 284.269239 425.264623 275.771645 357.761093 106.216760 321.622449 295.133868 320.112480 293.083606 233.238076 75.716577 56.612719 360.624458 457.300776 463.691708 
150.000000 7.000000 1.000000 a 250.976094 78.434686 198.040400 290.504733 174.897113 123.891081 278.179798 170.531522 157.496032 180.712479 288.140591 389.138793 191.400104 166.388101 304.171005 315.626361 336.043152 242.002066 287.600417 87.641314 217.112874 205.779008 217.635016 190.055255 128.471787 98.081599 78.294317 332.001506 389.991026 380.931752 
277.000000 9.000000 1.000000 a 225.441788 314.192616 305.000000 183.024589 345.939301 357.328980 45.486262 372.607032 321.076315 389.463734 53.665631 233.225213 186.196133 246.008130 107.540690 162.496154 260.192237 16.124515 148.758193 324.154284 328.805414 184.200977 269.016728 330.478441 269.981481 319.476134 214.441134 93.380940 220.676233 266.728326 
200.000000 3.000000 1.000000 a 158.644256 332.146052 361.415274 105.385008 389.720413 356.050558 61.911227 407.906852 293.465501 372.228424 68.410526 161.697248 252.620268 302.971946 180.623919 239.534966 182.701943 62.128898 70.576200 341.531843 284.318483 127.914034 215.745220 294.333145 243.823707 345.411349 251.644591 106.018866 153.055545 189.187737 
123.000000 5.000000 1.000000 a 299.474540 298.077171 240.337263 267.904834 295.940872 360.501040 125.896783 332.019578 354.278139 408.388296 130.357202 320.326396 113.648581 183.774318 68.658576 90.210864 344.326880 103.580886 235.423024 308.021103 378.312041 252.335095 329.479893 371.710909 305.196658 293.342803 184.141250 153.912313 306.843608 354.035309 
178.000000 7.000000 3.000000 a 145.413204 187.664594 280.845153 179.178682 278.425933 199.251098 197.408207 280.871857 149.843251 219.146070 207.280004 278.705938 221.531036 232.793900 264.594029 298.291803 227.079281 166.628329 178.639301 195.941318 170.950285 96.400207 135.236829 163.600122 99.020200 209.442116 148.929514 251.803495 280.864736 269.816604 
236.000000 6.000000 3.000000 a 58.728187 329.220291 408.208280 38.275318 417.306842 326.075145 164.176734 422.952716 234.002137 320.563566 169.955877 140.730238 319.781175 353.747085 280.930596 336.573915 94.556861 159.364362 58.309519 337.083076 203.666394 55.108983 128.875909 223.600089 191.908833 351.877820 281.602557 202.180612 147.800541 128.003906 
137.000000 3.000000 5.000000 a 284.184799 78.089692 262.469046 344.477866 209.344214 23.769729 367.295521 178.373204 116.297033 90.824006 377.344670 446.870227 287.088836 248.163253 404.210341 416.329197 371.651719 332.777704 351.693048 76.059187 190.766873 251.803495 225.887140 153.404694 124.631457 113.534136 171.125685 421.972748 452.200177 424.905872 
194.000000 3.000000 4.000000 a 321.459173 125.431256 104.043260 339.072264 118.701306 208.278659 272.728803 146.328398 260.249880 277.189466 281.538630 427.151027 102.396289 63.560994 254.442528 246.343256 398.923552 236.211769 324.581269 134.238594 316.697016 270.573465 305.630496 291.972601 227.635674 110.385687 28.442925 320.024999 422.480769 434.004608 
111.000000 6.000000 5.000000 a 477.126818 186.775266 88.119237 501.980079 56.320511 269.670169 430.633255 90.520716 370.567133 349.124620 438.727706 591.249524 214.282524 142.442971 385.659176 354.830946 558.471127 395.294827 488.611297 187.130970 440.051133 428.228911 448.307930 407.237032 354.970421 150.748134 187.768474 473.601098 586.467390 596.524937 
271.000000 1.000000 2.000000 a 231.467060 408.208280 408.727293 158.445574 449.471912 439.368866 58.668561 474.258368 379.827592 458.380846 50.803543 159.113167 287.506522 349.812807 160.056240 225.197691 228.554151 94.936821 119.632771 417.929420 367.923905 210.116634 296.770955 379.869715 330.219624 417.403881 315.778403 38.118237 140.160622 211.624668 
252.000000 2.000000 2.000000 a 270.601183 139.713994 154.777259 285.833868 169.614268 206.903359 226.450878 190.192008 232.312290 265.324330 235.722294 374.252589 108.784190 104.923782 227.015418 232.215417 346.457790 189.422807 271.532687 149.682998 280.446073 219.155196 260.693306 260.255644 192.865238 138.057959 31.780497 276.371127 370.028377 380.800473 
198.000000 9.000000 1.000000 a 130.080744 213.714763 358.912246 204.198433 334.892520 175.650221 286.750763 320.713268 66.189123 153.730283 295.846244 304.507800 322.595722 320.126537 369.499662 405.790586 214.953483 262.001908 223.517337 218.048160 63.560994 114.982607 64.443774 60.901560 38.013156 246.418343 230.000000 338.178947 314.574316 271.648670 
169.000000 9.000000 1.000000 a 362.498276 441.311681 375.446401 300.341472 438.097021 497.462561 142.056327 476.379051 471.220755 536.660973 135.679770 305.026228 249.467433 322.721242 78.409183 120.432554 374.300681 159.289045 261.047888 451.328040 478.474660 328.434164 415.577911 481.066523 420.186863 438.214559 328.867755 110.602893 284.297380 359.873589 
198.000000 7.000000 4.000000 a 334.068855 113.899078 94.894678 354.919709 99.859902 200.204895 292.159203 126.751726 261.396251 272.000000 301.014950 444.387219 116.777566 65.863495 273.183089 263.045623 413.088368 255.566038 341.591862 122.024588 321.006230 283.809795 314.356486 294.431656 232.008621 94.810337 40.804412 339.638043 440.190868 449.624288 
264.000000 5.000000 2.000000 a 394.366581 275.960142 145.003448 379.348125 219.856772 358.520571 249.899980 267.441582 393.554316 424.057779 254.701786 441.865364 52.839379 106.042444 164.638999 123.166554 452.832199 224.055797 351.027064 284.431011 437.049196 343.052474 405.463932 420.077374 351.893450 256.628136 167.475371 276.551984 429.610289 470.230794 
245.000000 8.000000 2.000000 a 280.862956 361.166167 323.340378 228.319951 375.406446 411.533717 65.490457 408.049017 381.368588 447.778963 64.031242 257.701378 197.091349 266.030073 59.135438 123.357205 305.181913 71.217975 190.538710 371.214224 389.647276 242.738542 328.746103 391.371946 330.324083 362.067673 253.505424 72.470684 240.852652 302.026489 
276.000000 9.000000 5.000000 a 218.277347 424.699894 437.138422 139.387948 474.085435 449.284988 87.692645 496.214671 380.716430 462.312665 81.835200 125.063984 318.201194 378.107128 195.494245 260.633843 203.629566 120.801490 103.227903 434.203869 361.883959 204.707108 288.452769 377.275761 332.579314 436.405774 338.189296 72.339477 105.304321 180.767807 
280.000000 2.000000 2.000000 a 422.052129 224.376915 56.044625 424.417248 136.565003 313.847097 318.924756 187.882942 376.268521 387.765393 325.465820 500.145979 88.459030 52.611786 252.239965 215.204554 492.101616 287.506522 402.170362 230.867928 432.144652 369.943239 416.156221 408.049017 343.222960 196.664689 143.013985 354.005650 491.009165 518.844871 
219.000000 1.000000 1.000000 a 58.008620 365.217743 451.260457 35.000000 458.254296 354.396670 196.061215 461.806236 252.517326 340.330722 200.382135 119.016806 363.320795 397.146069 316.947945 374.833296 50.960769 196.725697 74.094534 372.613741 210.052374 86.400231 135.133268 236.103791 215.983796 389.651126 323.694300 226.894248 132.230859 89.872131 
267.000000 4.000000 2.000000 a 231.400086 127.738013 302.001656 297.865742 258.936286 71.400280 343.017492 233.653590 57.584720 75.179785 352.933421 400.184957 303.698864 277.751688 397.518553 418.809026 317.984276 311.168764 309.762812 128.786645 131.487642 204.782812 168.404275 94.921020 69.856997 163.624570 191.407941 397.524842 407.534048 373.172882 
269.000000 8.000000 1.000000 a 194.653538 422.839213 448.206426 113.225439 480.433138 441.300351 105.190304 499.553801 365.715737 449.288326 101.636608 96.187317 332.897882 389.278820 221.054292 285.959787 173.925271 133.304163 80.230917 432.085640 341.919581 186.783297 267.402319 359.680414 319.061123 436.945077 342.848363 101.044545 78.102497 150.153255 
234.000000 5.000000 5.000000 a 415.954324 223.080703 59.841457 417.731971 139.283883 312.169826 311.854133 190.078931 372.542615 385.502270 318.399121 493.189619 81.394103 48.764741 245.692898 209.458827 485.627429 280.446073 395.323918 229.804265 427.701999 363.824133 410.823563 404.022277 338.868706 196.155551 138.755180 347.001441 484.004132 512.103505 
271.000000 5.000000 1.000000 a 271.906234 354.682957 321.179078 220.238507 371.651719 403.887361 58.034473 403.416658 372.522483 439.382521 57.558666 252.073402 195.576072 263.463470 66.030296 129.259429 297.235597 62.008064 182.718363 364.725924 380.465504 233.565837 319.532471 382.320546 321.460729 356.275175 248.068539 71.449283 235.722294 295.169443 
246.000000 6.000000 4.000000 a 359.201893 341.866933 250.888421 322.055896 318.025156 411.254179 167.693172 360.169405 413.569825 463.836178 169.097605 363.824133 128.003906 201.121854 55.865911 29.068884 399.211723 155.003226 287.250762 351.525248 439.701035 313.081459 391.126578 432.224479 365.168454 332.001506 225.807440 178.734440 347.908034 403.744969 
298.000000 9.000000 5.000000 a 386.462159 403.603766 312.083322 337.136471 381.020997 470.124452 174.264167 423.618933 463.440395 519.065506 171.944759 361.166167 191.211924 264.001894 53.665631 46.173586 414.035023 175.114248 299.376018 413.363037 482.744239 344.843443 427.926396 479.037577 413.672576 394.872131 287.767267 165.060595 342.463137 409.312839 
107.000000 9.000000 5.000000 a 88.283634 396.808518 477.980125 42.755117 487.672021 386.566941 202.704218 492.489594 283.584203 371.445824 205.548048 90.796476 385.576192 422.906609 326.105811 386.374171 38.078866 209.021530 77.646635 404.309288 238.102919 118.152444 164.195006 265.830773 247.951608 420.743390 352.001420 226.384628 106.901824 58.258047 
191.000000 1.000000 3.000000 a 255.691220 67.742158 232.647802 307.688154 193.380454 75.272837 317.762490 174.865663 122.147452 131.209756 327.807871 409.184555 240.709368 209.308385 352.642879 365.875662 343.118055 282.704793 310.864922 72.622311 190.633156 217.117480 208.086520 158.145503 108.240473 101.019800 125.670203 372.292895 412.688745 393.021628 
286.000000 1.000000 1.000000 a 329.369094 228.589151 147.135992 320.128099 204.533616 304.538996 207.241405 244.131112 329.074460 365.198576 213.925221 390.397234 23.853721 90.443352 155.167651 140.730238 391.520114 175.931805 294.762616 237.924358 370.325532 277.650860 338.280948 354.383973 286.024474 216.002315 113.441615 244.073759 380.370872 413.090789 
145.000000 4.000000 5.000000 a 333.138109 20.099751 166.517266 375.868328 112.040171 109.786156 354.451689 90.426766 203.767024 187.970742 364.177155 474.536616 215.448370 161.928997 360.471913 358.407589 419.386457 317.498031 372.786802 24.186773 274.608813 289.932751 291.398353 240.684441 192.782261 16.492423 107.935166 406.724723 475.117880 465.717726 
119.000000 8.000000 4.000000 a 442.411573 135.856542 113.652981 475.430331 35.014283 214.000000 422.413305 32.557641 320.390387 293.138193 431.230797 569.253898 225.035553 152.052622 394.351366 372.484899 526.501662 385.834161 466.181295 134.536240 391.873704 395.790349 406.647267 357.513636 309.622351 100.900942 166.868211 469.391095 566.633921 568.520888 
228.000000 2.000000 5.000000 a 233.520877 298.015100 283.804510 197.428468 325.640907 344.894187 66.610810 353.293079 315.496434 380.623173 74.431176 252.685575 165.096941 224.828824 102.902867 151.832144 274.065686 34.985711 164.939383 308.025973 328.032011 189.362087 271.679959 327.200244 264.609146 301.809543 195.563289 112.089250 240.786212 283.781606 
284.000000 9.000000 4.000000 a 126.562238 302.398743 452.659916 209.570990 427.200187 249.098374 335.936006 409.939020 125.251746 200.878072 343.653896 294.984745 411.004866 413.010896 436.033256 479.867690 185.132385 319.076793 241.373155 305.565050 51.662365 148.553021 61.611687 90.520716 128.576825 336.507058 323.222833 381.274180 310.934077 245.051015 
206.000000 2.000000 4.000000 a 230.054341 92.357999 223.109838 274.235300 198.929636 117.443603 275.408787 191.470624 133.929086 164.939383 285.448769 374.370138 210.304541 190.044732 311.708197 327.844475 316.115485 240.201998 274.167832 100.344407 192.041662 186.807387 193.424404 165.604952 103.310212 117.515956 100.578328 329.874218 376.490372 362.840185 
236.000000 3.000000 1.000000 a 212.433519 108.245092 251.031870 263.427409 223.933026 110.072703 281.305883 212.461761 106.254412 145.086181 291.341724 365.034245 235.925836 218.082553 327.739226 347.972700 299.606408 247.523736 267.254560 114.629839 164.149322 172.887246 169.593632 137.462722 75.802375 137.844115 128.316016 336.047616 368.827873 348.906864 
253.000000 7.000000 3.000000 a 104.752088 418.884232 502.493781 66.760767 511.528103 405.685839 223.087427 515.589953 299.340943 387.093012 225.284265 86.005814 410.007317 447.487430 346.975503 408.044115 29.068884 231.423854 99.005050 426.203003 249.451398 140.089257 177.552809 279.329554 266.159726 443.463640 376.215364 243.181003 105.815878 37.161808 
205.000000 6.000000 5.000000 a 246.172704 257.122539 237.697286 224.831048 278.770515 310.987138 113.207774 307.293020 296.379824 353.831881 121.313643 291.398353 122.873919 178.664490 118.726577 149.251466 298.879574 78.746428 197.022841 267.172229 319.239722 197.131936 271.486648 312.929705 246.829901 258.278919 150.472589 158.432951 281.440935 316.026898 
207.000000 4.000000 3.000000 a 37.107951 353.162852 448.116056 56.080300 451.004435 337.675880 211.404825 452.040927 232.441390 320.301421 216.474017 141.127602 365.636431 395.384623 329.951512 386.036268 54.561891 208.597699 93.605555 360.173569 187.451327 76.216796 113.017698 214.525057 198.153981 379.019788 318.662831 245.464865 155.193428 105.190304 
257.000000 7.000000 2.000000 a 169.546454 276.725496 303.949009 143.680200 330.647849 308.185009 83.432608 349.276395 261.296766 333.304665 93.391648 217.412051 200.531793 245.979674 167.215430 216.011574 217.517815 53.535035 118.207445 286.331975 266.587697 124.482931 207.460840 269.016728 210.237960 288.085057 192.605815 138.079687 210.722566 236.088966 
167.000000 5.000000 5.000000 a 440.241979 230.008695 50.000000 444.091207 131.228808 320.220237 339.423040 183.611002 388.181659 395.627350 345.937856 520.458452 108.931171 67.268120 271.130965 231.905153 511.238692 308.021103 422.234532 235.815606 445.943943 388.207419 432.348239 420.743390 356.876729 200.249844 157.028660 374.241900 511.426437 538.647380 
277.000000 1.000000 5.000000 a 206.155281 282.780834 286.693216 175.413796 321.711050 323.987654 71.589105 345.508321 288.724782 356.103917 81.215762 239.453545 174.794165 227.798156 131.745968 179.323730 250.966133 34.525353 145.784087 292.684130 299.474540 161.003106 242.853866 299.365997 237.693079 289.663598 187.032083 124.145076 229.804265 265.005660 
160.000000 6.000000 5.000000 a 182.877008 361.653149 380.196002 118.330047 413.320699 388.000000 47.000000 434.004608 325.775997 404.783893 49.030603 152.085502 265.836416 321.278695 171.046777 233.548710 194.030925 66.573268 79.404030 371.171120 314.707801 157.257750 244.609894 325.926372 276.278845 373.466197 276.421779 77.794601 139.291062 190.378570 
151.000000 6.000000 3.000000 a 73.783467 341.983918 471.072181 148.600135 457.683297 303.288641 294.294071 447.973213 182.784026 266.101484 300.672579 224.877745 410.010975 424.852916 405.631606 456.316776 112.641023 284.450347 184.783657 346.883266 117.987287 116.661905 66.287254 153.844077 167.600716 373.359076 338.834768 333.664502 242.243679 172.290452 
261.000000 7.000000 1.000000 a 384.005208 281.902465 160.252925 366.073763 233.070805 362.314780 233.420222 279.427987 391.624820 425.734659 237.966384 426.391839 54.561891 117.388245 146.632193 106.794195 440.263557 208.556947 336.875348 290.681957 432.477745 333.121599 398.128120 416.965226 348.588583 264.486295 170.449406 258.990347 413.726963 456.127175 
289.000000 9.000000 5.000000 a 454.103512 154.379403 99.040396 483.694118 32.802439 235.172277 423.066189 55.081757 338.892313 314.515500 431.613253 575.736051 217.441946 144.006944 388.310443 363.005510 537.112651 386.897919 472.712386 153.941547 409.498474 406.433266 421.335970 375.832409 325.852727 118.663389 171.478862 468.540286 572.223732 577.499784 
148.000000 3.000000 4.000000 a 250.784768 171.417619 180.277564 257.947669 203.324863 231.216349 191.018324 225.550438 239.676866 282.985865 200.282301 342.982507 106.705201 125.239770 197.362610 209.618701 322.187833 154.003247 240.919074 181.463495 279.546061 198.657998 250.449596 263.865496 195.450761 172.568827 67.067131 241.033193 337.752868 353.073647 
158.000000 3.000000 3.000000 a 265.949243 150.233152 160.654910 278.425933 179.178682 215.603803 215.671046 200.860648 236.129202 272.237029 224.902201 365.607713 104.785495 108.521887 216.633331 223.342786 340.371855 178.675684 263.104542 160.227963 281.836832 214.189169 259.123523 262.992395 195.112788 149.083869 42.379240 265.414770 360.972298 373.503681 
206.000000 9.000000 3.000000 a 52.773099 279.803502 373.751254 91.482239 375.202612 272.904745 185.283566 376.893884 182.332115 268.091402 193.072525 193.961336 297.946304 322.280933 289.375189 338.422812 130.249760 169.743925 106.470653 287.250762 160.124951 2.236068 90.027773 175.148508 138.812824 304.384625 243.417337 231.631172 201.069640 175.205594 
156.000000 1.000000 5.000000 a 197.121790 170.510997 338.079872 269.564464 300.241569 113.863954 334.846233 277.346354 15.132746 88.051122 344.472060 370.724965 326.465925 308.753947 402.464905 430.202278 281.703745 305.897042 286.062930 172.351385 86.764048 178.070211 128.502918 51.195703 43.416587 205.975727 219.535874 388.346495 380.006579 338.681266 
265.000000 1.000000 2.000000 a 468.509338 458.946620 338.614825 418.914072 415.178275 532.515727 255.765518 462.524594 537.085654 587.177145 252.857667 438.010274 233.790505 300.567796 135.558106 94.847246 495.609725 257.256681 380.864805 468.274492 560.779814 426.240542 508.296174 554.927923 488.328783 445.138181 343.455965 241.000000 418.269052 488.807733 
218.000000 1.000000 4.000000 a 199.123078 487.591017 538.814439 124.723695 562.337977 488.992842 207.617437 575.028695 392.942744 480.553847 204.963411 22.360680 429.638220 480.618352 324.778386 389.755051 134.082064 231.572883 123.146255 495.993952 350.321281 217.862342 276.000000 377.224071 353.824815 507.134105 423.680304 202.548760 26.000000 80.709355 
243.000000 3.000000 4.000000 a 450.941238 225.718852 40.311289 457.866793 117.923704 316.189816 357.341573 170.552045 390.089733 392.919839 364.071422 536.210779 127.283149 76.550637 291.405216 252.517326 523.717481 325.318306 437.123552 230.789948 450.089991 399.111513 439.829512 423.532761 361.034624 194.177754 162.889533 393.207324 527.713938 552.698833 
237.000000 7.000000 1.000000 a 181.515840 285.378696 451.110851 265.001887 415.502106 218.247566 379.885509 391.520114 100.806746 157.206870 388.252495 353.307232 426.001174 417.770272 471.492312 510.114693 244.131112 359.221380 294.552203 286.677519 41.677332 194.427364 107.823931 64.280635 127.475488 321.043611 327.391203 428.042054 368.708557 304.059205 
122.000000 9.000000 5.000000 a 208.904284 178.213355 350.525320 283.571860 309.362247 112.893755 352.953255 283.769272 13.601471 74.330344 362.542411 384.011719 343.118055 323.210458 421.046316 448.486343 291.892103 324.260698 301.479684 179.078195 85.428333 193.093242 137.233378 46.872167 61.098281 214.112120 234.695547 406.306535 393.996193 349.721318 
152.000000 8.000000 5.000000 a 307.546744 313.847097 252.174543 272.090059 309.743442 376.192770 123.693169 346.636697 368.419598 423.557552 127.015747 319.732701 125.004000 196.451012 52.952809 78.790862 349.000000 105.683490 238.314918 323.785423 390.858030 261.520554 340.348351 385.161005 319.037615 308.868904 199.744837 146.386475 305.308041 356.091280 
240.000000 9.000000 3.000000 a 282.639346 176.113600 361.137093 357.805813 305.334243 87.572827 419.952378 269.029738 87.572827 8.062258 429.754581 458.193191 378.726814 345.353442 477.669342 498.321182 364.281485 389.221017 375.161299 172.791782 146.485494 267.000000 209.200860 109.658561 131.973482 210.646624 263.882550 474.081217 468.236052 422.739873 
253.000000 6.000000 1.000000 a 364.540807 193.145023 81.492331 367.662889 142.000000 278.485188 269.712810 185.951607 327.633942 347.896536 277.001805 445.600718 48.259714 25.179357 219.456146 195.829007 434.715999 236.444497 346.446244 201.221271 379.769667 312.416389 360.272119 357.740129 291.430952 172.235304 93.407708 309.040450 437.373982 462.335376 
245.000000 9.000000 2.000000 a 273.089729 217.892175 401.642876 352.567724 348.304465 131.095385 431.431339 313.001597 88.769364 52.153619 440.964851 450.111097 411.316180 382.687862 498.811588 524.046754 349.676994 403.011166 374.065502 215.244048 125.399362 265.668967 196.499364 95.005263 139.556440 253.023714 298.303537 484.538956 462.108212 409.274969 
139.000000 2.000000 1.000000 a 286.434984 98.671171 144.013888 311.873372 139.387948 172.246916 266.308092 152.502459 216.584856 237.033753 275.769832 404.649231 135.771867 107.280007 268.343064 270.118493 367.016348 229.200785 301.572545 108.521887 273.309349 236.915597 265.113183 248.243832 184.219977 96.187317 19.849433 317.163995 402.100734 405.843566 
133.000000 3.000000 5.000000 a 276.000000 225.337525 409.200440 356.025280 355.609336 138.231690 437.082372 320.006250 94.371606 59.008474 446.578101 453.009934 418.799475 390.302447 505.451284 531.075324 351.573605 408.944984 378.117707 222.611770 126.921235 269.862928 199.123078 98.183502 145.361618 260.409293 305.870888 490.036733 465.310649 411.300377 
177.000000 9.000000 3.000000 a 244.429949 388.320744 376.968168 178.941331 421.236276 426.063376 35.227830 448.555459 376.324328 451.136343 25.179357 193.256306 253.938969 318.323735 123.939501 189.010582 253.001976 71.175839 139.617334 398.208488 371.694767 215.870331 303.710388 379.971052 325.711529 394.898721 290.394559 19.646883 175.328264 242.095023 
203.000000 4.000000 4.000000 a 303.065999 38.600518 164.347193 342.200234 126.826653 119.016806 318.487048 118.258192 191.041880 191.449732 328.239242 440.010227 191.206694 147.027208 328.161546 329.730193 388.346495 281.575922 337.881636 48.507731 257.782854 258.102693 266.542680 226.638479 171.840042 46.324939 77.820306 370.951479 440.092036 433.110840 
106.000000 9.000000 2.000000 a 168.000000 237.976890 277.252592 161.623018 297.513025 269.673877 121.198185 313.336879 229.368699 297.674319 131.240238 246.109732 185.064853 220.907220 187.768474 228.089895 229.582229 87.931792 143.683680 247.523736 242.695282 117.515956 191.191004 240.682363 178.353581 250.353750 158.836394 175.931805 241.913208 256.561883 
232.000000 6.000000 2.000000 a 370.623798 374.300681 284.121453 326.459798 352.005682 441.744270 166.003012 394.220750 438.406204 492.016260 165.366260 358.719946 162.027775 235.053185 42.296572 25.000000 403.744969 160.853971 289.836161 384.033853 460.466068 326.955654 408.142132 455.229612 389.116949 365.301246 258.381501 166.355042 341.256502 403.209623 
290.000000 4.000000 5.000000 a 260.679880 367.005450 342.211923 203.843077 390.287074 411.866483 40.853396 420.345096 373.363094 443.441090 37.336309 229.869528 217.506322 284.059853 86.700634 151.211772 280.174945 58.668561 165.423698 377.011936 376.591290 225.610283 312.800256 380.864805 322.273176 370.563085 263.531782 48.600412 212.960090 275.016363 
116.000000 1.000000 5.000000 a 207.663189 334.282814 336.400059 156.416112 374.339418 370.621100 20.223748 398.647714 323.360480 396.557688 30.265492 200.384630 219.100434 277.366184 129.247824 189.042323 233.683547 20.000000 120.037494 344.104635 323.445513 171.703232 258.940148 329.028874 272.459171 342.317104 240.168691 74.966659 187.472665 236.177899 
178.000000 6.000000 4.000000 a 300.323159 419.233825 383.099204 234.367233 436.261390 465.224677 83.600239 468.770733 424.876453 496.257997 75.166482 238.209991 256.259634 326.266762 97.185390 159.326708 307.327187 110.860272 195.010256 429.262158 424.609232 270.296134 358.134053 430.889777 373.871636 421.574430 313.536282 43.011626 218.009174 292.222518 
244.000000 2.000000 1.000000 a 177.544361 165.084827 248.284111 205.883462 247.693359 190.163088 200.691305 252.875463 162.689889 221.819747 210.736803 302.952141 192.398025 200.444506 252.406418 280.058922 257.841036 166.715326 200.960195 174.040225 194.794764 127.624449 166.012048 182.236111 114.402797 183.382115 116.468880 255.409475 303.295236 298.399062 
102.000000 8.000000 5.000000 a 290.518502 417.010791 385.966320 223.707398 437.452855 461.091097 75.802375 468.931765 418.168626 490.580269 66.850580 227.140925 259.538051 328.671569 104.623133 167.839209 296.386572 105.361283 184.358347 427.018735 416.427665 261.428767 349.292141 423.430041 367.250596 420.297514 312.832223 31.953091 207.038644 281.042701 
233.000000 5.000000 2.000000 a 354.153921 39.623226 197.752370 403.609960 130.648383 90.049986 393.357344 92.048900 203.393707 169.106475 403.193502 504.048609 257.650927 201.019900 403.219543 401.340255 441.512174 356.624452 403.707815 30.083218 277.308492 314.529808 304.731029 240.692750 203.216633 47.010637 150.864177 446.296986 506.083985 490.722936 
236.000000 5.000000 3.000000 a 55.542776 270.185122 369.545667 103.812331 368.408740 260.931025 195.243438 368.598698 169.295599 255.125459 203.295352 206.196508 297.741499 319.156701 296.445611 343.912780 137.974635 178.002809 119.507322 277.418456 148.222805 11.000000 79.931220 162.360710 126.019840 295.601083 238.398826 242.621104 213.721782 185.270073 
254.000000 3.000000 1.000000 a 77.233412 243.261177 357.463285 139.086304 349.040112 227.308161 222.800359 344.988406 133.375410 219.146070 231.449779 241.124449 297.378547 310.465779 315.734065 358.669765 164.623814 201.526673 155.389832 249.833945 118.228592 47.000000 61.032778 128.160056 90.426766 270.946489 225.197691 272.530732 249.329100 216.122650 
255.000000 7.000000 5.000000 a 74.545288 267.091745 353.793725 99.764723 357.794634 266.790180 170.182255 361.581250 184.967565 268.419448 178.507703 201.308221 276.101431 301.617307 270.025925 317.770357 148.111445 151.818971 106.677083 274.963634 171.405951 23.086793 105.759160 182.167505 138.177422 290.024137 224.321198 218.835555 206.041258 189.095214 
199.000000 8.000000 1.000000 a 209.570990 142.720006 310.452895 276.929594 272.106597 93.230896 327.940543 249.839949 43.011626 88.600226 337.769152 379.117396 303.145180 282.418130 387.918806 412.292372 296.060805 297.112773 289.836161 144.899965 113.652981 183.983695 146.649241 79.246451 48.104054 178.025279 193.940713 382.172736 386.846223 351.385828 
206.000000 6.000000 3.000000 a 220.422322 458.877979 481.698038 137.083916 515.585105 476.422082 134.316790 535.314861 398.015075 482.501813 129.034879 88.543774 364.407739 422.689011 241.960741 307.084679 186.681547 165.559657 109.658561 468.113234 370.600863 218.073382 295.411577 390.274263 352.278299 472.966172 378.318649 117.175083 65.969690 151.716842 
287.000000 9.000000 3.000000 a 465.150513 200.259831 47.707442 482.312140 72.917762 288.646843 398.045224 122.413235 378.160019 367.729520 405.602022 567.208075 174.132134 106.606754 344.058135 309.741828 543.173085 363.896963 465.671558 202.980295 443.939185 414.614279 443.960584 413.696749 356.270964 165.130252 171.283391 438.179187 560.789622 577.405404 
221.000000 8.000000 1.000000 a 279.256155 60.008333 173.288776 316.622804 146.321564 126.253713 294.090122 142.842571 180.005555 192.213423 303.907881 414.161804 181.727818 147.078210 309.090602 314.606103 363.917573 257.316925 311.969550 70.000000 242.909448 233.413796 246.077224 214.084096 155.029030 72.201108 65.764732 346.975503 414.161804 407.921561 
205.000000 5.000000 2.000000 a 167.047897 234.200769 397.031485 247.945559 363.049583 174.255559 343.642256 341.211078 51.000000 126.763559 352.574815 344.001453 373.202358 363.594554 427.375713 462.672670 243.386524 319.695167 272.124971 236.222353 24.083189 165.411608 90.049986 14.866069 73.763134 269.462428 273.247141 394.315863 356.618844 302.828334 
264.000000 9.000000 5.000000 a 200.960195 156.320184 323.047984 270.601183 285.567855 104.350371 328.420462 263.433103 30.149627 89.805345 338.155290 372.425832 312.656361 293.954078 392.413048 418.645435 286.776917 298.518006 285.142070 158.483438 100.089960 178.126360 135.665029 65.764732 41.194660 191.603758 204.924376 382.325777 380.847739 342.825028 
114.000000 3.000000 1.000000 a 221.183182 190.444218 366.460093 298.026844 322.304204 117.686023 372.339898 294.187015 29.732137 64.404969 381.871706 397.456916 362.581025 340.931078 441.512174 468.965884 302.062907 344.061041 317.516929 190.394328 86.214848 208.959326 146.996599 48.020829 80.498447 226.497241 253.102746 425.462102 408.240125 360.679913 
210.000000 1.000000 4.000000 a 188.875620 142.214627 242.785914 225.290923 234.093998 164.103626 226.735529 234.797785 144.402216 197.959592 236.782601 324.228315 200.810856 199.303788 274.854507 299.127063 272.356384 192.587642 223.224103 150.791246 184.816125 141.675686 166.373075 167.720005 99.317672 163.220709 110.819673 281.442712 325.631694 315.990506 
264.000000 3.000000 5.000000 a 421.099751 178.639301 7.211103 435.459527 75.133215 269.081772 350.142828 127.094453 346.902003 346.273014 357.794634 519.373661 129.034879 58.830264 300.306510 270.473659 497.607275 315.830651 418.083724 183.480244 409.274969 370.028377 403.926974 381.188930 320.563566 146.710599 127.757583 390.959077 512.762128 530.589295 
167.000000 1.000000 1.000000 a 175.513532 451.707870 499.795958 95.084173 523.974236 456.715448 170.762994 537.506279 365.443566 452.434526 168.834238 26.172505 390.786387 441.575588 290.337734 354.970421 125.431256 193.238195 86.313383 460.287953 328.100594 187.106921 252.786471 352.410272 324.001543 470.340302 385.292097 171.000000 16.155494 85.959293 
247.000000 3.000000 2.000000 a 80.324343 394.807548 481.876540 53.084838 489.001022 381.093164 215.538860 492.154447 275.278041 363.089521 218.769285 103.585713 392.475477 427.537133 338.421335 397.986181 24.331050 220.145406 90.470990 402.044774 227.035240 116.180893 154.175225 256.007812 241.615397 419.748734 354.492595 240.840196 120.904921 61.741396 
250.000000 4.000000 2.000000 a 271.911750 114.337221 154.806331 294.431656 157.003185 182.043951 247.145706 171.732350 215.058132 242.639651 256.639825 386.287458 129.402473 112.071406 252.509406 257.497573 351.140997 210.038092 283.218997 124.338248 267.800299 221.652882 254.656632 244.965304 179.047480 114.738834 22.561028 298.221394 383.418831 388.741559 
132.000000 1.000000 1.000000 a 30.463092 311.102877 404.352569 67.007462 407.001228 300.832179 190.559702 408.729740 203.415830 290.657874 197.200406 167.886867 324.692162 352.090897 302.497934 355.123922 98.407317 180.941980 91.547802 318.402261 170.496334 32.526912 95.634722 191.269443 163.713164 336.090762 274.614275 231.948270 177.341479 144.222051 
145.000000 6.000000 4.000000 a 209.570990 445.583887 469.890413 126.562238 502.977137 463.158720 124.036285 522.352371 385.406279 469.665839 119.364986 88.283634 353.441650 410.911183 235.051058 300.188274 179.877736 154.155765 97.514102 454.809850 359.005571 205.664776 283.975351 378.132252 339.425986 459.787995 365.531120 111.462998 67.067131 148.647233 
291.000000 4.000000 1.000000 a 158.230844 471.601527 548.616442 110.602893 561.281569 459.344098 247.370168 567.063489 352.097998 439.691938 247.517676 65.764732 450.557433 492.476395 370.653477 434.036865 74.813100 262.429038 132.400906 479.066801 299.549662 192.854868 229.444983 330.854953 319.738956 495.503784 424.699894 256.532649 89.067390 16.643317 
222.000000 9.000000 3.000000 a 68.242216 317.279057 392.390112 49.406477 402.731921 317.762490 152.322027 409.469169 230.488611 316.014240 158.685223 150.083310 303.295236 337.675880 266.896984 321.636441 111.018017 145.151645 58.309519 325.356727 205.387439 50.249378 132.003788 222.685877 186.324985 339.013274 266.450746 193.051807 154.987096 142.523682 
184.000000 4.000000 4.000000 a 389.606211 146.239530 41.303753 407.603974 66.007575 236.636853 332.051201 111.682586 311.924670 312.968049 340.242561 494.328838 124.064499 51.156622 294.159821 271.665235 467.680446 296.588941 392.168331 151.818971 374.342090 339.023598 370.109443 346.174811 285.700893 116.249731 95.707889 375.825757 488.836373 502.610187 
240.000000 3.000000 5.000000 a 129.541499 438.718589 514.488095 76.400262 527.193513 428.990676 219.057070 533.401350 324.778386 412.617256 220.056811 60.539243 417.310436 458.455014 343.001458 405.544079 55.362442 231.657074 100.000000 446.323873 276.260746 160.377679 203.796467 305.628860 290.146515 462.127688 390.512484 233.205918 81.835200 19.313208 
184.000000 3.000000 1.000000 a 24.166092 312.187444 426.625128 107.563934 419.869027 287.088836 241.223962 415.215607 176.527618 264.170400 248.032256 199.123078 358.615393 377.878287 350.823317 401.294156 102.156742 229.895628 139.086304 318.276609 129.556937 61.983869 55.081757 156.818366 146.812806 340.929612 294.592939 282.899275 212.720474 159.624560 
205.000000 9.000000 2.000000 a 86.278618 335.196957 401.329042 37.121422 415.781192 339.092908 137.800581 424.848208 253.712436 339.001475 143.178211 131.125894 306.543635 345.398321 256.602806 313.823199 110.453610 135.793962 35.057096 343.534569 228.238910 73.552702 154.304893 246.000000 209.117192 355.562934 278.217541 174.642492 134.082064 132.075736 
195.000000 2.000000 2.000000 a 264.612925 376.001330 350.538158 205.548048 399.111513 420.475921 44.102154 429.334369 380.770272 451.453209 38.626416 227.407124 225.488359 292.499573 89.269256 154.275727 281.368086 66.211781 166.760307 386.005181 382.832862 230.794281 318.248331 387.737024 329.705930 379.616912 272.574760 41.036569 209.880919 274.262648 
277.000000 3.000000 3.000000 a 69.296465 329.461682 403.555448 37.202150 414.656484 329.256739 153.417730 421.627798 240.133296 326.153338 159.154013 138.159328 312.833822 348.531204 270.601183 326.663435 101.636608 149.164339 49.729267 337.523333 212.228650 60.033324 137.884009 231.036794 196.824795 351.216457 278.145645 191.441897 143.610585 130.728727 
246.000000 2.000000 4.000000 a 179.479804 213.377600 256.019531 182.222392 273.358739 248.243832 143.171226 288.383425 216.778689 280.494207 153.209008 269.742470 171.172428 200.830775 196.900990 231.036794 247.000000 108.189648 166.901168 222.991031 237.453153 127.565669 192.720004 231.536174 166.424157 225.304239 134.714513 197.648678 266.204808 277.353565 
152.000000 9.000000 2.000000 a 228.536649 271.149405 447.180053 311.661676 403.124050 193.310631 415.781192 373.498327 96.462428 121.642920 424.623363 402.751785 436.811172 419.863073 499.289495 533.075980 295.000000 392.154306 339.033922 270.667693 77.252832 234.829726 152.200526 71.840100 139.517024 307.197005 330.847397 465.988197 417.412266 355.005634 
178.000000 2.000000 5.000000 a 309.316990 235.091472 170.176379 296.939388 223.376364 306.197649 182.570534 260.232588 321.174407 362.862233 189.380569 365.820994 48.600412 112.307613 138.000000 133.296662 369.157148 151.092687 270.795126 244.754980 358.231769 258.017441 322.218870 344.535920 276.139458 226.061938 119.037809 220.383756 355.630426 389.405958 
109.000000 3.000000 3.000000 a 426.356658 110.059075 143.209637 465.241873 61.854668 180.709712 425.329284 10.198039 292.195140 259.094577 434.534233 561.749054 242.860042 172.244013 408.099253 391.603115 512.015625 388.329757 459.017429 106.620823 365.087661 381.861231 385.323241 329.514795 285.954542 78.873316 167.287178 474.489199 560.651407 556.736922 
193.000000 2.000000 1.000000 a 411.442584 153.075145 35.383612 431.074240 49.040799 243.238566 356.033706 99.764723 326.038341 321.161953 364.166171 518.332905 144.256716 70.859015 315.379137 290.027585 490.360072 320.669612 416.069706 157.305435 390.571376 361.221539 389.560008 361.088632 302.524379 120.016666 117.991525 399.410816 512.957113 526.008555 
208.000000 7.000000 5.000000 a 193.214906 131.244047 279.064509 250.587310 251.097591 114.542569 284.985965 237.402612 80.956779 132.913506 294.923719 352.956088 259.855729 245.283509 341.211078 365.580361 280.855835 252.982213 258.288598 136.499084 136.091881 158.094908 144.506055 110.217966 47.853944 162.889533 155.128979 339.558537 358.376897 332.415403 
246.000000 3.000000 3.000000 a 302.839892 305.353893 245.936984 269.417891 302.420237 367.679208 124.326184 338.851000 360.624458 415.270996 128.280942 319.640423 118.966382 189.736660 61.392182 85.000000 346.092473 103.942292 236.315467 315.296686 383.860652 256.222560 334.200539 377.708883 311.387219 300.541179 191.366141 150.013333 305.722096 354.581443 
175.000000 6.000000 4.000000 a 216.566387 258.069758 258.897663 195.327929 293.470612 303.916107 98.671171 317.844302 278.145645 340.800528 107.967588 265.188612 149.833241 200.112468 135.793962 174.413302 268.962823 61.684682 168.671278 268.046638 295.800609 168.121980 244.730464 292.056501 227.668619 263.370462 159.380049 149.482440 256.462473 287.271648 
279.000000 1.000000 3.000000 a 287.043551 236.400085 189.433366 273.232502 237.360485 302.274709 161.335055 271.016605 308.402335 354.919709 168.600119 342.379906 71.867934 130.698125 130.862523 137.611773 345.684828 128.724512 247.040483 246.288449 341.755761 236.076259 302.687958 329.984848 261.847284 230.956706 121.823643 201.717624 332.469547 365.636431 
110.000000 6.000000 4.000000 a 260.654944 181.218101 175.236982 263.956436 204.071066 243.895469 187.552659 229.401395 254.096438 296.892236 196.512086 346.301891 93.648278 118.511603 186.010752 196.010204 330.001515 150.880748 245.051015 191.230228 293.492760 208.482613 263.007604 278.167216 209.745083 180.011111 71.847060 236.019067 340.136737 358.949857 
101.000000 1.000000 1.000000 a 130.602450 191.175312 319.311760 190.244579 302.848147 174.289988 247.814447 294.925414 94.936821 174.152232 257.303323 292.720003 275.829658 277.259806 323.857994 358.508019 218.213199 220.383756 201.717624 197.294197 111.400180 97.123633 90.138782 103.947102 44.643029 220.417785 188.175450 300.847137 299.487896 269.920359 
166.000000 1.000000 2.000000 a 416.688133 227.622494 65.115282 417.388308 144.668587 316.526460 309.715999 195.450761 375.692694 389.560008 316.140791 492.025406 79.208585 52.201533 241.867732 204.841402 485.721113 278.648524 394.555446 234.437625 430.276655 364.533949 412.534847 406.941028 341.533307 200.997512 141.598023 344.245552 482.610609 511.614112 
133.000000 4.000000 5.000000 a 106.000000 403.837839 475.681616 38.183766 489.418022 398.647714 185.528973 496.789694 299.816611 387.517742 187.541995 71.063352 378.556469 419.547375 309.523828 371.005391 60.464866 195.243438 62.649820 411.708635 257.939915 127.632284 183.133831 284.063373 261.721226 426.203003 352.302427 205.572372 84.723078 58.137767 
145.000000 3.000000 4.000000 a 127.863208 322.800248 368.266208 80.504658 390.288355 339.418621 92.649879 404.604745 269.215527 350.304154 99.201814 153.456834 266.176633 310.800579 209.093281 266.180390 157.012738 88.119237 52.478567 331.832789 255.894510 98.473347 186.024192 267.777893 220.655841 338.992625 251.606836 135.591298 149.201206 170.660482 
110.000000 4.000000 5.000000 a 338.753598 51.971146 228.973798 393.649590 164.012195 57.706152 397.125925 125.035995 176.385940 136.000000 407.099496 495.297890 279.580042 227.688384 416.889674 419.686788 426.410600 361.001385 396.944581 43.011626 250.928277 302.476445 284.260444 213.358853 182.439031 75.451971 167.764716 451.001109 498.838651 477.797028 
152.000000 4.000000 3.000000 a 249.929990 190.672494 372.075261 327.024464 322.349190 108.853112 398.923552 290.167193 57.870545 40.311289 408.544979 426.357831 377.510265 350.783409 464.400689 489.391459 330.092411 369.855377 346.389954 189.095214 110.535062 237.842385 175.171345 74.330344 107.224064 226.433213 265.243285 452.385897 437.224199 388.958867 
147.000000 8.000000 2.000000 a 182.200439 483.679646 546.452194 117.136672 565.254810 478.949893 226.808289 574.913037 377.524834 465.386936 225.390772 31.064449 441.823494 489.004090 347.381635 411.885907 108.189648 247.000000 126.253713 491.687909 330.218110 208.146583 257.419890 359.233907 341.287269 505.222723 427.101861 228.054818 51.971146 50.328918 
Type de surveillance de chaque endroit(target):tab[nombre de target]
a a a a a a a a a a a a a a a a a a a a a a a a a a a a a a 