Nombre des capteurs:
100
Nombre des targets:
30
Nombre de type de surveillance:
1

Caracteristiques:
203.000000 7.000000 2.000000 a 209.344214 214.394496 317.195523 177.544361 340.587727 144.180443 360.656346 141.439033 283.621226 379.036938 141.509717 366.415065 192.052076 344.920281 158.145503 271.464546 277.137150 271.827151 344.175827 297.355007 308.326126 83.186537 379.686713 285.035086 253.671047 139.086304 267.792830 318.000000 429.847647 267.166615 
148.000000 9.000000 2.000000 a 248.573933 247.129521 278.756166 135.977939 322.099364 138.708327 354.447457 167.358896 292.638002 381.183683 98.086696 374.817289 226.008849 332.412394 115.316955 265.000000 242.002066 277.852479 317.498031 310.096759 269.467994 110.290525 371.927412 319.025077 212.228650 100.284595 263.501423 314.985714 434.084093 229.995652 
192.000000 5.000000 3.000000 a 187.843020 172.791782 267.029961 147.871566 260.230667 60.166436 275.588461 88.459030 203.600098 295.392959 125.717938 286.111866 154.983870 261.231698 136.418474 186.507373 220.927590 189.763010 271.773803 220.553848 259.624729 48.166378 294.730385 244.296950 215.724361 108.908218 182.704680 233.006438 347.190150 216.134218 
281.000000 9.000000 3.000000 a 234.019230 240.634578 319.225626 176.465294 355.643080 163.615403 380.900249 167.943443 308.099010 401.976367 138.351003 390.898964 218.160491 362.684436 155.666310 291.384626 281.937936 295.574018 354.830946 322.605022 309.962901 109.590146 399.399549 310.987138 252.675681 140.616500 288.466636 339.249171 453.414821 270.296134 
288.000000 7.000000 1.000000 a 149.806542 127.757583 291.029208 186.978608 253.387056 61.911227 251.730014 44.294469 164.054869 261.839646 170.017646 246.789384 112.254176 245.961379 178.675684 166.306945 242.421121 153.404694 276.524863 177.800450 284.763059 44.011362 272.325173 198.176689 248.213618 150.545674 159.624560 206.312869 311.271586 241.356583 
149.000000 6.000000 1.000000 a 469.234483 419.886890 293.436535 375.917544 144.803315 336.005952 138.177422 396.788357 262.992395 179.824915 404.965431 230.971860 427.518421 135.092561 393.418352 214.254522 280.058922 254.656632 180.413414 279.120046 300.421371 423.622473 116.249731 439.364314 343.943309 384.786954 222.092323 184.531840 188.798835 300.562805 
154.000000 2.000000 1.000000 a 435.000000 385.005195 329.054707 390.691694 161.152102 327.844475 112.271991 373.664288 227.035240 131.244047 415.289056 180.249827 395.456698 133.206606 405.881756 200.392116 307.234438 223.517337 213.178329 238.113418 334.701359 407.982843 92.195445 395.976009 370.276923 393.137381 205.009756 158.398232 129.201393 327.230805 
266.000000 1.000000 3.000000 a 351.125334 312.046471 113.159180 152.610616 80.919713 154.402073 162.274459 250.017999 208.655218 224.501670 183.087411 253.550784 307.375991 115.316955 170.581359 115.433964 72.560320 186.552942 64.070274 237.402612 113.635382 249.327094 167.720005 364.522976 130.923642 164.793811 127.015747 154.324334 275.914842 89.988888 
249.000000 9.000000 3.000000 a 255.237145 264.140114 328.977203 184.967565 375.378476 186.657440 403.886123 192.836718 333.109592 426.356658 145.910932 415.895420 241.447717 384.193961 163.367683 314.302402 294.244796 320.338883 371.400054 347.800230 319.427613 134.614264 422.058053 333.901183 260.249880 152.118375 311.801219 362.829161 478.056482 281.298774 
299.000000 5.000000 1.000000 a 535.471755 492.887411 168.243871 304.258114 174.828487 343.861891 257.937977 437.778483 362.262336 325.508832 342.593053 372.216335 491.236196 213.572002 326.105811 274.200656 190.672494 343.838625 128.444541 388.202267 178.353581 438.617145 245.464865 536.613455 239.970832 332.150568 286.810042 283.867927 357.941336 206.341949 
162.000000 4.000000 5.000000 a 462.041124 414.152146 238.817922 330.643312 107.707938 307.878223 139.942845 380.107879 262.880201 198.010101 362.096672 248.557840 418.785148 115.918075 349.343670 196.351725 229.172424 250.169942 128.724512 283.593018 246.223476 399.846220 121.016528 442.603660 292.742207 343.464700 206.494552 180.313616 220.585584 249.657766 
166.000000 2.000000 4.000000 a 227.184947 185.000000 232.243407 188.732615 144.367586 76.694198 141.777995 134.807270 98.127468 167.263266 195.358645 170.299736 182.915281 132.740348 193.680149 53.450912 183.371208 76.655072 180.623919 125.099960 229.427548 156.518370 161.245155 235.849528 217.524711 170.660482 48.877398 99.809819 221.452026 191.718544 
152.000000 1.000000 4.000000 a 372.388238 322.721242 366.994550 397.283274 191.509791 305.679571 101.769347 327.983231 171.233758 67.119297 414.701097 104.000000 336.689768 148.707767 408.639205 182.879742 334.964177 175.823775 255.282197 173.366663 370.568482 371.467361 96.509067 322.448445 393.706744 390.708331 181.892826 130.384048 41.677332 353.160020 
183.000000 1.000000 4.000000 a 412.059462 376.920416 38.013156 143.401534 138.513537 205.548048 231.553450 307.234438 284.114414 297.060600 181.705806 328.673090 369.499662 181.339461 165.215011 191.324332 30.016662 261.847284 82.152298 312.899345 41.000000 294.716813 233.117996 433.881320 85.702975 172.142383 202.743681 229.106962 346.521284 46.173586 
193.000000 4.000000 3.000000 a 142.467540 133.135270 311.751504 194.612435 288.006944 90.244113 288.729978 52.886671 198.073219 297.659201 170.836179 280.371183 113.137085 282.294173 182.477396 203.049255 264.622372 188.875620 307.390631 209.475536 304.685083 7.211103 309.312140 205.243758 262.337569 155.322246 196.562967 243.261177 346.203697 261.093853 
211.000000 3.000000 5.000000 a 221.713779 174.542258 394.239775 363.989011 247.131544 234.200769 163.465593 207.453609 78.006410 107.837841 366.187111 57.567352 192.898937 205.231577 366.938687 166.207701 348.936957 100.079968 309.181177 52.172790 393.635618 262.606169 180.853532 163.000000 391.393664 341.831830 155.232084 136.213068 123.065023 361.020775 
144.000000 1.000000 5.000000 a 438.634244 389.512516 417.851648 462.066013 243.920069 376.384112 165.801086 398.923552 241.660919 138.311243 481.680392 168.573426 404.683827 206.167408 474.654611 251.793566 390.888731 247.202346 302.687958 241.306859 422.601467 442.995485 154.547727 382.632983 452.039821 458.058948 251.829307 200.212387 97.672924 410.079261 
293.000000 4.000000 4.000000 a 474.341649 424.471436 329.460165 405.843566 173.565550 355.793479 146.239530 408.729740 266.368166 173.487752 433.266662 222.991031 434.001152 155.630974 422.522189 230.269407 313.818419 261.122577 215.230109 279.028672 336.154726 439.846564 124.615408 437.776199 377.661224 412.235370 236.478329 193.372697 171.405951 334.246915 
149.000000 3.000000 3.000000 a 83.862983 46.529560 424.694007 345.488061 323.975308 206.929940 269.163519 123.016259 143.892321 235.416652 332.459020 192.509740 69.771054 293.819673 339.838197 223.080703 374.994667 156.977705 372.474160 127.577427 420.743390 179.354398 290.520223 40.459857 397.216566 311.732257 210.544532 226.176922 262.345192 380.044734 
236.000000 6.000000 2.000000 a 64.070274 14.866069 392.821843 304.424046 308.706981 168.237927 267.172229 77.233412 144.003472 245.097940 289.110705 208.806130 28.844410 284.017605 297.405447 207.337888 343.011662 150.764717 351.125334 136.499084 388.104367 132.740348 289.126270 79.075913 360.073604 269.245241 195.542834 221.287144 279.973213 346.216695 
120.000000 8.000000 3.000000 a 264.357712 214.758003 352.012784 342.052628 193.685312 225.694484 104.235311 226.638479 70.178344 47.801674 350.595208 15.297059 229.264040 149.586096 348.488163 128.191263 309.782182 83.234608 258.118190 65.802736 352.631536 275.408787 120.415946 217.368351 358.503835 325.897223 120.070812 85.615419 79.605276 324.098750 
160.000000 5.000000 3.000000 a 111.364267 116.456000 516.637203 430.633255 414.440587 294.735475 352.567724 200.504364 229.839074 309.076042 413.707626 260.654944 133.645052 381.938477 422.848673 314.378752 466.861864 245.733596 464.639645 208.482613 512.431459 249.393264 373.048254 52.325902 486.433963 394.725221 301.728355 312.462798 324.681382 471.220755 
225.000000 9.000000 5.000000 a 283.584203 235.261557 252.578701 255.485812 101.414989 164.258942 54.424259 209.380037 87.200917 89.810912 270.739727 113.863954 240.858880 65.368188 265.452444 38.418745 211.059233 71.589105 162.012345 112.432202 253.337719 241.298570 75.186435 265.939843 262.480475 246.564393 39.115214 15.524175 144.471450 226.179133 
288.000000 3.000000 5.000000 a 460.244500 421.526986 75.716577 207.393346 135.092561 258.955595 232.019396 357.917588 310.098371 301.245747 245.814971 340.308683 416.646133 180.941980 229.259678 216.363121 94.047860 289.032870 69.260378 338.245473 85.234969 351.525248 227.490659 473.080331 144.668587 236.019067 228.895173 242.392244 344.947822 109.489726 
259.000000 6.000000 5.000000 a 271.073791 224.510579 232.596217 225.849507 100.169856 135.151767 82.152298 189.000000 91.525953 119.100798 240.301893 137.091211 227.336755 76.419893 235.295559 7.810250 188.533817 70.936591 152.751432 119.707978 232.398365 216.115710 101.133575 262.840256 236.611496 216.067119 14.317821 45.276926 174.048844 202.247373 
198.000000 4.000000 1.000000 a 497.016096 459.030500 86.700634 229.106962 171.405951 293.720956 267.591106 393.859112 348.633045 337.083076 268.225651 377.359245 453.625396 216.965435 251.097591 254.945092 120.303782 327.612576 106.512910 376.733327 96.876210 384.837628 261.629509 511.348218 159.389460 261.222128 267.486448 280.071419 379.147728 131.643458 
185.000000 7.000000 3.000000 a 328.146309 295.797228 110.308658 88.459030 143.836713 119.970830 212.438226 222.396043 225.743217 266.627080 118.118584 286.372136 286.525741 171.467198 105.683490 143.136299 61.073726 203.305189 123.693169 253.860198 104.995238 207.954322 222.092323 356.796861 88.204308 100.568385 151.267974 192.574661 320.705472 63.285069 
150.000000 4.000000 2.000000 a 327.097845 331.670017 306.719742 167.600716 387.984536 222.423020 432.597966 254.662522 379.906567 464.905367 131.244047 461.510563 309.657876 405.030863 146.294224 344.379152 281.469359 364.178528 371.140135 398.246155 296.609170 196.540072 448.519788 402.796475 234.258404 148.475587 344.483672 396.070701 518.653063 264.850901 
113.000000 3.000000 4.000000 a 266.812668 229.836899 178.058979 137.244308 131.400152 71.344236 166.243797 164.648110 154.159009 208.405854 150.880748 220.513038 223.486017 138.924440 145.794376 81.884064 128.471787 132.015151 146.563979 181.796590 174.416169 166.595318 181.372545 287.027873 160.290362 126.826653 86.377080 134.825814 263.410326 135.247921 
130.000000 9.000000 5.000000 a 285.727143 253.645422 152.735065 96.566040 152.541798 77.801028 202.607996 180.055547 194.010309 248.455227 113.454837 261.512906 244.124968 169.531708 106.531685 121.852370 103.392456 172.142383 150.000000 221.144749 147.322775 168.240899 215.928229 315.569327 123.369364 90.520716 127.129855 174.427635 303.400725 105.000000 
276.000000 3.000000 5.000000 a 421.836461 372.786802 412.565146 451.983407 237.640485 363.049583 155.396268 383.283185 225.853935 123.174673 470.618742 151.832144 388.119827 198.153981 464.039869 239.603840 383.963540 232.045254 298.117427 224.839943 416.962828 428.043222 145.907505 365.603610 444.389469 446.806446 239.039746 187.448660 80.808415 402.856054 
158.000000 5.000000 2.000000 a 184.764715 159.731024 255.691220 154.728795 227.220158 28.160256 237.023206 78.600254 166.138496 256.288899 141.795628 248.211603 145.962324 224.831048 148.489057 148.384635 207.200386 151.343979 245.246814 184.707877 249.387249 67.475922 256.478069 228.319951 213.433830 120.415946 144.013888 193.981958 308.327748 205.973299 
106.000000 5.000000 4.000000 a 291.605898 250.635193 172.168522 164.842349 91.787799 109.165013 132.060592 194.200927 148.006757 182.186717 184.287818 202.299283 247.477272 99.864909 176.819117 59.008474 125.634390 125.542821 115.836091 176.773867 170.792271 203.246156 145.096520 301.346976 171.353436 161.245155 68.468971 107.967588 236.579796 137.931142 
110.000000 3.000000 2.000000 a 463.777964 420.877654 137.207871 253.954720 104.139330 275.610232 193.214906 367.164813 291.331426 262.366156 290.327401 306.634962 419.515196 145.646833 275.000000 202.252318 141.548578 272.442655 58.463664 317.775078 145.910932 370.870597 183.774318 464.665471 200.663898 276.557408 214.895323 214.618266 300.136636 160.552172 
167.000000 9.000000 1.000000 a 114.629839 118.270876 517.304552 432.301978 413.803093 296.055738 351.126758 202.484567 228.779370 307.001629 415.697005 258.366019 135.915415 380.963253 424.703426 313.949040 467.548928 244.951016 464.413609 207.067622 513.174434 251.882909 371.517160 52.497619 487.647414 396.567775 301.280600 311.327802 322.018633 472.085797 
126.000000 8.000000 2.000000 a 310.315968 260.276776 320.024999 332.453004 150.880748 234.053413 54.424259 257.751819 103.576059 15.297059 347.113814 62.968246 272.009191 105.019046 342.235299 114.612390 282.294173 104.923782 216.933169 112.361025 322.055896 299.668150 66.219333 270.732340 336.933228 322.778562 111.830228 61.717096 67.675697 298.826036 
212.000000 3.000000 2.000000 a 190.339171 145.989726 272.882759 218.082553 178.488095 87.464278 155.540991 107.466274 72.917762 163.404406 218.680132 153.941547 146.184815 159.022011 219.790810 78.644771 223.707398 56.850682 220.056811 95.341491 269.764712 142.667445 176.918060 194.671518 254.442528 194.363062 68.359345 108.931171 214.310522 231.101709 
195.000000 9.000000 1.000000 a 189.612763 145.013792 274.614275 220.081803 179.203795 89.319651 155.128979 107.670795 71.112587 162.200493 220.637712 152.295765 145.499141 159.260792 221.774660 79.075913 225.470619 55.317267 221.226129 93.391648 271.530845 143.589693 176.567268 193.196791 256.376676 196.328806 68.593003 108.415866 212.934262 232.937760 
136.000000 3.000000 3.000000 a 508.492871 475.269397 70.092796 205.548048 221.097264 300.146631 318.158765 402.672323 383.099204 386.529430 243.961062 422.497337 466.724758 266.807046 226.525937 289.539289 119.519873 361.023545 155.322246 411.825206 76.609399 383.901029 315.356941 533.600037 129.402473 243.082291 301.358590 323.109888 432.338987 120.208153 
212.000000 3.000000 2.000000 a 159.705980 173.626035 360.347055 226.355914 359.940273 159.201131 364.993151 116.043095 271.576877 372.864587 192.961136 352.841324 150.416090 357.128828 208.655218 278.729259 316.966875 263.956436 373.044233 280.166022 352.082377 69.289249 385.482814 240.852652 301.161086 186.386695 272.624284 319.582540 420.211851 309.491518 
154.000000 1.000000 4.000000 a 303.797630 253.789283 328.184399 336.933228 160.330908 234.968083 64.474801 254.348187 98.493655 8.062258 350.538158 52.402290 266.176633 114.560028 346.144479 118.595953 289.691215 102.000000 226.294056 105.004762 330.001515 297.754933 76.837491 262.207933 343.460332 326.087412 114.738834 66.407831 63.063460 305.895407 
195.000000 6.000000 5.000000 a 420.803992 370.777561 348.511119 400.745555 176.229963 327.879551 110.679718 365.699330 214.112120 113.039816 423.135912 159.050307 382.655197 142.200563 414.773432 200.249844 323.447059 213.431488 232.963516 222.020269 353.570361 403.510842 94.111636 377.067633 385.548959 400.262414 203.061567 153.404694 102.215459 343.023323 
160.000000 4.000000 3.000000 a 45.011110 69.354164 409.079454 297.712949 356.046345 179.613474 330.096955 79.158070 212.983567 316.764897 273.514168 283.952461 48.548944 338.740314 285.567855 258.275047 360.471913 214.841802 388.404428 210.297408 402.733162 103.445638 352.069595 127.945301 363.991758 258.495648 248.072570 283.028267 354.990141 359.261743 
114.000000 4.000000 4.000000 a 420.475921 378.005291 124.354332 221.054292 68.942005 232.398365 164.711870 323.511978 252.507426 234.200769 255.624725 275.087259 376.235299 114.162165 241.232253 161.319559 113.850780 232.768125 16.124515 279.708777 131.026715 327.727021 159.389460 423.291861 176.918060 239.970832 174.040225 179.234483 276.904316 134.182711 
209.000000 7.000000 2.000000 a 543.920950 504.660282 135.003704 278.648524 203.226475 342.579918 295.465734 441.780488 387.156299 364.773903 317.833290 408.314830 500.224949 246.894714 300.601065 294.730385 170.751281 366.956401 143.282937 414.609455 145.003448 434.493959 286.295302 554.589939 207.195560 311.416120 307.434546 314.078016 402.385387 181.727818 
274.000000 1.000000 2.000000 a 370.062157 320.477768 370.526652 399.295630 195.133288 306.243367 104.403065 326.964830 169.923512 66.241981 416.309981 101.079177 334.701359 151.990131 410.435135 184.200977 338.094661 175.137089 259.156323 171.268795 374.008021 371.000000 99.984999 319.264780 396.557688 392.249920 182.877008 131.502852 37.121422 356.181134 
167.000000 9.000000 2.000000 a 103.788246 92.195445 482.597140 402.558070 376.203402 264.622372 313.665427 175.931805 191.049732 270.913270 388.108232 223.089668 113.070774 343.227330 396.167894 276.586334 432.945724 207.270355 427.326573 169.578890 478.752546 229.078589 334.175104 20.099751 455.306490 368.013587 263.897707 273.622002 288.444102 438.179187 
194.000000 2.000000 3.000000 a 351.455545 312.929705 108.908218 147.200543 86.683332 153.055545 167.836230 249.721845 212.077816 229.706334 178.058979 258.213090 307.834371 121.078487 165.360213 119.251834 67.268120 189.873642 67.029844 240.852652 109.036691 247.681247 173.458929 366.230802 125.159898 160.078106 130.633074 159.154013 281.305883 84.403791 
156.000000 7.000000 5.000000 a 341.146596 345.324485 306.008170 169.499263 393.471727 232.499462 440.655194 267.807767 390.861868 474.456531 134.658828 472.144046 323.394496 411.866483 148.761554 352.932005 282.851551 374.745247 374.386164 409.682804 295.846244 209.847564 456.168828 416.558519 233.343095 153.495928 353.441650 404.949380 528.436373 265.635088 
237.000000 5.000000 1.000000 a 232.957078 184.176546 281.810220 257.841036 149.036908 142.800560 99.000000 165.677397 39.661064 101.414989 265.731067 99.959992 190.850727 116.730459 263.746090 54.561891 236.027541 20.248457 204.443146 68.000000 280.921697 204.948774 121.004132 214.888343 279.257945 241.033193 42.720019 52.153619 153.717273 248.084663 
161.000000 5.000000 3.000000 a 217.441946 167.585799 345.202839 316.218279 203.342076 190.157829 128.891427 179.836036 30.083218 91.087870 320.213991 57.688820 181.416648 164.103626 320.090612 117.324337 299.588050 51.088159 263.304007 18.110770 344.431416 230.555850 148.976508 176.920886 341.989766 295.670425 106.042444 93.338095 127.534309 311.541330 
235.000000 3.000000 1.000000 a 337.409247 290.766229 432.001157 437.675679 260.848615 324.484206 163.783394 318.567104 167.107750 97.185390 448.175189 84.628600 309.118100 215.127869 445.299899 220.056811 394.143375 181.945047 326.840940 154.382642 434.093308 370.526652 168.344884 272.016544 447.666170 423.500885 214.086431 169.852878 51.623638 410.365691 
264.000000 6.000000 3.000000 a 162.027775 112.004464 344.361728 291.139142 227.200352 155.048380 171.723615 123.907223 46.529560 147.312593 288.563684 115.412304 123.967738 195.473783 291.290233 128.003906 295.873284 58.668561 279.351034 41.182521 341.884483 177.730133 193.395967 136.003676 328.878397 264.833910 115.277925 127.812362 185.809042 304.424046 
161.000000 5.000000 1.000000 a 165.215011 116.103402 322.948912 268.091402 212.529998 132.517923 165.873446 111.516815 46.818800 151.162165 265.932322 126.210142 124.004032 184.024455 268.419448 111.606451 274.171479 49.365980 261.816730 54.817880 320.224921 161.928997 187.864313 150.864177 306.104557 242.095023 99.045444 119.854078 194.494216 282.256975 
264.000000 1.000000 1.000000 a 105.118980 97.128780 341.880096 230.488611 301.405043 113.740934 289.862036 29.154759 186.681547 289.862036 208.062491 266.580194 76.164296 290.084470 219.237314 209.193690 293.646045 181.617730 327.612576 193.217494 335.335653 40.311289 311.263554 169.002959 296.057427 191.760267 200.808366 243.074063 335.108938 291.796162 
178.000000 6.000000 5.000000 a 501.003992 463.146845 88.277970 231.261756 175.840837 297.435707 271.979779 397.724779 353.073647 341.480600 270.416346 381.811472 457.650522 221.382023 253.239018 259.370392 123.227432 332.039154 110.981981 381.182371 98.412398 388.329757 265.936083 515.620985 160.900590 263.751777 271.906234 284.541737 383.443607 134.082064 
140.000000 2.000000 1.000000 a 306.058818 256.031248 312.102547 323.513524 144.100659 225.594769 48.764741 251.181209 98.508883 23.021729 338.195210 66.068147 267.172229 98.371744 333.294164 105.678759 273.967151 98.351411 210.038092 109.329776 314.006369 292.261869 62.936476 268.745233 328.298645 313.869400 103.004854 52.773099 76.550637 290.367009 
100.000000 7.000000 4.000000 a 282.179021 268.262931 207.395757 65.741920 264.007576 112.641023 310.440010 183.861361 272.472017 347.805980 32.015621 350.656527 250.567356 281.016014 47.010637 223.814655 171.187032 253.948814 251.509443 294.821980 198.153981 138.636215 325.518049 339.477540 141.947173 29.068884 225.417391 276.448910 402.453724 158.675770 
229.000000 1.000000 4.000000 a 201.675482 155.193428 399.395794 361.400055 258.402786 228.280529 178.832324 193.217494 79.555012 126.873953 361.365466 77.665951 174.264167 218.013761 363.100537 172.154001 353.022662 102.107786 318.849494 50.990195 398.267498 249.615705 197.205477 142.003521 392.730187 337.290676 160.464949 147.756557 144.086779 364.123605 
288.000000 3.000000 3.000000 a 302.074494 271.906234 137.277092 76.941536 162.289864 93.434469 219.938628 195.880065 216.002315 268.330021 98.595132 282.803819 261.323554 183.869519 89.375612 142.003521 89.358827 194.092761 150.615404 243.166610 130.969462 178.532910 232.077573 335.196957 102.181212 77.698134 147.962833 194.077304 323.154762 87.681241 
144.000000 1.000000 2.000000 a 260.599309 213.241647 397.854245 381.445933 239.927072 258.017441 148.384635 241.933875 97.693398 83.486526 387.164048 34.132096 231.216349 195.440528 386.374171 172.185946 354.933797 116.760439 304.558697 79.202273 398.246155 295.392959 162.483845 200.359677 402.019900 362.538274 163.003067 132.003788 86.371292 368.718049 
217.000000 7.000000 1.000000 a 408.061270 383.481421 86.034877 77.801028 230.488611 204.394227 313.081459 302.645007 331.942766 371.445824 113.145923 393.223855 370.276923 267.232109 96.254870 249.883973 84.403791 309.646573 184.114095 359.706825 75.960516 271.088546 319.582540 449.722136 21.023796 118.067777 258.278919 298.055364 424.699894 64.070274 
126.000000 3.000000 2.000000 a 20.248457 31.400637 430.109288 331.856897 353.871446 201.467119 313.107010 100.846418 189.319835 288.839056 312.169826 250.049995 33.421550 329.971211 322.374006 252.733061 380.489159 196.786687 394.454053 179.713661 424.794068 145.344419 335.035819 72.235725 392.502229 294.462222 241.105786 267.344347 320.951710 382.126942 
106.000000 7.000000 4.000000 a 152.295765 113.357840 436.084854 377.810799 310.420682 238.757199 238.729973 175.823775 123.166554 191.018324 371.066032 142.200563 135.871263 273.358739 375.767215 215.800834 387.659645 143.223601 366.859646 97.082439 433.665770 234.326695 258.265367 80.062476 419.640322 348.367622 203.214173 202.566039 207.195560 396.102260 
284.000000 4.000000 3.000000 a 178.263849 175.139944 301.877459 172.072659 303.646176 103.368274 316.689122 96.840074 236.190601 332.415403 142.274383 318.968650 154.029218 304.120042 156.400128 228.232338 257.751819 224.742074 313.996815 249.881972 293.846899 38.639358 336.287080 247.018218 245.051015 131.711807 223.651515 273.029302 382.781922 250.912335 
268.000000 8.000000 5.000000 a 404.283316 381.996073 106.625513 69.814039 246.981781 204.362423 326.896008 299.841625 339.053093 383.448823 101.019800 403.112887 367.766230 282.251661 85.146932 260.094214 102.649890 317.001577 202.950733 366.349560 96.566040 264.877330 334.356098 449.569794 38.897301 109.786156 267.800299 309.560979 437.224199 82.134037 
190.000000 5.000000 4.000000 a 230.867928 202.711618 208.700743 117.239072 193.961336 23.259407 221.020361 124.579292 176.465294 252.606413 114.140265 254.049208 190.800943 199.541976 116.107709 131.893897 160.206117 157.470632 203.666394 199.902476 202.474690 110.385687 238.254066 268.663358 168.760185 89.944427 131.552271 183.152942 306.894119 159.138305 
238.000000 8.000000 5.000000 a 318.147764 295.787086 146.294224 21.095023 217.248705 119.570063 277.913656 213.490047 265.318676 324.918451 44.384682 336.536774 281.412509 241.422866 31.890437 198.297756 110.000000 244.296950 195.576072 291.075592 137.266165 180.424499 290.043100 363.881849 84.628600 32.557641 203.184645 250.912335 379.876296 97.164808 
126.000000 2.000000 3.000000 a 330.311974 280.845153 365.165716 379.637985 192.937814 277.238165 96.083297 290.423828 132.883408 34.985711 393.570832 61.032778 295.480964 147.339743 389.082254 161.449683 328.694387 140.602276 258.862898 132.003788 367.600326 336.542716 100.424101 279.402935 384.075513 369.128704 157.784663 108.853112 20.248457 345.567649 
244.000000 6.000000 3.000000 a 509.878417 469.655193 120.332872 259.378102 165.157501 311.327802 257.623757 408.944984 349.548280 327.013761 298.167738 370.293127 465.966737 208.856410 281.348538 257.526698 147.166572 329.534520 106.075445 376.872658 130.506705 404.624517 248.871453 518.227749 192.634369 289.292240 270.248034 276.030795 365.387466 161.198635 
147.000000 9.000000 3.000000 a 343.547668 303.402373 126.921235 161.523992 70.767224 151.009933 148.677503 243.895469 195.920902 210.535033 190.286626 239.641399 299.579706 102.459748 178.600112 102.318131 86.469648 173.971262 66.219333 224.615227 127.565669 246.333108 154.693245 354.317654 143.961800 170.883001 114.127122 140.356688 262.070601 103.585713 
116.000000 6.000000 4.000000 a 231.603109 183.521116 383.207516 357.654862 233.420222 230.592715 148.519359 210.760528 71.386273 92.703829 361.386220 42.953463 200.870605 191.010471 361.448475 155.331903 338.540987 92.439169 296.060805 49.244289 382.883794 264.546782 165.701539 176.181724 382.523202 336.882769 144.837840 122.674366 110.652610 351.159508 
253.000000 3.000000 3.000000 a 423.930419 395.506005 47.423623 106.976633 206.344372 216.226733 294.762616 317.674362 328.105166 356.820683 145.206749 383.063963 384.200469 246.454864 127.781063 240.601330 60.207973 305.555232 153.652205 356.552941 37.589892 292.099298 298.904667 458.938994 30.675723 145.344419 250.353750 285.212202 408.579246 44.045431 
194.000000 5.000000 4.000000 a 262.771764 219.045657 212.313448 193.705963 107.200746 105.603030 113.229855 172.130764 107.856386 151.608047 207.347534 165.746795 218.504005 96.881371 202.588252 25.238859 165.677397 85.381497 147.434731 136.616251 210.943120 192.052076 130.698125 265.324330 209.009569 183.076487 30.413813 78.230429 206.613165 177.386583 
157.000000 6.000000 1.000000 a 380.990814 331.930716 258.785626 311.006431 84.693565 252.001984 51.264022 308.016233 176.527618 109.343495 335.359509 159.100597 338.917394 53.413481 325.995399 126.846364 231.905153 166.544288 144.533733 195.256242 263.321097 336.643729 31.064449 355.249208 293.846899 313.260275 133.820776 96.026038 140.406553 251.382179 
103.000000 4.000000 2.000000 a 292.643127 249.062241 190.157829 191.261601 78.771822 125.399362 105.801701 200.449495 131.483839 156.467249 210.237960 179.011173 248.364651 76.922038 203.088651 37.947332 145.993151 109.658561 117.796435 160.153052 189.842040 216.390850 119.503138 294.645550 195.478899 186.938493 49.658836 82.565126 210.608642 160.028123 
219.000000 8.000000 3.000000 a 249.176644 242.596373 255.665797 114.542569 296.947807 117.686023 331.440794 160.028123 274.912713 360.501040 78.492038 356.395847 222.643212 308.103879 95.015788 242.249871 217.680959 259.059839 292.035957 293.819673 246.562365 106.367288 348.511119 314.701446 190.790461 76.922038 241.356583 292.960748 413.943233 206.320140 
190.000000 4.000000 5.000000 a 488.894672 459.009804 61.660360 171.303824 234.940418 280.529856 330.054541 382.593779 380.780777 396.323101 208.254652 428.085272 448.545427 279.257945 191.094218 289.347542 107.703296 358.302944 172.191754 409.542428 61.983869 358.263869 330.189340 520.778264 95.718337 210.618138 300.306510 328.568106 445.091002 100.702532 
204.000000 5.000000 1.000000 a 164.541788 135.565482 478.131781 417.929420 350.332699 278.469029 274.823580 208.312266 163.835283 221.846794 409.763346 171.093542 158.823802 312.014423 415.130100 257.157539 429.697568 184.491192 407.835751 136.693087 475.707894 266.174755 293.436535 79.511006 461.200607 387.494516 244.638509 241.207380 229.856477 438.055933 
236.000000 5.000000 5.000000 a 122.004098 85.982556 437.594561 369.486130 322.270073 229.856477 257.186703 156.348969 135.665029 214.767316 359.706825 167.863039 109.077954 287.902761 365.715737 224.162887 388.428887 153.153518 375.586208 113.145923 434.480149 214.219514 277.596830 51.000000 416.082924 337.877197 211.435569 217.830209 235.034040 395.373241 
144.000000 5.000000 5.000000 a 537.476511 502.813087 101.019800 239.754041 232.834705 329.848450 329.734742 432.135395 403.595094 398.989975 278.296604 437.666540 495.176736 278.686203 260.848615 309.588436 148.838839 381.913603 166.904164 432.120354 108.706026 415.543018 324.718339 559.289728 163.746756 276.920566 321.790304 339.187264 442.258974 151.953940 
137.000000 1.000000 3.000000 a 292.658504 258.698666 146.986394 106.892469 137.753403 86.833173 190.307646 187.800426 189.380569 238.438671 126.589889 253.842471 250.351753 155.724115 118.600169 112.271991 97.185390 167.146642 136.091881 217.117480 142.411376 179.621825 202.943342 318.692642 124.951991 104.235311 118.663389 164.158460 293.231990 101.597244 
177.000000 2.000000 5.000000 a 428.869444 379.332308 289.006920 356.426711 124.651514 303.990131 98.045908 359.233907 221.939181 138.423264 382.832862 189.678676 387.569349 103.768974 372.542615 179.011173 268.821502 214.457455 173.219514 237.507895 294.877941 388.785288 76.026311 397.689577 332.266459 361.437408 185.722912 145.003448 151.489274 289.012110 
129.000000 1.000000 4.000000 a 111.503363 94.894678 329.843902 223.785612 283.975351 100.209780 271.626582 13.892444 169.614268 272.354548 204.022058 250.203917 76.537572 272.029410 214.037380 191.094218 281.113856 163.878003 311.584659 177.341479 323.630963 44.922155 293.018771 166.868211 286.735069 186.131674 182.617086 224.859956 318.215336 280.242752 
227.000000 1.000000 5.000000 a 27.730849 46.615448 412.510606 307.327187 349.124620 182.482876 317.227048 79.931220 197.121790 299.901651 285.448769 265.005660 28.635642 329.086615 296.543420 249.569630 363.324923 201.002488 385.051945 192.093727 406.636201 116.378692 339.249171 104.675690 370.919129 268.955387 238.732067 270.473659 336.168113 363.452886 
161.000000 6.000000 1.000000 a 388.063139 338.036980 321.628668 366.215783 146.751491 290.688837 73.600272 329.686214 180.335798 83.934498 387.578379 133.701159 348.969913 108.784190 379.665642 163.110392 293.429719 178.084250 207.482529 190.672494 326.007669 366.616966 58.258047 348.501076 354.464385 364.462618 165.846314 116.361506 90.426766 312.541197 
251.000000 8.000000 4.000000 a 159.402008 137.568165 282.214457 177.132719 249.050196 54.129474 251.071703 54.120237 167.764716 263.804852 160.327789 250.571347 122.090131 243.310501 168.866811 164.453641 233.805475 155.974357 270.223981 182.784026 275.827845 45.541190 271.359540 207.858125 238.648277 140.730238 158.432951 206.247424 314.014331 232.361787 
151.000000 5.000000 4.000000 a 120.415946 104.938077 322.670110 214.580987 281.710845 93.813645 272.855273 22.803509 174.183811 276.061587 194.288445 255.501468 86.400231 271.361383 204.501834 190.672494 274.200656 167.263266 307.375991 183.251194 316.284682 35.846897 294.049316 176.918060 278.352295 176.663522 182.718363 226.373585 322.837420 272.809457 
121.000000 2.000000 5.000000 a 56.462377 57.306195 461.982684 371.215571 371.361010 236.839608 319.640423 140.456399 194.247265 285.926564 353.547734 242.051647 73.246160 342.883362 362.944899 269.940734 412.167442 206.312869 417.200192 178.373204 457.300776 189.084637 341.087965 32.557641 428.747012 334.858179 257.623757 276.132215 311.088412 415.409437 
292.000000 5.000000 4.000000 a 404.190549 381.494430 103.121288 70.178344 243.706791 203.541151 323.975308 299.549662 337.120157 380.788655 102.342562 400.765517 367.441152 279.164826 86.214848 257.670332 99.156442 315.025396 199.424171 364.495542 93.048375 265.188612 331.308014 448.849641 35.355339 110.344914 265.480696 306.960910 434.495109 78.644771 
240.000000 2.000000 1.000000 a 219.913619 179.449157 232.245560 180.113853 154.870914 63.031738 155.653461 124.426685 106.367288 180.277564 184.678098 181.342218 175.786803 145.523194 183.861361 67.067131 182.833257 85.866175 187.472665 132.185476 228.844926 143.377125 175.045708 233.482333 213.190056 160.012500 62.769419 113.600176 234.200769 189.770915 
214.000000 7.000000 2.000000 a 408.589036 359.016713 285.567855 345.253530 115.663304 287.043551 78.006410 339.860265 201.556444 119.268604 370.309330 170.581359 367.393522 88.814413 360.649414 160.962729 262.177421 194.257561 169.838158 217.168138 290.848758 370.472671 56.035703 377.387069 325.000000 348.397761 167.107750 125.099960 136.458785 282.063823 
210.000000 5.000000 5.000000 a 326.732306 295.800609 112.294256 77.103826 155.219200 118.088950 222.728534 220.621848 231.780068 275.855034 106.892469 294.334843 285.700893 182.408881 94.302704 151.426550 64.498062 209.468375 134.201341 259.624729 106.103723 203.295352 232.776717 358.108922 82.377181 89.844310 159.022011 201.645729 330.142394 63.031738 
118.000000 2.000000 1.000000 a 316.425347 269.742470 423.472549 423.265874 254.950976 307.122126 157.927198 298.303537 148.448644 88.955045 432.486994 67.082039 288.118031 209.059800 430.174383 206.903359 384.157520 164.347193 321.043611 134.357731 425.117631 350.770580 165.148418 251.700219 436.111224 407.790387 200.092479 158.455041 54.451814 399.782441 
202.000000 4.000000 1.000000 a 363.649557 351.005698 188.098379 66.843100 298.452676 189.594304 363.055092 266.610202 345.162281 409.688906 56.080300 419.325649 333.109592 325.484255 55.713553 283.091858 170.425937 325.041536 267.755485 369.499662 177.901658 219.695243 374.817289 422.238084 115.520561 79.906195 287.445647 335.871999 464.685915 151.538774 
232.000000 5.000000 5.000000 a 178.353581 131.095385 390.888731 345.005797 258.311827 209.497017 185.569394 169.026625 72.401657 140.811931 343.001458 95.000000 149.723078 220.410980 345.579224 166.355042 343.470523 93.941471 316.218279 44.687806 389.165774 225.887140 205.302216 124.169239 380.076308 319.230324 154.051939 149.576068 164.347193 353.441650 
294.000000 7.000000 2.000000 a 141.354165 128.003906 307.026058 193.891722 278.115084 82.219219 277.331931 45.177428 186.560982 286.001748 172.154001 268.938655 109.142109 271.532687 182.915281 192.002604 259.331834 177.228666 299.046819 198.312884 300.221585 18.867962 297.983221 200.002500 259.724854 155.309369 185.324041 231.758495 334.611715 256.628136 
262.000000 1.000000 3.000000 a 57.974132 87.114867 413.208180 297.355007 367.164813 185.218790 344.524310 88.323270 228.982532 333.030029 271.280298 301.014950 66.287254 351.459813 284.112654 270.667693 365.136961 229.965215 397.246775 227.178344 406.527982 102.303470 366.442356 143.600139 365.580361 257.606289 260.846698 297.378547 371.974461 362.949032 
137.000000 4.000000 2.000000 a 440.246522 399.145337 104.637469 217.623528 97.498718 246.077224 193.569109 340.906145 278.641347 263.045623 254.183005 303.621475 396.164107 142.940547 238.738351 186.196133 105.190304 258.379566 34.713110 306.218876 112.609946 340.825469 188.095720 446.870227 165.024241 240.858880 198.909527 207.118324 305.635404 124.354332 
224.000000 6.000000 1.000000 a 265.022641 215.538860 355.967695 345.913284 197.306868 229.124420 107.298649 228.816520 72.862885 49.040799 354.317654 11.401754 230.360587 153.075145 352.278299 132.185476 313.772210 86.533231 261.841555 67.067131 356.602019 277.996403 123.109707 216.815590 362.498276 329.619478 124.036285 89.498603 77.878110 328.097546 
Type de surveillance de chaque endroit(target):tab[nombre de target]
a a a a a a a a a a a a a a a a a a a a a a a a a a a a a a 