Nombre des capteurs:
150
Nombre des targets:
50
Nombre de type de surveillance:
1

Caracteristiques:
295.000000 1.000000 4.000000 a 269.252669 413.658071 104.139330 245.203997 289.108976 46.097722 303.527593 193.341666 376.033243 50.695167 38.470768 243.166610 458.940083 184.010869 107.074740 280.927037 349.091679 171.510933 123.907223 209.652093 294.054417 414.001208 168.359734 444.293822 184.835062 190.318155 254.442528 273.056771 466.141609 205.302216 68.680419 217.451144 340.261664 250.714978 338.923295 384.282448 142.523682 227.984649 209.747467 329.247627 337.770632 322.144378 429.796463 188.130274 96.187317 155.618122 167.886867 187.544661 240.285247 189.211522 
165.000000 2.000000 3.000000 a 223.188261 265.753645 45.177428 185.172892 160.031247 101.965681 176.309387 45.880279 269.156089 163.168624 154.434452 206.087360 311.512440 41.593269 168.964493 149.566039 259.169828 141.031911 133.645052 76.837491 173.441633 266.790180 135.650286 302.451649 138.600144 113.282832 107.018690 125.195847 324.755292 70.178344 88.639720 107.837841 213.663287 204.978048 258.938217 269.816604 85.422479 103.947102 177.775139 217.830209 193.155378 177.158121 288.646843 47.507894 55.946403 68.883960 123.044707 144.280976 179.178682 118.713942 
173.000000 6.000000 4.000000 a 125.299641 359.955553 114.490174 104.661359 295.054232 127.279221 201.896013 161.027948 248.072570 111.036030 114.808536 330.219624 389.493261 177.654158 63.906181 283.867927 398.276286 31.064449 20.248457 140.943251 186.271308 345.351994 30.463092 419.068014 48.754487 75.006666 221.576172 233.000000 441.457812 141.852036 148.013513 118.422971 233.188765 332.362754 396.913089 407.332788 56.850682 242.639651 65.764732 356.534711 263.609560 251.065728 406.988943 184.043473 138.740765 80.709355 243.402958 266.480769 100.568385 249.230817 
238.000000 7.000000 1.000000 a 308.016233 213.377600 138.974818 268.208874 63.600314 182.148291 207.171427 88.543774 311.040190 253.836562 243.082291 150.269757 270.453323 62.681736 268.600074 55.578773 162.560758 237.993697 234.759451 133.180329 213.974298 230.638245 232.710120 222.000000 232.243407 200.638979 77.369245 94.302704 243.131652 126.696488 156.952222 176.912408 238.757199 142.804062 166.643332 168.884576 184.200977 2.828427 271.029519 116.777566 180.421728 165.855359 207.021738 56.302753 132.034087 163.670401 101.710373 109.041277 262.488095 75.432089 
185.000000 6.000000 3.000000 a 413.725755 62.008064 359.673463 380.648131 194.427364 415.019277 246.205199 271.773803 310.266015 476.629835 468.625650 360.843456 86.579443 277.001805 469.588117 196.697738 268.575874 399.061399 423.359186 277.200289 265.800677 98.737024 395.379564 56.648036 383.940099 347.627674 207.617437 190.646269 61.008196 277.245379 395.409914 303.712035 241.867732 347.896536 292.227651 197.517088 365.301246 246.221445 411.460812 214.219514 164.757397 172.409396 66.037868 273.065926 365.034245 340.771184 346.000000 346.705927 377.482450 317.176607 
211.000000 3.000000 5.000000 a 450.848090 213.550931 293.298483 411.117988 103.077641 329.684698 316.180328 237.406824 415.268588 403.887361 392.230799 181.176709 273.270928 217.221086 423.565815 114.738834 63.780875 390.913034 390.346000 274.614275 329.874218 253.061257 385.751215 152.741612 383.271444 349.184765 192.509740 194.486503 163.404406 269.595994 301.529435 317.647603 336.269237 167.035924 88.408144 16.124515 338.662073 152.793979 421.038003 39.962482 253.096819 245.898353 140.185591 210.836429 282.349075 316.900615 208.655218 196.956848 405.830014 182.164761 
186.000000 4.000000 2.000000 a 59.135438 325.135356 160.015624 29.068884 298.502931 191.846293 148.489057 165.954813 175.045708 186.681547 189.842040 370.472671 344.363180 192.924856 137.058382 286.844906 416.635332 45.343136 95.462034 127.412715 129.876865 302.649963 48.010416 397.236705 32.310989 53.488316 212.558227 217.807254 418.960619 132.018938 206.196508 86.977008 173.141561 369.997297 419.748734 411.865269 87.823687 256.704110 25.961510 366.174822 223.089668 213.768566 387.046509 198.979898 187.541995 96.628153 285.212202 307.527235 24.839485 283.832697 
209.000000 5.000000 5.000000 a 405.493526 54.120237 358.113111 373.016085 198.635344 414.097815 237.741456 269.601558 299.200602 474.444939 466.724758 366.946863 73.552702 276.354844 465.790726 200.179919 277.850679 393.517471 419.104999 272.855273 257.410179 87.618491 389.955126 68.680419 378.084647 342.001462 206.021844 188.382589 74.027022 273.227012 395.217662 297.880849 231.969826 354.189215 301.219189 207.771509 361.199391 248.485412 404.783893 222.144097 156.923548 165.484138 76.922038 272.662795 364.444783 336.786282 349.184765 350.720687 369.995946 320.576044 
188.000000 7.000000 4.000000 a 353.001416 211.248669 433.259737 339.911753 367.299605 490.903249 230.312831 353.638233 197.428468 525.186633 522.770504 536.008395 155.193428 378.746617 490.805460 362.227829 481.383423 397.785118 442.325672 324.722959 242.571639 172.307864 397.031485 294.210809 379.348125 354.835173 315.369624 296.346081 300.374766 329.969696 484.737042 318.097469 195.143537 526.046576 501.431950 421.238650 396.466896 389.835863 385.389413 418.240362 210.760528 226.433213 299.376018 378.874649 452.434526 378.724174 487.201190 498.142550 340.599472 464.122829 
202.000000 6.000000 5.000000 a 369.968918 55.362442 293.218349 334.073345 126.562238 347.466545 207.251055 206.951685 289.006920 411.013382 402.504658 296.438864 115.602768 209.403916 407.682474 127.945301 217.313138 343.118055 362.944899 218.330025 225.729927 96.876210 339.023598 61.846584 329.317476 292.473930 142.200563 127.129855 83.486526 217.313138 327.024464 249.953996 212.941306 284.007042 239.083667 154.690013 304.776968 176.819117 360.011111 157.003185 126.779336 128.549601 53.413481 205.156038 297.136332 280.080346 277.027074 278.512118 330.207511 248.364651 
129.000000 8.000000 2.000000 a 177.485211 239.150580 87.367042 137.786066 175.801024 144.903416 119.753914 42.154478 210.116634 189.060837 183.635509 258.936286 276.463379 71.568149 175.171345 164.201096 293.027302 114.690889 129.356098 21.540659 115.108644 231.311478 109.877204 293.061427 105.118980 70.830784 95.692215 106.929884 315.483756 18.027756 140.089257 50.487622 157.289542 256.124969 297.026935 289.401106 71.168813 133.195345 142.562267 242.507732 151.753089 136.824705 280.850494 77.103826 108.931171 46.486557 179.477018 199.461776 132.003788 170.660482 
112.000000 5.000000 4.000000 a 501.063868 194.928192 374.065502 462.758036 173.280120 416.923254 347.247750 304.251541 435.045975 489.460928 478.533175 279.835666 242.825040 291.605898 502.020916 183.504768 154.029218 456.168828 463.945040 332.343196 364.299327 239.309423 451.359059 103.484298 445.620915 409.430092 246.805592 240.919074 99.929975 328.896640 390.216607 371.721670 357.692605 265.699078 178.675684 83.216585 408.447059 233.025750 480.865886 134.082064 270.623354 269.222956 100.124922 285.567855 367.458841 384.812942 304.473316 294.531832 458.118980 276.725496 
243.000000 1.000000 5.000000 a 281.007117 296.710296 67.416615 244.346066 156.894869 91.787799 235.416652 97.000000 331.006042 166.138496 154.350251 149.459024 348.932658 70.455660 192.574661 149.345238 225.577038 191.415778 170.425937 137.557261 234.273345 305.825113 186.131674 315.228489 192.841904 172.490579 140.117808 160.224842 336.594712 130.510536 64.257295 170.461139 272.238866 150.685102 220.056811 252.833938 136.194714 96.026038 231.088728 197.959592 239.910400 223.832527 300.374766 71.196910 46.861498 126.099167 63.198101 85.842880 238.354778 68.095521 
250.000000 5.000000 2.000000 a 131.726990 238.805360 136.235091 92.357999 216.584856 188.732615 78.447435 95.005263 154.841855 216.760236 214.441134 316.172421 264.047344 127.141653 186.868938 205.000000 341.203751 102.181212 137.615406 48.259714 66.730802 220.435932 99.297533 308.288826 85.726309 51.244512 127.263506 130.096118 330.080293 55.081757 190.031576 10.000000 113.635382 312.846608 347.539926 328.493531 88.022724 183.635509 113.441615 286.162541 138.974818 127.757583 298.026844 132.015151 161.235852 71.847060 237.446836 257.309153 87.418534 227.982455 
127.000000 2.000000 2.000000 a 216.448608 191.462790 305.643583 200.359677 292.022259 361.067861 99.156442 236.135554 69.641941 388.753135 387.299626 443.852453 170.836179 265.858985 351.673144 283.550701 420.611460 258.118190 303.644529 198.758648 106.850363 148.922799 257.561643 286.754250 239.701898 216.923950 216.393161 201.467119 302.167172 205.065843 358.912246 183.504768 61.619802 436.331296 435.855481 377.107412 260.771931 294.659125 245.489307 356.366384 122.800651 132.981202 284.622557 267.660232 327.794143 245.283509 380.821480 395.830772 200.808366 362.306500 
184.000000 2.000000 4.000000 a 134.617978 228.757514 148.600135 96.332757 216.178167 201.935633 64.560050 100.717426 143.422453 230.688101 228.352797 322.894720 252.049598 133.360414 200.324736 204.707108 342.709790 114.127122 151.076140 53.600373 53.000000 208.830074 111.543713 300.832179 97.082439 64.000000 125.801431 126.479247 322.405025 60.827625 202.410474 23.706539 99.744674 319.037615 350.008571 326.915891 101.950969 186.868938 122.118795 286.225436 127.781063 117.388245 291.029208 137.818722 173.046237 85.440037 245.782424 265.092437 91.934759 234.968083 
155.000000 8.000000 1.000000 a 315.103158 47.010637 263.427409 280.413980 137.437258 320.702354 150.146595 174.103418 231.192560 378.223479 371.005391 309.142362 98.979796 184.945938 367.915751 133.734812 252.352927 296.184064 321.123029 174.874241 169.035499 60.876925 292.496154 117.796435 281.149426 244.769279 112.969022 93.770998 137.887635 175.328264 304.016447 200.942778 154.767568 298.216364 271.311629 199.724811 263.245133 170.880075 309.355782 188.321534 68.818602 72.249567 111.220502 182.148291 272.259068 238.872351 273.197731 279.460194 276.904316 246.564393 
299.000000 1.000000 4.000000 a 290.441044 186.010752 371.682660 275.800653 324.007716 428.747012 166.811271 294.920328 136.894120 461.091097 458.938994 487.714056 142.874070 321.753011 426.093886 317.529526 445.394207 333.024023 377.679759 263.205243 178.272264 142.225174 332.276993 278.312774 314.587031 290.299845 262.419511 244.468812 289.013840 268.793601 423.872622 254.243977 130.923642 478.653319 463.624848 391.601839 332.469547 339.249171 321.024921 381.083980 158.372977 173.002890 280.257025 322.453097 391.873704 315.293514 433.212419 445.730860 276.322276 411.694061 
237.000000 1.000000 4.000000 a 374.232548 156.339374 235.681989 334.771564 35.114100 280.816666 236.913486 166.973052 336.621449 352.086637 341.533307 191.376592 218.185701 152.856142 363.265743 44.777226 122.482652 320.357613 325.600983 199.612124 250.577333 189.404329 315.382308 131.468627 311.096448 275.811530 115.247560 115.520561 150.615404 195.233194 255.409475 241.598841 257.777035 178.675684 140.577381 86.406018 270.839436 96.166522 347.800230 57.974132 176.408617 168.011904 116.180893 146.812806 230.592715 247.685284 183.207533 180.205438 329.660431 153.941547 
205.000000 9.000000 3.000000 a 129.437243 451.169591 219.713450 142.506140 402.349351 216.614866 276.007246 267.379880 285.408479 165.302753 176.025566 432.140024 471.971397 285.700893 107.228727 391.030689 506.219320 115.208507 116.361506 240.775829 257.171149 430.081388 119.808180 518.613536 128.128841 164.984848 325.038459 334.252898 540.741158 243.211842 243.002058 207.966343 298.826036 435.546783 504.247955 515.101932 164.201096 350.821892 101.651365 464.668699 349.954283 339.847024 507.426842 292.099298 241.248834 186.697616 346.001445 369.001355 143.136299 354.674499 
209.000000 1.000000 3.000000 a 217.572976 157.435701 274.302752 194.329617 249.272943 331.339705 70.228199 199.409127 94.031909 365.328619 362.663756 402.498447 148.219432 227.782791 333.397660 240.842272 377.933857 242.398432 284.401125 165.894545 84.172442 117.923704 241.002075 251.348364 224.082574 196.540072 174.865663 159.326708 268.173451 171.604196 326.658843 158.145503 38.013156 394.685951 393.103040 335.431066 236.579796 253.148178 236.476214 313.740338 80.224684 90.244113 247.923375 229.106962 294.803324 218.504005 341.656260 355.879193 193.494186 322.133513 
187.000000 7.000000 5.000000 a 306.471858 290.270563 96.254870 269.007435 139.089899 118.004237 248.195487 109.128365 347.051869 192.800415 180.648831 122.588743 345.259323 77.935871 221.461058 133.093952 197.344876 219.020547 199.461776 153.792067 249.146543 303.527593 213.693706 300.281535 219.494875 197.010152 139.617334 159.505486 321.038938 146.536685 89.044932 190.465220 284.084494 122.784364 191.167466 228.177562 163.367683 80.752709 258.131749 173.141561 243.181003 227.378539 285.175385 76.216796 75.802375 151.330764 39.293765 60.074953 263.007604 38.948684 
273.000000 2.000000 1.000000 a 237.621548 114.280357 227.771816 204.787695 174.748391 286.558894 70.724819 142.779550 156.204994 332.777704 327.727021 330.927485 135.723985 166.207701 312.102547 166.388101 303.690632 230.835439 263.321097 122.983739 90.027773 91.782351 227.903488 197.570241 214.161154 179.694185 104.403065 86.954011 217.340746 126.372465 276.448910 135.484316 77.491935 322.485659 318.609479 263.946964 208.086520 181.796590 237.876018 239.676866 11.401754 15.811388 190.882163 166.192659 243.772435 185.607112 275.392447 287.680378 201.836568 253.645422 
289.000000 3.000000 4.000000 a 138.437712 371.845398 113.600176 119.670381 300.892007 119.067208 216.566387 168.359734 263.706276 96.426138 100.955436 327.612576 402.703365 182.570534 48.383882 289.882735 400.475967 46.647615 10.440307 151.822265 201.246118 358.353178 46.097722 428.785494 64.404969 89.358827 230.358416 242.668498 451.220567 152.161099 141.904898 132.034087 248.294180 330.408838 398.136911 412.345729 64.845971 246.829901 79.056942 360.760308 276.631524 263.751777 416.433668 188.904738 136.014705 89.470666 241.018671 264.092787 115.745410 248.654379 
138.000000 6.000000 5.000000 a 42.047592 347.177188 180.044439 33.015148 323.736004 206.891276 167.600716 190.960729 181.041432 193.041446 197.770069 392.821843 363.979395 217.469538 138.708327 312.078516 441.474801 57.280014 103.585713 152.633548 148.367786 323.109888 61.611687 421.010689 51.039201 78.294317 237.697286 242.662317 442.611568 157.257750 223.606798 111.803399 189.084637 392.765834 444.288195 437.104107 108.018517 281.556389 17.804494 391.337450 244.626246 236.038133 411.052308 223.579963 207.241405 119.641130 307.019543 329.557279 33.376639 306.789830 
139.000000 3.000000 3.000000 a 197.840845 167.287178 165.604952 160.514797 163.248277 224.153965 60.207973 85.586214 164.234588 268.990706 263.973484 295.438657 198.040400 114.201576 249.649755 152.453272 293.640937 172.678893 201.318156 59.228372 69.180922 153.209008 169.189243 236.205419 157.308614 121.148669 74.006756 67.720012 257.841036 62.936476 215.946753 77.077883 93.037627 289.088222 304.133195 269.312087 145.055162 148.489057 185.924716 233.379519 72.062473 58.215118 226.373585 115.935327 183.504768 122.102416 229.172424 244.705946 156.348969 211.539594 
159.000000 1.000000 5.000000 a 209.296440 147.868185 243.016460 181.198786 219.203102 300.647634 46.097722 166.207701 110.440029 337.923068 334.571368 369.486130 152.315462 194.262709 309.342852 210.280765 349.045842 221.002262 260.101903 134.461891 64.327288 114.546934 219.036527 237.699390 203.061567 172.652831 141.947173 127.129855 256.222560 139.817739 294.823676 131.594073 33.286634 361.883959 363.319419 310.214442 209.554289 220.229426 220.045450 285.296337 54.817880 61.000000 232.441390 195.532606 262.727996 190.055255 308.058436 322.355394 179.401784 288.646843 
183.000000 7.000000 2.000000 a 133.135270 443.482807 203.570627 141.127602 389.034703 198.879360 271.280298 254.568262 287.313418 147.410990 158.050625 415.030119 466.401115 271.661554 89.202018 377.809476 490.914453 104.709121 100.404183 230.152124 252.871509 423.897393 108.908218 508.673766 119.230868 155.682369 313.523524 323.511978 530.904888 232.165889 225.497228 199.461776 295.895252 418.628714 488.484391 501.379098 150.695056 336.501114 97.416631 450.439785 343.139913 332.434956 497.185076 278.044960 224.517260 173.876393 329.074460 352.035510 141.000000 338.309030 
157.000000 2.000000 3.000000 a 239.776980 122.641755 265.663321 212.200377 217.720004 324.007716 76.791927 184.252544 129.294238 364.773903 360.846228 376.324328 121.671689 209.690248 338.332677 209.976189 344.744833 251.161303 289.083033 157.848028 95.341491 85.796270 249.032126 215.594527 233.362379 202.121251 149.843251 132.400906 232.899120 162.459226 316.166096 160.015624 60.000000 367.766230 360.756150 300.081656 237.118114 227.264163 251.029879 280.317677 47.759816 60.901560 211.804155 210.107116 283.679397 216.584856 320.412234 333.024023 210.440015 299.006689 
121.000000 1.000000 4.000000 a 145.907505 205.876176 195.931110 114.634201 230.824609 250.225898 22.472205 136.693087 101.592323 278.384626 276.448910 356.799664 218.837840 169.008876 244.951016 220.054539 361.221539 154.324334 196.002551 92.962358 4.472136 178.518907 152.738338 287.939230 136.132289 108.171161 141.354165 134.937022 308.298557 99.984999 249.617708 72.201108 51.865210 351.536627 371.436401 335.524962 149.883288 213.243992 152.190670 300.885360 103.232747 98.351411 280.166022 172.351385 219.426525 133.988806 284.411673 302.200265 112.361025 270.379363 
197.000000 8.000000 5.000000 a 455.215334 372.941014 239.718585 418.001196 202.237484 237.539470 385.519131 251.644591 488.111668 305.001639 291.979451 30.886890 434.246474 218.888099 349.692722 205.455591 146.577624 365.168454 338.834768 298.492881 389.840993 400.041248 359.951386 343.588417 367.227450 346.001445 258.489845 274.874517 358.736672 291.240450 209.745083 337.877197 418.743358 41.012193 124.004032 216.584856 310.452895 180.247053 405.287552 177.132719 360.323466 346.307667 328.975683 214.897650 214.158820 300.081656 111.220502 89.000000 412.001214 117.085439 
156.000000 1.000000 5.000000 a 70.724819 369.283089 169.168555 65.513357 331.096663 187.259179 194.164878 196.010204 214.462118 164.514437 170.472872 384.984415 389.852536 219.045657 107.712581 319.532471 443.353132 44.598206 79.120162 163.465593 175.581890 347.864916 49.979996 438.771011 50.328918 86.371292 248.937743 256.329866 460.726600 166.877200 207.195560 127.318498 218.515446 386.120448 444.272439 444.668416 100.568385 284.344861 20.024984 396.627029 267.798432 257.899205 428.049063 225.375243 195.133288 118.118584 298.303537 321.238229 64.498062 301.240767 
191.000000 6.000000 1.000000 a 419.000000 360.600887 202.200396 382.294389 189.736660 198.929636 357.022408 220.429127 458.363393 266.852019 253.818833 30.364453 420.896662 187.840358 311.077161 190.850727 161.644672 327.768211 300.507903 266.627080 360.027777 384.246015 322.591072 341.123145 330.387651 310.362691 234.360833 252.031744 358.005587 259.347258 171.128607 304.573472 391.369391 43.566042 142.369238 224.644163 273.468463 157.432525 368.143994 178.538511 338.208516 323.519706 326.087412 184.458667 176.238475 264.092787 75.325958 54.817880 376.299083 86.815897 
246.000000 5.000000 3.000000 a 124.004032 458.415750 239.776980 143.586211 417.731971 239.459809 279.866039 282.391572 280.301623 189.446562 200.089980 453.583509 476.245735 302.416931 131.061054 406.295459 524.535032 128.701204 136.693087 252.875463 260.583960 435.298748 133.689940 528.909255 139.312598 176.025566 338.001479 346.092473 550.857513 255.876924 265.339405 217.451144 300.123308 456.633332 523.309660 530.947267 180.800996 367.800218 107.823931 481.339797 356.287805 347.040343 518.170821 308.818717 262.206026 202.180612 367.164813 390.216607 145.206749 374.861308 
122.000000 6.000000 4.000000 a 148.485690 304.821259 70.710678 114.236597 234.079046 110.000000 163.272778 99.809819 232.000000 131.867358 129.356098 282.985865 339.053093 117.613775 109.178753 222.829531 340.617087 59.236813 62.625873 84.172442 151.608047 294.170019 53.851648 359.535812 59.135438 47.434165 161.058995 173.461811 381.980366 83.677954 119.230868 75.392307 198.708329 283.388426 340.787324 346.716022 4.472136 183.002732 97.493590 296.575454 213.002347 199.123078 347.131099 124.016128 98.310732 20.248457 196.918765 219.544984 108.415866 197.909070 
240.000000 5.000000 5.000000 a 105.550936 247.194256 179.178682 72.006944 253.001976 228.484135 65.459911 139.517024 112.485555 247.095123 246.661712 361.474757 261.839646 172.052318 208.434642 241.665057 380.716430 115.316955 160.464949 92.347171 46.324939 221.253249 114.477072 326.148739 96.881371 74.946648 162.225152 160.580198 347.047547 99.503769 232.622011 54.230987 90.088845 357.815595 388.506113 362.283039 121.659361 225.718852 109.489726 323.273878 144.267113 137.437258 317.498031 176.638048 205.119477 111.395691 283.301959 303.052801 69.462220 273.402633 
163.000000 6.000000 3.000000 a 319.788993 94.894678 341.216940 294.681184 249.467433 400.031249 160.900590 254.866632 188.215302 445.609695 440.919494 419.980952 52.839379 275.263510 421.683531 245.051015 362.542411 335.335653 372.484899 236.254100 179.047480 53.488316 333.150116 185.690603 317.568890 286.001748 206.632524 186.702973 196.514630 239.885389 389.077113 243.296116 138.520757 409.497253 382.472221 303.916107 319.269479 276.739950 334.717792 299.282475 107.335921 123.308556 188.002660 274.249886 356.384624 297.733102 377.003979 385.918385 293.293368 352.205906 
234.000000 6.000000 4.000000 a 299.816611 264.639377 101.044545 261.296766 115.849040 133.723596 228.989083 91.760558 329.705930 207.684857 196.104564 131.548470 319.757721 59.135438 230.534162 109.073370 187.579317 217.349948 203.577995 138.293167 231.397926 278.212149 211.966979 276.028984 215.668727 189.789357 115.108644 134.807270 297.026935 131.026715 106.404887 177.814510 264.092787 129.015503 184.548097 210.983412 161.400124 56.035703 254.803846 156.246600 219.317122 203.666394 261.001916 55.946403 86.400231 146.013698 58.008620 74.094534 255.327241 43.289722 
257.000000 6.000000 4.000000 a 444.932579 482.121354 236.171548 415.404622 317.064662 196.379734 434.839051 297.712949 525.894476 232.034480 221.273586 170.105849 539.303254 270.484750 290.759351 315.153931 301.663720 345.962426 303.191359 335.475782 431.863404 498.623104 341.843531 475.820344 355.688066 349.721318 335.626280 355.485583 494.046557 328.799331 183.806964 361.669739 472.055082 184.043473 280.829130 365.547535 302.986798 269.764712 386.579875 317.921374 438.849633 422.933801 460.570299 270.186972 209.995238 305.275286 167.296145 164.805946 409.849973 195.071782 
152.000000 9.000000 3.000000 a 204.714435 236.033896 76.655072 165.196852 153.574086 135.440024 139.176147 18.601075 234.341631 189.169236 182.024724 231.147139 278.497756 43.737855 184.228119 142.172431 266.833281 135.723985 142.021125 40.706265 137.379038 233.452351 130.598622 281.513765 128.471787 96.384646 82.219219 97.493590 303.981907 33.615473 125.299641 78.230429 176.388775 228.177562 270.059253 266.833281 85.603738 106.929884 166.964068 218.277347 157.486507 141.682744 268.521880 49.477268 92.784697 62.241465 152.777616 172.244013 159.354950 142.898565 
162.000000 4.000000 2.000000 a 234.138848 124.919974 200.282301 198.496851 150.651917 259.092648 75.769387 113.635382 173.565550 308.366665 302.654919 301.943703 157.155973 136.014705 291.446393 141.421356 281.177880 215.034881 243.386524 99.005050 92.282176 112.040171 211.596314 197.567710 199.449242 163.490061 74.625733 58.309519 218.686991 101.316336 247.776109 119.268604 95.005263 293.860511 294.742260 246.975707 186.603858 152.594233 226.896452 218.036694 34.014703 18.027756 188.809428 135.871263 215.081380 163.110392 245.067338 257.606289 194.805031 223.600089 
171.000000 5.000000 4.000000 a 102.122475 441.530293 236.915597 124.310096 407.946075 242.192073 261.275716 272.684800 258.094944 198.116128 207.894204 452.382581 457.517213 294.550505 138.177422 396.408880 518.124502 119.281180 135.591298 240.453738 241.809843 417.163038 124.535136 514.164371 127.404866 163.355441 325.983128 333.016516 535.944027 243.961062 266.655208 203.039405 280.146390 454.737287 517.958493 521.464284 173.772840 360.001389 92.617493 472.897452 338.988200 330.334679 503.802541 300.926901 260.722074 193.600103 365.625491 388.711976 126.463433 371.576372 
137.000000 9.000000 1.000000 a 239.708156 159.423963 305.109816 219.513098 270.490296 362.215406 100.846418 229.211693 100.895986 395.834561 393.315395 428.253430 138.032605 256.898813 362.926990 262.786986 396.958436 271.118055 314.085975 196.644349 113.758516 116.361506 269.948143 254.892134 252.723169 226.296266 200.997512 184.295958 269.846253 202.272094 357.351368 188.679623 66.490601 419.948806 413.303762 350.142828 267.088000 278.958778 263.000000 332.459020 100.568385 113.216607 253.298243 257.945731 325.412046 249.274949 369.855377 383.400574 219.184853 349.496781 
110.000000 9.000000 2.000000 a 442.240885 96.566040 366.983651 407.412567 184.981080 419.753499 276.501356 282.150669 348.001437 485.192745 476.287728 341.812814 130.552671 282.294173 483.513185 189.763010 238.757199 419.058468 439.031890 294.462222 295.692408 138.293167 415.014458 23.769729 405.030863 368.240411 217.441946 203.081265 17.029386 293.470612 397.850474 325.356727 276.448910 328.298645 263.250831 164.769536 380.879246 242.249871 435.026436 190.394328 194.455650 199.361481 38.897301 277.613040 369.066390 356.181134 337.378126 335.185024 403.803170 308.131465 
282.000000 2.000000 5.000000 a 451.846213 120.602653 357.280002 415.447951 165.148418 407.338925 289.705022 276.400072 368.951216 475.550208 465.929179 312.032050 164.109719 272.121296 478.619891 171.842952 203.216633 420.297514 436.056189 294.679487 308.185009 164.684547 415.943506 25.317978 407.443248 370.563085 212.877899 201.340508 24.041631 292.754163 383.719950 329.200547 294.292372 298.241513 228.002193 128.316016 378.355653 225.177708 439.608917 159.154013 208.904284 211.009478 29.068884 266.895110 356.552941 353.786659 315.074594 310.729786 411.413417 285.847862 
261.000000 6.000000 1.000000 a 414.237854 64.815122 351.745647 380.295937 181.515840 406.355755 247.412611 264.682829 315.925624 469.248335 460.942513 346.447687 99.005050 268.268522 464.052799 184.358347 252.873486 395.782769 418.422036 272.635288 266.833281 105.550936 391.950252 41.484937 381.093164 344.535920 200.112468 183.967388 49.030603 272.281105 386.032382 300.980066 245.458754 333.397660 276.588141 181.705806 360.256853 234.787138 409.695009 198.977386 165.423698 171.711968 50.249378 264.092787 356.089876 335.626280 333.649517 333.713949 376.920416 304.685083 
266.000000 7.000000 5.000000 a 353.951974 161.375339 212.438226 314.311947 13.000000 258.135623 221.774660 144.249783 323.261504 329.054707 318.592216 182.452734 222.739758 129.541499 339.944113 21.470911 131.308796 297.880849 302.416931 178.339564 234.360833 190.205152 292.865157 149.090576 288.979238 254.007874 95.341491 98.270036 169.295599 173.677863 233.105126 220.911747 245.000000 170.590152 146.321564 106.329676 247.891105 73.756356 326.013803 68.183576 167.092789 157.035028 133.843192 123.490890 207.761883 224.899978 165.326949 164.468842 309.095455 136.124943 
289.000000 3.000000 4.000000 a 237.876018 164.003049 146.768525 198.587512 112.641023 204.677796 113.282832 57.314920 217.368351 261.323554 254.007874 244.233495 208.830074 74.431176 254.120050 101.390335 241.696090 192.520129 209.286884 67.007462 122.000000 164.283292 188.045207 212.953046 180.543624 143.934013 21.840330 26.832816 235.372046 64.660653 190.128904 106.042444 144.201248 237.255137 251.390135 222.712820 151.158857 95.880134 214.965113 182.964477 95.210294 79.202273 200.830775 73.817342 157.695910 126.463433 183.221178 196.644349 193.600103 162.828130 
162.000000 2.000000 1.000000 a 439.301719 437.687103 222.121588 406.492312 269.222956 195.125601 408.259721 269.050181 504.311412 246.546142 234.360833 114.039467 496.460472 239.008368 301.041525 268.560980 245.246814 341.825979 304.322198 310.961412 407.653039 457.403542 337.191340 425.027058 348.891100 337.170580 298.452676 317.718429 442.525705 303.907881 175.094260 342.301037 444.680784 128.097619 224.182961 310.357858 293.233695 227.200352 383.114865 264.168507 403.053346 387.504839 409.870711 237.541575 194.537914 290.929545 126.621483 118.431415 400.679423 151.400132 
251.000000 5.000000 5.000000 a 378.423044 32.000000 342.374064 346.770818 196.918765 399.449621 210.622886 253.096819 269.614540 457.157522 450.001111 368.452168 48.507731 262.908729 445.533388 196.725697 288.444102 370.401134 398.128120 252.192387 230.341051 58.137767 367.042232 91.049437 354.492595 318.863607 191.269443 172.490579 100.623059 253.160028 382.125634 274.532330 203.216633 356.237280 310.850446 221.846794 340.634702 241.615397 379.869715 229.444983 131.095385 141.060271 95.707889 259.753730 350.646546 316.509084 343.704815 347.177188 343.956393 315.753068 
164.000000 3.000000 1.000000 a 496.194518 213.600094 353.899703 457.091894 155.794737 393.117031 349.481044 290.621747 442.475988 466.804027 455.411901 243.347488 266.732075 274.262648 483.480093 166.973052 115.208507 444.207159 447.876099 323.125363 365.321776 257.194479 439.209517 130.034611 434.994253 399.606056 238.002101 235.321057 131.726990 318.943569 365.443566 364.446155 363.881849 229.264040 139.560023 49.729267 394.087554 212.190952 471.561237 104.403065 277.245379 273.541587 122.723266 268.001866 344.818793 371.247896 274.346496 262.611881 452.142677 247.630774 
211.000000 3.000000 4.000000 a 225.995575 127.475488 210.793738 191.927069 169.070991 269.551479 62.128898 126.570139 156.160174 315.520205 310.465779 320.220237 152.397507 151.092687 295.205014 159.965621 299.376018 214.897650 246.519776 105.721332 80.280757 108.046286 211.834841 206.552657 198.486775 163.572614 92.660671 76.896034 227.008810 109.142109 259.834563 119.239255 77.233412 312.270716 313.193231 263.594385 191.023559 170.844959 223.376364 236.002119 26.305893 16.970563 198.841646 151.426550 227.184947 168.428026 261.963738 275.045451 188.679623 241.101638 
229.000000 2.000000 1.000000 a 208.117755 210.772389 312.123373 195.317690 308.415304 366.383679 107.447662 246.343256 55.362442 390.530409 389.717847 457.473497 189.129585 276.875423 351.011396 299.666481 437.640263 256.826790 303.712035 206.867107 111.946416 168.157664 256.672944 306.066986 238.537209 218.295671 230.592715 216.480946 321.459173 213.459598 365.728041 187.800426 70.724819 450.317666 452.447787 395.323918 263.622837 308.650288 241.234326 373.550532 140.174891 149.482440 303.902945 279.028672 335.171598 249.609695 392.390112 408.064946 196.328806 374.797279 
296.000000 2.000000 5.000000 a 469.144967 129.711218 379.680129 433.318589 188.170136 430.084875 305.275286 298.041943 380.663894 497.997992 488.466990 333.325667 165.873446 294.516553 500.264930 194.833262 221.325552 440.408901 457.262507 314.925388 324.104921 172.525360 436.138739 37.483330 427.200187 390.308852 234.138848 221.882852 18.973666 313.249102 406.601771 348.420723 307.626397 319.452657 246.294539 145.907505 399.410816 248.163253 458.713418 180.277564 223.680576 227.035240 47.885280 289.359638 379.288808 374.786606 337.926027 333.330167 429.438005 308.715079 
196.000000 1.000000 1.000000 a 338.681266 123.065023 222.524156 299.821614 48.166378 273.402633 194.794764 143.265488 293.218349 340.825469 331.312541 220.839308 183.983695 137.360839 344.895636 47.413078 166.111408 292.697796 303.764712 168.315181 209.351379 150.801194 287.987847 125.781557 281.716169 245.415973 82.879430 77.665951 147.648231 165.012121 250.880450 207.935086 214.238185 209.308385 183.142021 127.094453 246.886614 96.337947 316.812247 101.607086 132.306462 124.100766 111.305885 132.185476 222.611770 222.712820 196.086716 198.123699 295.000000 167.502239 
128.000000 3.000000 3.000000 a 167.200478 434.152047 162.689889 161.771444 358.637700 147.078210 275.147233 228.652575 310.876181 90.049986 101.079177 366.269027 464.151915 239.827021 34.928498 347.932465 450.998891 100.244701 68.541958 214.170493 258.698666 420.023809 102.019606 490.560903 118.511603 149.271565 291.671048 304.547205 513.015594 214.406157 175.328264 193.038856 304.901623 370.951479 446.430286 468.367377 126.649122 302.301174 115.451288 415.577911 338.280948 325.677755 478.029288 246.008130 179.613474 151.347283 281.810220 304.401051 159.530561 294.108823 
139.000000 1.000000 4.000000 a 539.648033 235.915239 403.886123 501.008982 204.619158 443.639493 387.755077 338.422812 476.390596 517.243656 505.894258 289.110705 282.143580 323.402226 533.160389 215.520301 158.113883 491.480417 496.791707 368.897005 404.550368 280.321244 486.563459 143.003496 481.627449 445.800404 283.351372 278.820731 136.473441 365.089030 416.004808 409.213881 398.874667 275.181758 180.897761 99.959992 442.330193 262.148813 517.556760 154.870914 311.785182 310.035482 140.911320 317.200252 395.217662 419.144367 324.322370 311.955125 496.243892 297.892598 
144.000000 7.000000 1.000000 a 58.694122 330.068175 160.527256 31.890437 302.049665 190.905736 153.587109 169.047331 179.234483 183.869519 187.323250 371.946233 349.445275 195.576072 133.405397 290.396281 419.543800 43.011626 92.763139 131.209756 134.974072 307.702779 46.141088 401.871870 31.780497 56.364883 216.510970 222.031529 423.624834 135.665029 205.915031 91.285267 178.179685 371.655755 422.403835 415.481648 88.277970 259.624729 20.880613 369.499662 228.081126 218.689277 391.618437 201.675482 187.962762 98.310732 286.447203 308.857572 28.301943 285.567855 
125.000000 4.000000 3.000000 a 306.809387 46.818800 267.917898 273.206881 152.869225 325.858865 140.121376 178.488095 216.674872 381.020997 374.300681 323.711291 88.955045 192.044266 367.983695 148.529458 269.429026 293.143310 320.477768 174.656806 159.452187 47.201695 289.689489 129.529919 277.504955 241.598841 120.166551 100.284595 148.529458 175.823775 310.464169 197.362610 141.509717 313.051114 288.201319 216.923950 263.058929 183.002732 304.113466 205.302216 58.051701 64.884513 124.354332 189.736660 278.325349 239.018828 284.838551 292.061637 269.981481 258.804946 
132.000000 5.000000 3.000000 a 236.372587 384.255124 74.027022 210.622886 269.312087 26.907248 267.944024 163.150238 339.835254 48.548944 37.161808 246.107700 427.519590 157.990506 87.361319 260.271013 341.484992 137.742513 92.444578 175.513532 258.118190 382.423849 134.238594 420.116650 150.096636 154.175225 226.141549 244.002049 442.245407 171.563399 56.639209 181.471761 304.507800 251.835264 333.766385 370.129707 106.301458 208.542562 177.158121 315.387064 304.909823 289.499568 405.960589 162.788206 73.925638 119.707978 164.295466 186.010752 205.548048 181.107703 
207.000000 2.000000 5.000000 a 478.257253 139.089899 386.680747 442.330193 193.662077 436.589052 314.579084 305.692656 390.089733 504.940591 495.294862 335.560725 174.393234 301.524460 507.923223 200.691305 221.237429 448.826247 465.188134 323.278518 333.378164 181.796590 444.524465 46.690470 435.739601 398.848342 242.012396 230.097805 28.231188 321.502722 412.807461 357.113427 317.050469 321.616231 246.272207 145.773797 407.413795 254.023621 467.449463 182.562318 233.032187 236.279496 56.302753 296.287023 385.814722 382.815883 342.422254 337.262509 438.419890 313.269852 
190.000000 5.000000 1.000000 a 166.769302 355.257653 76.550637 141.173652 270.275785 83.186537 214.462118 142.077444 275.601161 81.394103 81.024688 289.352726 391.000000 151.476071 60.166436 259.624729 364.856136 67.977938 27.892651 135.236829 201.675482 346.023121 64.498062 405.563805 80.802228 90.917545 206.242576 220.601451 428.033877 133.843192 104.172933 126.649122 249.064249 292.289240 361.668356 380.063153 48.662100 214.014018 107.837841 327.519465 265.092437 251.001992 392.581202 157.632484 97.862148 71.007042 202.832443 225.893780 136.242431 211.177650 
134.000000 8.000000 2.000000 a 94.921020 278.915758 140.235516 55.027266 253.797163 184.200977 108.018517 124.723695 159.154013 197.739728 197.770069 339.023598 301.099651 154.379403 158.927656 242.142520 375.150636 67.119297 110.724884 82.298238 91.350972 258.383436 65.620119 349.674134 49.000000 26.907248 166.234774 170.590152 371.441785 87.726849 191.942700 39.824616 137.931142 337.148335 379.802580 366.674242 75.166482 215.712772 72.201108 322.460850 177.730133 167.547008 339.425986 160.031247 167.502239 70.936591 256.322063 277.650860 49.396356 251.017928 
193.000000 9.000000 2.000000 a 260.219138 106.367288 207.639110 223.892832 128.860390 265.936083 102.956301 118.456743 198.841646 320.039060 313.408679 287.689068 147.299016 135.148067 307.600390 120.602653 258.027130 235.696839 260.537905 114.337221 119.570063 102.615788 231.935336 172.104619 220.945695 184.390889 65.802736 46.097722 193.600103 115.117331 251.813423 140.890028 119.820699 278.713114 272.737969 220.839308 202.785601 139.628077 250.265859 194.208651 42.047592 30.265492 162.732910 133.723596 219.364993 178.538511 237.185581 247.632793 219.972726 213.621160 
108.000000 2.000000 4.000000 a 464.281165 483.140766 251.859088 433.609271 315.356941 216.104142 446.010090 307.546744 539.433963 256.124969 245.002041 159.022011 541.479455 278.829697 314.128954 314.429642 289.027680 365.559845 324.229857 347.355725 444.110347 501.861535 361.265830 471.513520 374.456940 366.476466 341.123145 360.679913 488.992842 340.489354 200.960195 375.825757 482.912000 173.158887 267.119823 355.731640 320.576044 271.803238 406.492312 310.319191 445.310004 429.577700 456.356221 277.937043 224.948883 321.211768 170.000000 163.856645 427.954437 196.114762 
231.000000 7.000000 4.000000 a 398.208488 322.605022 186.681547 360.355380 151.726728 194.427364 325.170724 191.415778 427.675110 266.595199 253.647393 31.064449 382.968667 158.672619 305.001639 152.895389 136.623570 310.871356 288.624323 238.379949 329.400971 346.586209 305.565050 304.322198 311.565402 288.444102 199.323857 216.363121 321.659758 231.144976 165.051507 278.312774 358.615393 31.384710 121.235308 193.064756 255.362487 121.490740 350.178526 144.128415 302.324329 287.923601 289.209267 154.563903 163.049072 243.187171 58.180753 35.355339 354.361397 57.218878 
158.000000 9.000000 1.000000 a 344.058135 99.538937 364.373435 319.452657 263.250831 423.192628 185.973116 277.276036 209.246266 469.860618 464.991398 435.124120 44.011362 296.508010 446.542271 259.724854 371.187284 360.401165 397.363813 260.247959 204.071066 65.115282 358.201061 183.221178 342.644130 311.001608 226.742144 206.661559 191.376592 263.685419 411.533717 268.186502 163.049072 424.199246 392.020408 309.302441 343.889517 294.390897 359.706825 308.974109 130.361037 146.102704 187.541995 295.194851 378.868051 322.158346 395.622295 403.583944 318.135191 370.135110 
187.000000 8.000000 2.000000 a 425.405689 75.006666 363.100537 391.632481 190.800943 417.528442 258.379566 276.202824 325.345970 480.692209 472.331451 354.035309 103.696673 279.458405 475.716302 194.054116 257.421833 407.461655 430.116263 284.339586 277.850679 114.236597 403.635975 42.190046 392.745465 356.202190 211.589225 195.563289 44.011362 283.978872 397.001259 312.617978 255.697086 340.847473 281.442712 185.067555 371.948921 244.965304 421.246958 205.204776 176.476627 183.051905 53.758720 275.219912 367.196133 347.315419 343.209848 342.791482 388.293703 314.162378 
150.000000 6.000000 2.000000 a 387.827281 417.451794 173.326282 356.140422 255.665797 141.598023 368.266208 230.625237 460.792795 192.574661 180.269243 130.387883 473.764710 203.216633 246.710356 252.699426 259.279772 289.663598 250.798724 269.200669 365.842862 432.539016 285.170125 416.557319 297.605443 288.201319 268.793601 288.729978 435.679928 262.419511 123.490890 297.069016 405.365267 142.677959 241.598841 315.990506 242.870336 205.104851 330.860998 265.007547 371.704183 355.763967 401.260514 202.943342 146.263461 242.668498 103.406963 105.574618 350.416895 132.280006 
104.000000 8.000000 4.000000 a 335.107445 440.959182 146.823023 309.232922 297.082480 92.698436 353.402037 228.667881 433.664617 114.070154 103.585713 210.418630 491.450913 210.641876 173.277235 291.015464 331.126864 236.579796 190.339171 255.162693 346.343760 447.487430 233.060078 458.132077 248.696602 249.721845 282.561498 302.393783 479.009394 249.649755 94.894678 271.029519 390.824769 220.771375 316.766475 377.927242 201.467119 238.170107 275.768018 323.805497 376.315028 360.256853 443.072229 213.046943 127.475488 210.011904 153.310143 166.940109 304.067427 180.623919 
130.000000 9.000000 1.000000 a 339.554119 240.301893 153.482898 300.041664 74.215901 186.796681 244.730464 121.198185 348.518292 261.078532 249.359179 113.251932 299.456174 91.214034 283.593018 71.693793 136.180028 263.856021 254.615396 167.505224 251.205095 261.619953 258.489845 235.764713 260.000000 230.566693 114.634201 130.736376 255.538647 160.701587 158.760826 210.611016 276.394645 105.309069 136.165341 157.889202 208.540164 36.400549 299.162163 102.956301 216.363121 202.200396 220.483559 85.375641 140.000000 190.276115 78.447435 79.177017 294.205710 49.244289 
202.000000 7.000000 4.000000 a 364.396762 96.834911 261.696389 326.534837 81.706793 313.249102 210.667985 180.024998 302.696217 380.055259 370.734406 250.635193 158.600126 176.589920 382.236838 84.403791 176.366097 325.729949 339.889688 200.204895 227.297162 132.774244 321.224221 85.842880 313.636733 276.898899 116.846053 106.826963 107.870292 197.770069 290.910639 237.059064 224.040175 238.214189 196.888293 121.264174 282.363241 135.723985 347.220391 113.877127 137.539085 133.794619 71.589105 171.607109 262.480475 257.877878 233.653590 233.985042 322.076078 204.687567 
249.000000 9.000000 2.000000 a 328.493531 188.297637 403.112887 313.576147 339.754323 460.825347 200.743618 323.422325 174.596678 495.791287 493.206853 507.445564 136.003676 348.644518 462.276973 334.324692 456.070170 369.687706 413.620599 294.592939 213.506440 147.363496 368.781778 275.219912 351.250623 325.960120 285.727143 266.850145 283.176623 299.803269 454.528327 288.624323 166.087326 497.683634 475.600673 397.834136 367.042232 360.679913 358.615393 392.475477 181.024860 196.596033 279.213180 348.826604 422.214401 349.012894 457.511748 468.721666 313.996815 434.681493 
229.000000 6.000000 1.000000 a 101.237345 345.637093 126.289350 78.492038 293.155249 147.962833 181.011049 157.813181 222.353322 137.178716 140.584494 342.032162 372.034945 178.616908 89.000000 281.716169 402.244950 6.000000 46.010868 130.698125 164.438438 328.495053 9.433981 409.205327 24.331050 57.280014 214.618266 224.116041 431.448722 132.879645 165.978914 101.651365 210.736803 343.187995 402.498447 406.419734 58.180753 244.075808 42.449971 357.200224 246.975707 235.314683 397.709693 185.000000 152.472948 77.801028 255.362487 278.289418 74.330344 258.427940 
137.000000 4.000000 3.000000 a 181.218101 322.893171 41.761226 149.271565 231.924557 72.801099 195.432853 105.650367 268.700577 103.696673 98.716767 257.815826 361.796904 113.159180 97.529483 221.325552 327.615628 85.000000 63.007936 106.212052 185.399569 316.632279 80.024996 369.358904 90.801982 84.628600 170.329093 185.722912 391.807351 103.392456 83.522452 108.756609 231.846932 259.678648 325.207626 341.672358 36.715120 175.641681 126.099167 289.249028 237.035862 222.193609 356.117958 119.281180 67.268120 47.010637 170.988304 194.030925 143.617548 176.476627 
162.000000 1.000000 5.000000 a 67.007462 300.083322 236.393739 64.404969 324.445681 277.838082 118.067777 210.000000 89.677199 279.458405 282.157757 430.679695 302.696217 242.101219 229.473310 313.198020 452.656603 137.974635 188.223272 163.049072 99.864909 267.406058 140.007143 385.922272 122.429572 121.671689 233.653590 230.688101 405.764710 170.011764 287.586509 121.334249 122.036880 427.673941 460.506243 432.502023 168.813507 297.516386 109.658561 394.777152 199.649693 196.814634 378.726814 247.018218 263.706276 167.140659 350.178526 370.807228 68.117545 342.406192 
194.000000 5.000000 4.000000 a 469.819114 311.554169 272.547244 430.390520 153.378617 289.499568 367.396244 251.531310 471.349128 363.049583 350.224214 85.094066 373.273358 221.488149 397.575150 161.297861 53.160135 391.081833 375.898923 297.437388 376.299083 345.441746 385.696772 264.877330 388.650228 360.471913 233.944438 245.122418 277.086629 290.764510 259.788375 340.837205 395.576794 72.917762 29.154759 127.475488 335.180548 162.443836 427.865633 101.533246 323.363572 311.910243 251.336428 215.745220 252.414342 318.760098 152.226804 131.552271 424.537395 137.905765 
104.000000 2.000000 4.000000 a 392.922384 292.697796 189.620674 354.132743 121.511316 206.649462 307.327187 179.069819 410.896581 280.722283 268.016791 51.855569 353.526520 147.013605 314.101894 123.745707 111.892806 310.227336 292.933440 226.179133 313.198020 318.276609 304.854063 272.121296 309.006472 282.931087 177.538728 193.196791 289.387284 219.111844 176.918060 268.029849 339.312540 42.485292 100.657836 162.603813 254.259710 99.368003 348.104869 112.361025 278.212149 264.412556 257.029181 142.014084 168.964493 239.403425 70.434367 52.801515 348.186732 54.589376 
133.000000 1.000000 2.000000 a 353.503890 30.805844 330.552568 322.925688 201.136769 388.506113 186.067192 241.132744 241.290282 443.190704 436.660051 373.804762 31.144823 254.188906 428.370167 199.278699 302.557433 350.222786 380.301196 235.478237 205.766858 30.610456 347.109493 116.520384 333.808328 298.839422 182.167505 162.505385 128.062485 237.134983 372.903473 254.466108 176.323566 362.173991 323.964504 239.476512 323.488794 240.010416 357.561184 241.304787 109.201648 121.016528 119.067208 251.644591 340.851874 299.808272 342.476277 347.828981 320.370098 315.387064 
103.000000 4.000000 5.000000 a 277.838082 76.485293 269.091063 246.876487 184.707877 327.881076 110.145359 181.648011 176.663522 376.697491 371.247896 351.216457 90.448881 201.357890 357.236616 178.619708 306.819165 275.943835 308.525526 166.868211 129.865315 46.840154 273.075081 168.237927 259.123523 224.899978 133.003759 113.229855 185.841330 169.705627 315.901884 180.737379 104.235311 341.463029 324.471879 257.328584 253.001976 205.182845 281.788928 242.332416 36.055513 50.990195 164.395864 200.324736 283.240181 230.217289 304.139771 313.958596 244.311277 280.046425 
257.000000 3.000000 3.000000 a 299.282475 244.560831 111.865991 260.099981 96.690227 150.233152 217.264815 84.214013 319.452657 223.188261 212.002358 138.740765 300.128306 52.009614 242.243679 89.358827 178.891028 221.415898 212.084889 131.381125 221.162836 258.971041 216.041663 256.000000 218.048160 189.662859 97.580736 116.846053 277.115499 124.257797 124.040316 173.026010 251.382179 134.212518 178.465683 196.086716 165.945774 36.055513 257.256681 142.003521 202.277038 186.868938 241.018671 47.095647 101.118742 148.189068 74.276510 86.821656 254.196774 53.235327 
281.000000 7.000000 3.000000 a 264.272587 120.016666 190.515091 226.490618 107.670795 248.072570 116.180893 101.123687 216.333077 305.321142 298.015100 263.622837 166.676333 114.162165 296.863605 98.655968 238.134416 230.488611 251.097591 105.702412 130.633074 122.930875 226.353706 173.556907 216.981566 180.094420 42.941821 22.825424 195.726850 105.004762 232.361787 138.405202 138.003623 254.772447 251.793566 205.766858 192.924856 115.420969 248.823230 175.102827 65.863495 52.554733 162.542302 112.160599 200.242353 168.291414 213.356509 223.517337 222.103579 189.525724 
291.000000 4.000000 3.000000 a 265.067916 160.639348 152.554908 225.523835 84.118963 208.060087 140.431478 66.730802 244.386988 270.129599 261.725047 221.382023 211.513593 70.710678 268.888453 72.801099 213.122031 214.336185 226.311732 90.785461 150.119952 168.620877 209.602004 197.010152 203.666394 167.657389 7.000000 24.083189 219.462981 86.977008 189.928934 132.306462 169.546454 213.527516 223.143452 195.133288 168.940818 72.006944 239.420133 154.402073 109.986363 95.000000 183.872238 67.683085 158.619040 144.585615 167.026944 177.991573 220.383756 143.934013 
178.000000 3.000000 4.000000 a 477.192833 284.121453 292.200274 437.343115 141.031911 316.254644 361.199391 257.769277 464.009698 390.824769 378.272389 126.301227 345.079701 230.586209 420.629290 151.029798 12.206556 404.783893 394.716354 301.370204 372.131697 321.056070 399.425838 228.422853 400.412288 369.720164 229.157151 237.052737 238.801173 295.203320 286.630424 345.324485 386.331464 113.030969 15.132746 86.838931 349.566875 166.688332 439.458758 75.960516 308.753947 298.939793 215.724361 224.403654 274.972726 330.945615 181.603965 163.453357 431.653796 161.966046 
140.000000 5.000000 3.000000 a 335.943448 161.820889 195.657865 296.249895 14.035669 242.787973 206.620425 125.872952 309.001618 312.865786 302.630137 183.152942 222.146348 112.004464 322.418982 8.062258 145.031031 279.458405 284.401125 160.065612 218.506293 186.938493 274.448538 160.049992 270.542048 235.601358 77.833155 82.492424 181.044193 155.331903 218.508581 202.805325 231.311478 172.154001 158.145503 124.555209 229.630137 60.033324 307.605267 83.743656 156.320184 145.134420 145.003448 106.066017 192.169196 206.552657 157.190967 158.776573 290.998282 128.413395 
225.000000 1.000000 3.000000 a 54.009258 322.913301 165.604952 22.022716 300.123308 198.406149 144.806768 168.466614 168.466614 193.752419 196.900990 375.046664 340.992669 196.086716 143.961800 288.461436 419.314917 52.402290 102.532922 128.701204 125.928551 299.628103 55.000000 396.203231 38.910153 56.753854 213.403374 218.013761 417.825322 133.600150 212.360542 87.206651 168.428026 374.363460 422.810832 413.319489 93.557469 259.416653 30.066593 368.176588 220.565183 211.653018 386.218850 202.071769 193.189027 101.178061 290.062062 312.270716 17.804494 288.133650 
195.000000 2.000000 1.000000 a 463.996767 357.246414 252.509406 425.921354 188.600106 256.353272 383.725162 254.135790 487.283285 326.165602 313.129366 36.769553 418.951071 221.652882 368.061136 193.313217 118.697093 376.948272 353.865794 301.303833 389.515083 386.700142 371.646337 321.927010 377.637392 354.108740 253.402841 268.391505 336.074397 294.151322 227.633477 342.328789 415.562270 36.000000 95.336247 190.685605 321.460729 175.513532 416.273948 155.080624 352.404597 339.094382 307.631273 217.018432 228.319951 309.103543 123.369364 100.284595 419.934519 122.200655 
182.000000 8.000000 2.000000 a 486.990760 292.499573 300.852123 447.153218 151.013244 323.882695 371.227693 267.540651 474.004219 398.327754 385.716217 129.541499 353.260527 240.160363 428.924236 161.049682 20.880613 414.131622 403.546775 311.269979 382.179277 329.848450 408.768883 234.797785 409.913405 379.381075 239.207023 247.072864 244.493354 305.080317 294.210809 355.218243 396.283989 116.691902 17.888544 92.195445 358.825863 176.459627 448.986637 85.375641 318.487048 308.768522 222.396043 234.000000 283.218997 340.379200 188.501989 169.752761 441.454414 169.729196 
162.000000 8.000000 5.000000 a 374.204490 309.523828 163.490061 336.334655 140.427917 174.450566 303.059400 168.121980 405.093816 247.745838 234.912750 55.009090 369.012195 135.366170 283.867927 139.942845 147.176764 287.221169 265.926682 214.946505 306.757233 331.253679 281.902465 297.941269 287.701234 264.425793 179.446371 197.200406 316.303652 207.694487 144.806768 254.544692 337.001484 54.571055 135.000000 196.155551 231.613903 102.825094 326.377083 144.124946 283.402541 268.650330 282.688875 131.472431 140.527577 219.209945 37.013511 17.464249 330.340733 33.541020 
264.000000 8.000000 1.000000 a 298.328678 101.921538 212.339351 260.526390 87.846457 268.067156 147.383853 124.779806 244.376758 329.437399 321.311375 255.196003 156.668440 130.464555 325.121516 81.492331 214.112120 262.573799 280.588667 137.058382 162.963186 116.824655 258.278919 141.767415 249.633732 212.758079 60.299254 44.598206 164.149322 135.506457 249.575640 171.825493 165.339046 245.000000 229.956518 175.328264 222.467975 113.463651 282.214457 149.856598 83.725743 75.059976 130.000000 127.011810 218.515446 197.772597 215.603803 222.423020 256.113256 189.251156 
166.000000 5.000000 4.000000 a 105.076163 307.689779 114.424648 70.604532 260.837114 150.455974 145.674294 125.924581 198.214530 157.841693 158.404545 324.681382 334.607232 150.306354 119.100798 249.262913 374.786606 32.310989 70.519501 94.201911 130.230565 290.869386 28.861739 372.001344 20.000000 19.416488 179.212165 187.627290 394.182699 97.082439 162.249807 63.788714 177.341479 324.422564 376.782431 374.423557 42.720019 215.176672 58.600341 326.741488 209.258214 197.436066 360.717341 156.540730 142.042247 51.195703 239.253004 261.619953 64.845971 238.379949 
274.000000 4.000000 1.000000 a 121.049577 466.129810 263.136847 147.597425 435.109182 266.024435 284.613773 299.868304 274.410277 217.830209 228.315571 478.156878 480.401915 321.726592 159.012578 423.565815 545.201798 146.478667 161.012422 267.286363 265.005660 440.709655 151.726728 540.023148 154.466825 190.223553 352.852660 359.610901 561.711670 270.896659 291.247318 229.314195 301.691896 480.759815 544.882556 548.639226 200.830775 387.180836 119.004202 500.099990 363.368958 355.174605 529.838655 328.105166 286.503054 220.791757 391.492018 414.575687 150.296374 398.001256 
174.000000 9.000000 2.000000 a 65.069194 298.881247 231.935336 60.464866 321.161953 273.382516 116.275535 206.009709 92.227978 275.268959 277.901062 426.521981 302.398743 238.052515 225.534920 309.885463 449.161441 133.794619 184.043473 159.113167 97.800818 266.672083 135.771867 384.192660 118.139748 117.200683 230.360587 227.668619 404.144776 166.048186 283.114818 117.209215 121.593585 423.571718 456.869785 429.513678 164.347193 293.748191 106.004717 391.480523 198.070694 194.905105 376.852756 243.002058 259.254701 162.689889 345.897384 366.565137 64.031242 338.245473 
131.000000 4.000000 4.000000 a 315.784737 125.299641 356.628658 293.874123 277.108282 415.234873 165.511329 272.547244 174.928557 456.938727 453.017660 446.350759 78.847955 295.101677 429.408896 272.148856 392.188730 340.330722 380.171014 249.561616 182.024724 83.522452 338.591199 215.281211 322.187833 292.646544 228.674441 209.124365 225.284265 253.870045 406.073885 251.531310 137.524543 436.202934 411.825206 334.215499 329.101808 301.280600 336.007440 328.671569 125.642350 141.739197 218.036694 294.598031 373.423352 308.755567 400.196202 410.131686 293.097253 376.223338 
266.000000 4.000000 2.000000 a 252.352927 370.850374 62.625873 223.651515 247.695377 4.242641 266.810794 151.009933 345.210081 74.411021 62.008064 218.680132 416.760123 141.014184 113.885908 239.175668 315.103158 153.378617 112.445542 170.390727 258.822333 371.927412 149.271565 401.646611 163.477827 161.604455 211.532503 230.254207 423.562274 165.529454 29.832868 182.980873 304.021381 224.376915 306.897377 345.823654 113.463651 186.601179 194.095337 290.903764 296.627713 280.855835 387.218285 145.168867 53.338541 121.655251 137.000000 158.600126 218.247566 154.563903 
114.000000 5.000000 5.000000 a 221.531036 188.679623 308.914228 205.294910 292.097586 364.560009 102.303470 238.533017 74.431176 392.867662 391.311896 445.067411 166.832251 268.001866 356.140422 283.769272 420.304651 262.688028 308.029219 201.734975 110.639053 145.835524 262.083956 284.073934 244.264201 221.165097 217.494828 202.249845 299.247389 207.966343 362.088387 187.296556 64.815122 437.411705 435.784350 376.021276 264.756492 295.787086 250.353750 355.984550 122.482652 133.154046 282.177249 269.696125 330.854953 249.018072 382.744040 397.537420 205.703670 363.939555 
197.000000 1.000000 5.000000 a 292.849791 111.825757 202.417885 254.678228 83.522452 258.048445 145.330657 115.121675 244.182309 319.640423 311.448230 248.213618 165.945774 120.415946 315.912963 76.157731 211.945748 254.636997 271.692841 129.003876 160.112460 125.431256 250.265859 150.376195 242.033056 205.204776 50.487622 35.777088 172.812037 127.141653 239.526616 164.939383 165.366260 238.314918 226.920691 176.570099 213.637544 104.809351 275.176307 148.121572 86.585218 76.321688 138.235307 116.965807 208.470621 188.957667 206.634944 213.964950 250.137962 180.601772 
159.000000 7.000000 4.000000 a 368.408740 66.640828 284.423979 331.905107 114.061387 338.001479 207.761883 199.180822 292.720003 402.492236 393.753730 283.647669 127.624449 200.104972 400.675679 115.767007 205.428820 338.245473 356.545930 212.941306 225.800797 106.512910 334.031436 65.764732 324.890751 288.001736 134.480482 120.540450 88.102213 211.539594 317.025236 246.099573 215.675682 271.204720 226.947130 144.308697 298.464403 165.326949 356.432322 144.616735 128.798292 128.968989 54.817880 195.655309 287.503043 273.775455 265.005660 266.159726 327.867351 236.247751 
203.000000 8.000000 2.000000 a 164.368488 279.594349 63.285069 127.062977 206.480023 114.477072 149.093930 71.840100 228.037278 150.266430 145.773797 264.612925 316.158188 91.268834 134.851770 195.166596 315.412428 84.059503 89.961103 60.033324 140.206990 271.066413 78.771822 332.079810 79.711982 55.145263 133.270402 146.184815 354.539137 58.215118 116.606175 64.381674 185.924716 263.946964 316.589640 319.394740 32.449961 156.706732 118.928550 269.803632 190.759010 176.229963 319.538730 97.637083 89.899944 9.848858 180.044439 202.022276 121.066098 177.766701 
135.000000 4.000000 4.000000 a 338.923295 29.068884 284.015845 304.455251 143.010489 340.647912 173.254149 195.092286 250.529439 399.782441 392.249920 315.686553 89.140339 203.666394 390.913034 141.209065 248.863416 320.156212 344.431416 198.217053 192.353841 60.406953 316.425347 95.441081 305.221231 268.784300 132.306462 114.000000 114.769334 198.406149 322.876137 225.035553 175.641681 304.108533 269.252669 190.821906 286.434984 183.371208 333.541602 186.118242 91.350972 96.046864 90.338253 200.412075 291.547595 261.963738 285.772637 290.353233 300.986711 258.265367 
254.000000 1.000000 4.000000 a 164.304595 280.585103 62.769419 127.098387 207.183494 113.701363 149.966663 72.622311 228.674441 149.281613 144.806768 264.682829 317.157689 91.809586 133.880544 195.880065 315.886055 83.528438 89.050547 61.032778 141.014184 272.066168 78.230429 333.001501 79.378838 55.226805 134.164079 147.122398 355.461672 59.211485 116.017240 65.115282 186.775266 264.070066 316.992113 320.062494 31.622777 157.257750 118.595953 270.408950 191.755052 177.228666 320.449684 98.183502 89.470666 9.486833 180.024998 202.039600 121.103262 177.910090 
154.000000 4.000000 3.000000 a 406.617757 57.008771 346.216695 372.778755 178.843507 401.150844 239.708156 258.804946 308.172030 463.518069 455.329551 345.249185 93.085982 263.068432 457.683297 181.231896 254.153497 388.799434 411.868911 265.949243 259.146677 97.989795 385.001299 46.389654 374.012032 337.502593 194.365635 177.901658 56.044625 265.706605 381.158760 293.860511 237.648901 332.326647 277.622045 183.918460 353.725883 231.041122 402.404026 199.060292 157.746632 164.195006 53.310412 259.001930 351.005698 329.120039 330.552568 331.122334 369.431996 301.691896 
252.000000 8.000000 1.000000 a 381.365966 196.824795 220.417785 341.470350 37.000000 259.422435 257.437371 165.051507 360.000000 332.885866 321.566478 150.096636 258.605878 143.753261 350.473965 47.381431 94.085068 318.001572 316.812247 204.501834 268.910766 227.982455 312.800256 170.135240 310.909955 277.492342 126.696488 133.240384 187.970742 199.022612 232.155121 248.169297 282.299486 137.306227 107.517440 86.833173 265.307369 79.309520 349.057302 35.846897 205.975727 195.473783 154.983870 137.360839 210.867257 243.823707 149.053682 143.136299 336.014881 120.266371 
233.000000 5.000000 1.000000 a 225.523835 173.184872 139.086304 186.142419 123.975804 197.517088 106.230881 50.289164 210.040472 252.031744 245.099980 249.303028 215.740585 72.346389 243.041149 112.578861 252.049598 180.005555 197.699267 54.405882 113.357840 170.836179 175.570499 224.955551 167.886867 131.244047 33.541020 39.115214 247.341869 52.354560 184.458667 93.407708 138.924440 242.915623 261.015325 234.829726 139.517024 102.591423 202.237484 194.180329 98.005102 81.884064 213.009389 72.835431 151.822265 114.825955 184.835062 199.461776 181.110464 166.003012 
138.000000 6.000000 1.000000 a 409.958534 123.490890 295.530032 371.827917 99.503769 343.677174 256.702162 218.833270 347.404663 413.309811 403.267901 250.049995 181.859836 210.772389 419.935709 106.887792 153.837577 368.110038 379.357351 243.181003 273.424578 165.221064 363.452886 68.029405 356.742204 320.224921 158.221364 150.615404 85.375641 240.208243 319.277309 281.442712 269.111501 236.577683 177.138364 86.729464 322.592622 160.124951 391.173874 99.624294 182.186717 179.387848 53.235327 205.197466 293.027302 298.429221 249.064249 245.165250 367.265571 219.822656 
297.000000 2.000000 4.000000 a 469.092741 416.120175 250.199920 433.555071 244.934685 236.516384 414.798746 277.276036 515.503637 297.168302 284.416947 72.945185 476.945490 244.934685 347.332694 247.008097 193.752419 375.005333 343.222960 322.869943 417.258912 441.243697 370.000000 390.417725 379.337581 362.063530 292.882229 310.497987 405.942114 315.597845 211.603403 359.449579 449.449663 85.959293 170.575496 264.370952 322.397270 215.800834 416.010817 224.403654 396.648459 382.007853 375.686039 241.867732 223.035872 315.420354 129.988461 111.892806 427.590926 144.941367 
120.000000 6.000000 3.000000 a 324.819950 35.440090 304.138127 293.819673 187.970742 362.436201 157.155973 214.946505 217.448845 415.582723 409.332383 360.001389 50.960769 229.897803 399.624824 184.588732 298.328678 320.887831 351.400057 207.086938 176.875663 10.770330 317.804972 130.942736 304.428974 269.536639 158.240324 138.235307 145.907505 209.002392 347.844793 225.175487 149.281613 348.982808 318.427386 240.149953 294.821980 221.110832 328.184399 235.238177 79.812280 91.923882 130.230565 227.771816 315.539221 271.311629 323.136194 330.000000 291.194093 296.897289 
196.000000 4.000000 5.000000 a 370.325532 102.004902 384.438552 345.370815 271.543735 443.180550 211.142132 296.366327 235.212670 491.863802 486.621002 444.173390 40.224371 313.847097 470.128706 269.072481 373.016085 385.019480 421.042753 281.996454 229.512527 77.414469 382.691782 175.137089 367.396244 335.214856 242.917682 222.800359 180.399557 285.070167 430.387035 292.001712 189.171880 432.751661 394.756887 307.956166 366.852832 307.058626 385.229802 312.313945 151.251446 166.508258 181.463495 312.123373 397.819054 344.681012 409.118565 415.837709 343.960754 382.827637 
142.000000 5.000000 2.000000 a 234.753062 336.168113 27.730849 202.714084 218.563492 31.575307 233.805475 115.918075 315.868644 98.488578 87.920419 212.084889 381.643813 107.563934 122.200655 209.403916 296.298836 137.615406 105.759160 136.191042 226.808289 336.786282 132.849539 369.411694 144.367586 135.959553 177.101666 195.576072 391.492018 131.061054 30.083218 152.069063 271.204720 215.675682 290.518502 320.975077 89.537702 157.990506 178.907797 266.537052 261.520554 245.725457 355.185867 112.147225 24.207437 92.417531 126.142776 149.053682 197.010152 137.800581 
225.000000 4.000000 5.000000 a 316.551734 398.493413 112.538882 287.167199 254.196774 68.007353 318.152479 188.915325 403.094282 117.652029 104.995238 179.605122 449.704347 169.008876 170.425937 248.000000 294.015306 217.623528 176.082367 218.819560 312.544397 406.016010 213.459598 415.077101 227.305961 222.784649 240.651200 260.599309 436.000000 212.868504 58.728187 238.949786 355.688066 188.430358 281.256111 337.468517 175.353928 195.092286 258.383436 282.962895 336.328708 320.220237 400.031249 171.081852 89.643739 179.836036 113.463651 129.495174 281.661144 139.560023 
260.000000 4.000000 4.000000 a 213.845739 172.539850 144.367586 174.837067 137.640837 203.160035 91.214034 58.309519 194.941017 254.238077 247.977822 264.092787 211.482860 84.219950 241.615397 126.384334 266.492026 173.772840 195.058965 49.040799 98.249682 166.330995 169.593632 230.208601 160.589539 123.709337 46.840154 47.507894 252.438111 49.030603 192.005208 83.438600 124.390514 257.846854 275.800653 247.341869 137.032843 117.711512 193.507106 207.963939 89.888820 74.000000 218.892668 85.428333 159.314155 112.587744 198.305320 213.490047 170.000000 180.227634 
119.000000 3.000000 3.000000 a 221.382023 275.655582 35.128336 184.010869 168.964493 92.227978 182.439031 55.317267 273.382516 153.169840 144.391828 207.617437 321.068529 51.078371 160.031247 158.647408 265.424189 136.356151 126.063476 82.734515 178.664490 276.278845 130.973280 312.409987 135.148067 112.017856 117.038455 135.133268 334.701359 76.419893 80.062476 110.571244 219.911346 207.183494 264.412556 277.996403 80.411442 111.946416 174.140748 225.577038 202.039600 186.096749 298.573274 56.797887 47.507894 66.272166 123.146255 145.003448 178.011236 121.202310 
205.000000 8.000000 2.000000 a 380.504928 268.633579 184.715998 341.247711 97.452553 208.470621 287.544779 163.517583 391.448592 283.218997 270.815435 75.742986 329.443470 132.517923 312.409987 99.704564 106.301458 301.391772 287.795066 210.192769 294.307662 294.278779 296.006757 249.819935 298.839422 270.913270 156.217797 171.093542 267.591106 203.297811 178.997207 252.958495 318.680090 65.459911 100.439036 147.091808 245.544293 78.854296 338.054729 94.260278 255.472112 241.946275 234.648674 127.011810 166.712327 228.949776 78.185676 66.272166 335.359509 54.405882 
225.000000 4.000000 4.000000 a 183.831445 206.712361 120.307938 144.138822 164.149322 178.600112 91.214034 49.396356 188.854441 223.635865 218.332316 270.852358 242.167298 81.908486 207.330654 152.541798 288.904829 138.061580 160.099969 14.035669 90.801982 197.063442 133.843192 265.939843 125.207827 88.408144 75.802375 81.688432 288.189174 17.088007 171.679935 50.774009 128.316016 266.332499 295.787086 276.481464 102.420701 132.544332 159.113167 233.617208 117.098249 102.313244 254.515225 85.615419 139.617334 78.409183 197.091349 215.058132 138.924440 183.657290 
208.000000 9.000000 4.000000 a 163.682620 191.175312 221.269067 136.124943 237.210877 276.441676 17.720045 156.416112 86.579443 305.851271 303.817379 372.833743 197.891384 187.843020 272.249885 227.035240 368.266208 181.000000 223.378602 115.624392 23.086793 159.849930 179.610690 277.852479 162.692962 135.594985 150.850920 141.014184 297.309603 122.286549 274.721677 99.297533 24.351591 366.760140 380.084201 337.146852 177.279440 226.366959 176.377436 306.282549 91.400219 90.785461 271.330057 190.546582 243.961062 160.878836 303.679107 320.449684 134.617978 287.847182 
284.000000 1.000000 2.000000 a 418.627519 134.123078 299.541316 380.295937 101.202767 346.561683 266.602701 224.661968 357.962289 416.926852 406.676776 245.544293 192.010416 215.188290 425.000000 109.480592 145.344419 375.022666 385.098689 250.511477 283.128946 176.082367 370.303929 73.246160 363.991758 327.611050 165.193826 158.549677 88.600226 247.315588 321.628668 289.401106 279.556792 231.905153 169.035499 76.557168 328.689823 162.274459 398.818254 93.648278 192.720004 189.612763 59.203040 209.468375 296.070937 304.685083 248.290153 243.386524 375.660751 219.146070 
104.000000 6.000000 1.000000 a 166.820263 188.904738 224.964442 139.717572 238.075618 280.273081 20.124612 159.326708 85.211502 309.932251 307.870102 375.054663 194.653538 190.588562 276.371127 228.000000 369.135476 185.083765 227.501648 119.004202 27.202941 157.000000 183.709009 276.204634 166.769302 139.717572 152.318745 142.014084 295.513113 125.606528 278.368461 103.310212 20.248457 368.860407 381.188930 337.219513 181.342218 228.238910 180.227634 306.939733 89.872131 89.961103 269.875897 193.196791 247.523736 164.842349 306.414752 323.024767 138.293167 290.318790 
294.000000 2.000000 1.000000 a 418.133950 469.092741 211.896201 389.196608 307.416655 169.729196 413.243270 277.622045 502.446017 204.022058 193.258894 172.386194 525.060949 251.811437 262.762250 304.547205 303.815734 319.119100 275.771645 313.600064 409.469169 483.508014 315.087289 468.027777 329.243071 324.422564 319.061123 339.094382 486.963038 307.092820 158.808060 338.053250 450.627340 185.776748 284.401125 364.087901 277.272429 256.846258 359.562234 314.358076 421.058191 405.030863 452.733917 252.031744 186.400107 280.588667 155.270731 156.524758 383.700404 184.097800 
112.000000 7.000000 3.000000 a 185.431928 200.242353 127.455875 145.962324 163.082801 185.809042 85.445889 54.120237 184.458667 230.828941 225.574821 274.331916 235.104232 86.162637 213.974298 151.538774 289.110705 143.178211 166.508258 21.023796 86.162637 190.023683 139.086304 260.862032 129.799846 92.913939 73.573093 77.794601 283.047699 24.351591 178.630904 53.263496 122.286549 269.492115 296.588941 274.781732 109.036691 134.093251 162.855764 232.912001 109.895405 95.189285 249.649755 89.493016 146.478667 85.211502 201.777105 219.337639 140.900674 187.555325 
136.000000 7.000000 2.000000 a 349.143237 204.804785 182.408881 309.226454 34.438351 222.056299 235.544051 130.587136 339.418621 295.194851 283.989436 140.071410 265.307369 107.004673 312.507600 35.355339 121.165177 282.081548 279.315234 172.661519 245.002041 229.941297 276.826661 194.815297 275.771645 243.287895 102.122475 113.357840 214.462118 166.688332 195.225511 216.621790 263.696796 129.321305 128.658463 124.807852 228.650388 41.773197 314.311947 72.180330 194.465935 181.892826 179.524372 100.603181 173.118457 207.761883 119.364986 117.987287 303.626415 90.094395 
100.000000 6.000000 1.000000 a 402.882117 450.921279 194.509640 373.250586 290.077576 154.330814 394.993671 259.113875 484.753546 193.372697 182.068668 160.440020 506.700109 233.214494 251.049796 286.965155 291.042952 303.942429 261.633331 295.392959 391.414103 465.052685 299.789926 451.069839 313.555418 307.694654 300.509567 320.551088 470.205274 288.845980 141.823834 320.402871 432.348239 173.415686 272.415124 349.516809 260.863949 238.805360 344.640392 299.026755 402.457451 386.429813 435.772877 233.430932 168.680171 263.453981 137.640837 140.035710 367.695526 166.643332 
186.000000 1.000000 3.000000 a 152.108514 341.954675 78.771822 124.679589 264.412556 96.462428 197.253644 132.969921 257.606289 99.297533 99.045444 294.516553 376.132955 145.910932 72.006944 253.475837 363.984890 53.160135 27.802878 121.342490 184.114095 331.295940 49.040799 395.167053 64.140471 72.945185 196.063765 209.403916 417.633811 120.619236 114.354711 109.658561 231.534015 296.627713 362.034529 375.623482 33.060551 210.040472 94.148818 323.966048 250.017999 236.256217 382.498366 152.226804 103.160070 57.070132 207.692080 230.766115 119.570063 213.637544 
201.000000 4.000000 4.000000 a 504.335206 181.201545 390.806858 466.904701 190.779978 436.405774 345.589352 316.303652 428.207893 507.693805 497.193121 310.220889 223.143452 306.791460 516.768807 200.002500 186.681547 465.636124 476.797651 340.471732 363.506534 225.321992 461.009761 85.906926 454.031937 417.401485 255.800704 247.412611 76.059187 337.668476 410.621480 377.859762 352.529431 296.082759 211.513593 113.780490 420.192813 251.730014 487.976434 161.012422 266.187904 266.810794 87.464278 301.001661 386.255097 396.065651 329.655881 321.188418 462.553781 301.280600 
218.000000 2.000000 5.000000 a 264.486295 175.786803 342.527371 248.163253 302.552475 399.430845 137.306227 266.790180 114.232220 431.559961 429.392594 463.417738 141.322327 294.241397 396.868996 295.462350 426.620440 304.029604 348.363316 234.136712 148.761554 131.381125 303.191359 270.445928 285.590616 260.892698 236.864940 219.531319 283.114818 239.827021 394.893657 224.697575 101.390335 454.757078 443.960584 376.027924 302.927384 314.396247 292.984641 362.107719 134.182711 148.003378 270.822820 295.169443 363.001377 285.770887 406.684153 419.815436 248.453215 385.840641 
245.000000 3.000000 3.000000 a 226.814903 354.317654 44.011362 197.385410 241.080899 22.472205 242.332416 133.240384 318.943569 75.960516 65.969690 231.400086 398.017588 128.265350 100.702532 231.758495 318.905942 128.062485 90.138782 147.627911 233.657870 352.966004 123.761868 390.467668 137.419067 135.000000 196.124960 214.009346 412.640279 143.279447 41.773197 157.432525 279.331344 235.715931 312.705932 343.984011 86.838931 180.701411 169.097605 289.558284 276.023550 260.486084 376.384112 133.195345 47.201695 95.775780 146.485494 169.118302 191.929675 159.790488 
106.000000 6.000000 4.000000 a 160.853971 334.320206 66.407831 131.483839 252.857667 88.238314 194.812731 122.539789 259.788375 100.304536 98.412398 282.334908 370.001351 134.182711 80.361682 242.002066 351.536627 62.649820 39.597980 114.214710 182.660888 325.013846 58.051701 385.543772 71.309186 74.027022 186.252517 200.202398 408.015931 112.871608 104.086502 106.892469 229.923900 284.318483 349.516809 363.727920 28.460499 197.989899 103.947102 311.873372 244.131112 230.000000 372.700953 140.463518 91.241438 50.000000 195.501918 218.563492 126.126920 201.161627 
198.000000 6.000000 5.000000 a 445.071904 382.968667 227.431308 408.647770 211.782908 220.410980 384.079419 247.630774 485.535787 285.772637 272.800293 40.718546 443.740915 215.034881 332.434956 213.775583 168.026784 352.958921 324.180505 293.819673 387.195041 408.006127 347.828981 358.788238 356.089876 336.786282 260.547500 277.913656 374.769262 286.539701 193.569109 331.633834 418.294155 54.424259 146.277134 235.951266 299.107004 183.098334 393.560669 193.597521 363.984890 349.463875 343.949124 211.624668 200.997512 290.387672 102.107786 82.006097 402.657423 113.846388 
128.000000 9.000000 2.000000 a 150.336290 273.190410 80.777472 112.111552 211.518321 131.045794 134.182711 76.216796 210.753410 162.265215 158.757677 279.145124 307.040714 100.319490 141.028366 200.010000 324.729118 77.794601 93.621579 52.630789 124.257797 262.154535 72.835431 330.068175 69.971423 40.311289 133.135270 144.013888 352.459927 52.924474 134.033578 47.801674 170.557908 277.953233 327.030580 325.000000 36.124784 165.060595 108.673824 276.795954 181.011049 167.107750 318.014151 106.512910 107.331263 14.317821 195.432853 217.082933 106.117859 191.668985 
144.000000 3.000000 4.000000 a 47.010637 304.844223 197.994949 23.409400 306.080055 236.799493 121.078487 182.482876 125.865007 237.059064 239.735271 399.080192 315.792653 213.243992 187.771137 294.538622 430.926908 95.587656 145.835524 137.277092 101.355809 276.886258 97.580736 384.832431 80.056230 82.969874 216.041663 216.603324 405.690769 143.610585 247.923375 93.391648 137.087563 397.045337 436.836354 417.250524 128.444541 272.682966 69.892775 375.857686 202.039600 195.897933 376.183466 218.673272 225.568172 129.522199 316.425347 337.783955 26.076810 311.001608 
157.000000 8.000000 2.000000 a 389.082254 54.230987 317.283785 353.899703 147.627911 371.538692 224.341258 230.835439 300.986711 435.035631 426.560664 315.087289 107.517440 233.482333 431.213404 149.913308 228.659135 365.373781 386.182599 241.080899 243.281730 98.615415 361.371000 44.102154 351.240658 314.472574 166.111408 150.685102 63.639610 240.301893 351.005698 271.516114 226.883230 302.324329 251.453773 161.483745 327.995427 199.842438 381.182371 171.143215 142.635900 146.413797 41.000000 229.218237 321.188418 303.310072 299.232351 299.901651 350.218503 270.379363 
112.000000 1.000000 5.000000 a 494.874732 199.010050 361.708446 456.202806 161.418710 403.297657 343.949124 294.266886 434.194657 476.287728 465.188134 262.392835 249.755881 280.178515 490.368229 172.046505 136.312142 447.034674 453.207458 324.163539 360.494105 243.131652 442.145904 111.323852 437.012586 401.109711 238.597988 234.008547 110.923397 320.413795 376.235299 364.396762 356.182537 248.261958 160.975153 66.007575 398.322733 220.193097 472.823434 118.067777 269.141227 266.692707 105.683490 274.045617 354.203331 374.973332 288.683217 278.210352 451.429950 261.222128 
280.000000 9.000000 3.000000 a 383.379707 62.801274 303.506178 347.416177 130.740200 357.099426 220.676233 218.050453 301.761495 421.545964 412.835318 298.155999 120.420098 219.209945 419.318495 133.240384 213.560296 355.787858 374.926659 230.766115 239.175668 106.075445 351.647551 48.600412 342.141783 305.276923 153.310143 138.928039 70.491134 229.577873 336.053567 262.937255 226.019911 285.427749 236.008474 148.189068 316.796465 183.635509 373.085781 155.051604 140.064271 141.992958 40.000000 214.755675 306.589302 292.099298 282.561498 283.019434 343.525836 253.653307 
137.000000 6.000000 2.000000 a 297.228868 229.139695 401.433681 288.196114 365.846963 457.214392 194.805031 328.841907 140.801278 484.332530 483.176986 527.554736 183.635509 357.099426 445.350424 359.026461 488.320591 351.140997 398.001256 293.846899 203.096036 185.528973 351.011396 320.688322 332.866340 312.181037 300.926901 283.668821 330.678091 299.908319 454.467821 279.737377 157.410292 518.862217 506.285493 435.000000 356.753416 378.530052 334.463750 423.933957 198.244798 212.143819 323.055723 358.263869 423.036641 341.533307 470.278641 483.707556 289.587638 449.765494 
172.000000 7.000000 3.000000 a 147.979728 276.524863 81.006173 110.018180 214.981395 130.176803 136.058811 79.649231 211.191856 159.890588 156.604598 281.256111 310.079022 103.368274 137.818722 203.482186 327.832274 74.276510 90.244113 56.044625 125.717938 265.228204 69.296465 333.640525 66.730802 38.052595 136.740630 147.597425 356.029493 56.462377 133.962681 49.091751 172.235304 280.208851 329.984848 328.441776 33.015148 168.237927 105.550936 280.130327 184.000000 170.188131 321.599129 109.590146 107.837841 12.806248 197.253644 219.020547 104.019229 193.932978 
182.000000 6.000000 1.000000 a 181.892826 429.330875 146.863883 172.037787 345.606713 126.115027 276.855558 218.625250 319.882791 67.067131 78.102497 345.823654 462.041124 227.068272 16.643317 335.171598 433.816782 104.403065 63.126856 208.676784 261.396251 417.469759 105.019046 481.976140 122.800651 149.656273 282.660574 296.627713 504.448213 208.146583 154.922561 192.023436 308.314774 350.910245 428.421521 453.877737 120.220631 288.001736 126.751726 400.499688 335.858601 322.591072 469.068225 233.094401 161.616831 144.585615 262.148813 284.522407 169.118302 275.661024 
294.000000 9.000000 2.000000 a 269.651627 157.289542 156.818366 230.152124 80.081209 212.009434 143.171226 71.512237 246.981781 274.548721 266.054506 220.592384 208.923431 74.330344 273.715180 68.883960 209.618701 219.328521 231.244459 95.671312 153.326449 166.373075 214.597297 192.275844 208.626460 172.586210 10.770330 23.600847 214.720749 91.923882 193.494186 137.010948 171.607109 212.473528 220.036361 190.588562 173.908022 71.344236 244.321509 150.416090 109.808925 95.131488 179.075403 71.021124 162.373027 149.566039 168.014880 178.392825 225.037775 144.360659 
154.000000 5.000000 3.000000 a 410.472898 77.278716 329.508725 374.766594 149.682998 382.314007 246.758992 244.920395 324.678302 447.733179 438.808614 311.494783 126.495059 244.812173 446.542271 153.730283 216.933169 383.563554 402.405268 258.489845 265.505179 121.655251 379.415340 21.213203 369.925668 333.061556 180.277564 166.388101 42.720019 257.235301 360.555128 290.688837 250.265859 298.303537 240.565999 146.492321 344.308002 205.703670 400.795459 163.049072 165.414631 168.386460 18.000000 240.141625 331.645895 319.615394 302.292904 301.144484 370.936652 273.130006 
134.000000 4.000000 4.000000 a 157.813181 404.253633 132.774244 145.344419 327.404948 123.454445 249.256896 197.294197 292.494444 79.849859 88.056800 340.352758 435.660418 208.600096 20.615528 316.660702 421.384622 76.537572 37.643060 183.847763 233.636470 391.260783 77.129761 459.461641 94.921020 122.200655 260.447691 273.543415 481.923230 183.806964 150.216510 165.048478 280.492424 344.383507 417.455387 437.443711 95.817535 271.398231 100.895986 384.876604 309.556134 296.575454 446.856800 214.804562 151.267974 120.486514 254.911749 277.742687 142.172431 265.753645 
147.000000 5.000000 5.000000 a 267.254560 132.849539 178.002809 228.650388 94.000000 234.770100 126.889716 89.358827 229.000000 294.241397 286.447203 246.272207 182.236111 98.954535 288.792313 84.214013 225.035553 226.883230 244.190499 101.242284 139.713994 139.129436 222.497191 178.036513 214.401493 177.609121 26.925824 8.246211 200.449495 99.362971 217.892175 137.887635 151.558570 237.592087 237.682561 197.101497 186.077941 97.800818 247.891105 162.996932 83.216585 69.318107 166.003012 96.462428 186.118242 161.384634 195.780489 205.827598 223.957585 171.840042 
266.000000 9.000000 5.000000 a 147.962833 461.147482 216.889373 158.003165 404.882699 208.396257 288.903098 270.815435 303.151777 152.118375 163.517583 426.244062 484.103295 287.085353 96.772930 393.723253 505.000000 122.090131 114.477072 247.329739 270.440382 441.616349 126.178445 525.951519 136.857590 173.219514 330.340733 340.602408 548.206166 249.208748 235.849528 217.082933 313.253891 430.278979 502.012948 516.899410 166.712327 351.637598 114.856432 465.585653 360.855927 350.127120 514.382154 293.450166 236.799493 190.234066 340.787324 363.638557 158.079094 351.062672 
242.000000 6.000000 5.000000 a 313.336879 74.027022 320.880040 285.870600 224.474943 379.684079 149.646250 233.499465 191.049732 427.519590 422.356485 395.030379 48.548944 252.675681 406.019704 220.056811 338.337110 321.908372 357.001401 217.671771 168.680171 30.265492 319.411960 167.886867 304.507800 271.665235 183.172050 163.134913 180.646063 220.839308 367.744477 228.140308 132.412235 384.516580 358.022346 280.927037 302.535948 252.210230 324.038578 274.854507 87.097646 102.615788 168.760185 251.412012 335.089540 280.303407 352.841324 361.424958 284.017605 327.786516 
252.000000 5.000000 1.000000 a 96.020831 263.058929 160.262285 57.982756 253.552756 207.171427 85.988371 131.461021 134.536240 223.143452 222.991031 351.039884 281.455147 163.049072 184.097800 242.002066 378.565714 91.241438 136.124943 85.328776 68.066144 239.741527 90.244113 338.150854 72.835431 51.400389 163.682620 165.024241 359.517733 91.923882 213.063371 42.047592 113.635382 348.242731 384.837628 364.965752 99.035347 220.839308 88.887569 323.303263 160.580198 151.953940 328.694387 168.190368 186.935818 91.268834 270.475507 291.046388 53.907328 262.762250 
279.000000 9.000000 3.000000 a 261.553054 310.654149 43.289722 226.274170 180.080538 65.924199 232.086191 98.792712 323.199629 139.430987 127.941393 173.219514 360.256853 79.555012 165.075740 171.723615 253.160028 168.857928 144.471450 132.457540 228.650388 316.243577 163.688729 335.529432 172.002907 155.331903 151.584960 171.292148 357.246414 125.936492 41.109610 159.705980 269.482838 175.570499 247.535856 279.216762 115.004348 118.962179 209.344214 224.510579 246.008130 229.895628 320.914319 82.377181 19.416488 108.683025 86.400231 109.480592 220.336107 95.131488 
233.000000 6.000000 4.000000 a 229.889104 431.561120 126.826653 213.103261 326.438356 85.796270 297.618884 211.992924 355.337867 11.661904 24.698178 301.807886 470.718600 211.966979 53.225934 317.001577 400.565850 139.463257 89.403579 214.755675 284.763059 425.569031 138.003623 473.676050 156.236999 173.219514 276.523055 293.097253 495.985887 212.285186 115.364639 209.764153 332.174653 308.402335 392.475477 428.920739 131.472431 266.129668 171.405951 374.285987 345.579224 330.945615 459.870634 217.267117 132.098448 152.069063 222.252109 243.402958 209.124365 240.085401 
157.000000 1.000000 3.000000 a 334.228963 364.232069 116.211015 300.787300 209.861859 97.267672 307.826250 170.414201 400.805439 163.266653 150.233152 127.781063 418.779178 143.840189 209.028706 205.060967 240.651200 237.760384 203.796467 208.806130 305.499591 376.575358 232.948492 371.845398 243.823707 231.224999 211.482860 231.572883 392.073973 202.002475 72.173402 237.531051 344.934776 135.764502 227.721321 286.204472 187.683244 154.029218 279.034048 232.228336 313.057503 297.026935 356.624452 144.031247 88.600226 185.000000 61.611687 76.059187 294.945758 89.560036 
210.000000 8.000000 4.000000 a 277.634652 392.164506 88.119237 250.017999 261.227870 31.827661 293.777126 174.324410 372.796191 78.294317 65.299311 212.607620 439.720366 161.009317 128.565159 253.503452 317.944964 178.639301 135.148067 196.596033 286.111866 395.126562 174.771279 418.383795 189.620674 189.010582 232.647802 251.872984 440.009091 191.470624 42.011903 210.440015 331.074010 219.859046 307.683279 354.153921 140.801278 200.262328 218.837840 299.125392 321.161953 305.262182 403.699145 164.514437 73.348483 149.214611 136.652845 156.348969 244.705946 158.294030 
128.000000 7.000000 4.000000 a 189.029098 164.438438 223.544179 159.530561 217.147415 280.585103 23.194827 150.446004 106.301458 315.938285 312.865786 360.251301 173.692257 180.069431 286.530976 207.472890 348.022988 198.002525 237.305710 115.208507 42.059482 134.238594 196.040812 251.017928 180.069431 149.753130 134.372616 122.053267 270.416346 121.037184 276.007246 109.142109 28.442925 353.362420 360.937668 313.789739 187.360615 211.872603 197.517088 285.175385 64.637450 65.192024 244.638509 181.945047 244.264201 168.433963 295.210095 310.618737 157.486507 277.308492 
238.000000 9.000000 2.000000 a 272.066168 196.651977 362.463791 258.862898 326.314266 418.807832 156.160174 288.503033 117.388245 448.482999 446.798612 486.963038 157.889202 316.494866 411.752353 319.231891 450.155529 318.127333 363.716923 254.434667 165.918655 152.328592 317.616120 290.506454 299.721537 276.871811 260.169176 243.016460 302.292904 260.342083 415.215607 242.470617 119.201510 478.373285 467.610949 398.898483 320.224921 337.854998 304.494663 385.659176 157.867033 171.540083 291.547595 317.590932 383.563554 304.016447 429.498545 442.904053 259.649764 408.964546 
239.000000 3.000000 3.000000 a 399.530975 397.935924 181.033146 365.771787 231.758495 160.015624 364.440667 225.222113 460.765667 218.984018 206.242576 94.921020 455.905692 195.233194 269.757298 230.078248 224.964442 303.117139 268.225651 267.301328 363.939555 416.092538 298.316946 390.554734 309.147214 295.670425 255.618857 275.070900 408.949875 260.224903 137.014598 299.247389 400.851593 107.563934 206.603485 284.086255 252.857667 186.142419 344.398026 234.546371 360.034721 344.396574 375.293219 193.847879 153.375357 249.176644 84.202138 79.479557 359.901375 110.639053 
224.000000 2.000000 5.000000 a 435.361918 190.157829 286.782147 395.830772 89.938868 326.496554 296.637826 225.304239 394.588393 399.941246 388.645082 193.569109 249.994000 207.617437 416.427665 101.414989 85.041167 379.110802 381.274180 260.155723 310.922820 229.686743 374.037431 132.007576 370.600863 335.800536 176.385940 176.615401 144.267113 255.519080 299.125392 302.535948 315.520205 179.535512 108.903627 25.298221 328.097546 145.086181 407.800196 42.011903 231.486501 224.877745 118.827606 201.315673 277.893865 305.630496 211.747491 202.356122 390.673777 183.967388 
Type de surveillance de chaque endroit(target):tab[nombre de target]
a a a a a a a a a a a a a a a a a a a a a a a a a a a a a a a a a a a a a a a a a a a a a a a a a a 