Nombre des capteurs:
200
Nombre des targets:
30
Nombre de type de surveillance:
1

Caracteristiques:
256.000000 1.000000 1.000000 a 254.629142 533.127564 253.552756 409.099010 183.991848 421.236276 345.637093 322.304204 214.394496 250.449596 183.447540 418.245143 371.057947 225.577038 118.342723 459.570452 223.957585 62.289646 477.671435 323.878063 450.799290 231.175258 539.037104 407.932592 327.061156 303.184762 279.807076 384.731075 482.329763 151.211772 
210.000000 8.000000 3.000000 a 116.811814 394.180162 132.015151 300.734102 152.322027 284.543494 227.107904 237.876018 159.812390 107.898100 41.182521 316.812247 278.992831 182.701943 26.832816 329.256739 82.764727 114.825955 353.305817 217.223387 317.189218 170.941510 396.434105 265.759290 193.680149 165.462987 229.192059 256.329866 342.585756 106.470653 
223.000000 7.000000 3.000000 a 187.771137 135.532284 216.335388 236.947252 353.192582 119.037809 192.585046 287.141080 337.409247 186.818093 251.031870 284.810463 278.887074 346.878941 316.077522 152.069063 211.945748 396.547601 193.752419 230.019564 148.600135 320.661816 110.693270 62.936476 158.533908 155.939091 348.967047 168.237927 91.082380 334.802927 
270.000000 5.000000 2.000000 a 320.713268 196.468827 355.384299 369.687706 491.564848 138.697513 334.005988 429.018648 409.099010 300.665928 372.507718 275.426941 417.326012 487.993852 435.194210 268.268522 338.094661 520.861786 305.825113 372.134384 128.705089 461.875524 133.124002 143.031465 230.794281 248.169297 491.549591 195.010256 186.850207 468.881648 
177.000000 3.000000 2.000000 a 186.171964 312.923313 137.931142 109.041277 148.475587 382.036647 109.000000 15.231546 402.587879 253.055330 226.638479 498.398435 50.477718 110.367568 251.406046 211.142132 208.798946 266.067661 203.002463 72.006944 420.689910 97.416631 354.830946 328.671569 335.965772 303.184762 69.426220 393.997462 280.146390 177.180699 
267.000000 9.000000 2.000000 a 67.742158 315.778403 113.145923 267.591106 208.173005 194.486503 189.409609 236.907155 168.671278 15.620499 58.940648 256.312309 265.188612 224.521714 119.037809 266.270539 43.908997 205.730406 297.430664 196.367003 228.982532 203.924005 310.473831 173.441633 109.041277 76.941536 256.906598 174.002874 263.577313 171.002924 
114.000000 5.000000 4.000000 a 261.275716 292.827594 218.764714 87.641314 245.177487 424.835262 148.822041 105.380264 489.703992 327.615628 314.874578 560.892146 64.007812 205.353354 346.597750 194.164878 290.241279 364.012362 167.585799 132.574507 461.853873 195.092286 347.174308 366.412336 397.645571 367.706405 156.041661 448.625679 275.327078 275.219912 
275.000000 1.000000 1.000000 a 217.006912 447.666170 255.837839 418.083724 301.663720 252.491584 339.948526 376.127638 19.416488 158.319298 162.409975 202.299283 410.604433 332.555259 162.754416 412.883761 184.805303 230.893915 446.401165 343.087452 270.296134 319.615394 427.968457 267.232109 164.623814 162.274459 377.618855 199.584569 396.557688 255.196003 
246.000000 8.000000 5.000000 a 292.071909 304.080581 250.017999 110.145359 273.263609 450.211062 177.496479 136.124943 521.023032 358.168955 346.255686 589.329280 95.257546 232.776717 377.630772 209.296440 321.398507 393.103040 178.101095 163.453357 486.713468 224.080343 361.221539 391.189213 426.390666 396.964734 181.664526 476.054619 291.430952 304.868824 
186.000000 6.000000 1.000000 a 97.718985 350.408333 137.593605 298.839422 211.248669 212.426458 220.784963 260.048072 136.014705 48.104054 55.713553 249.611698 292.104433 233.452351 100.000000 301.479684 65.863495 188.215302 332.182179 224.075880 244.034834 215.603803 343.080166 199.529446 120.166551 93.648278 271.442443 182.584227 298.216364 169.446157 
106.000000 7.000000 4.000000 a 249.561616 528.219651 252.352927 411.695276 193.545860 408.104153 345.913284 328.038108 195.125601 240.432943 176.232801 400.224937 376.107697 235.053185 111.830228 457.558739 217.448845 72.449983 477.243125 326.171734 436.794002 238.648277 531.851483 397.091929 313.499601 290.853915 289.394195 369.914855 477.000000 157.384879 
114.000000 5.000000 1.000000 a 240.634578 98.020406 231.624696 118.848643 342.374064 291.006873 143.694120 216.113396 459.575891 284.000000 316.610170 453.224006 179.847157 316.786995 374.456940 28.000000 276.557408 431.584291 28.160256 176.918060 321.068529 293.640937 156.108936 232.142198 306.740933 289.171230 291.665905 334.802927 92.784697 347.151264 
222.000000 6.000000 2.000000 a 78.025637 214.590307 71.700767 130.361037 202.891597 230.867928 54.488531 136.308474 308.585482 133.794619 152.895389 357.850527 143.694120 191.376592 210.297408 137.568165 114.109596 272.360056 161.895028 80.056230 269.429026 165.148418 235.229675 177.485211 194.558475 165.096941 192.374635 247.131544 167.170572 194.455650 
287.000000 6.000000 4.000000 a 232.441390 205.104851 272.341697 322.460850 405.571202 48.507731 270.680624 362.343759 314.925388 204.948774 277.722883 212.602916 360.206885 406.686612 339.249171 239.507829 245.552438 425.832127 281.042701 305.181913 64.007812 381.104972 157.334040 51.478151 133.843192 150.572242 417.306842 108.503456 171.233758 379.011873 
213.000000 2.000000 2.000000 a 99.704564 376.191441 96.840074 261.122577 108.461975 299.774916 191.415778 191.324332 208.062491 120.033329 49.091751 353.140199 234.360833 135.417872 51.244512 302.006622 76.026311 111.018017 321.840022 176.011363 335.167122 122.494898 386.090663 271.621060 215.522621 183.575598 180.712479 280.301623 326.013803 65.924199 
207.000000 7.000000 5.000000 a 132.230859 256.382527 179.738699 285.161358 302.165518 91.219515 214.597297 291.583607 213.883146 89.196412 162.585362 197.989899 304.455251 310.551123 222.301597 241.105786 135.203550 309.614276 280.344431 238.729973 127.565669 286.665310 233.430932 75.802375 39.217343 34.409301 331.808680 87.206651 207.038644 270.129599 
237.000000 6.000000 1.000000 a 206.349219 470.940548 231.224999 400.262414 238.673417 311.589474 324.815332 339.187264 83.743656 168.656456 133.375410 287.041809 380.489159 274.803566 100.702532 418.182974 170.238069 149.693019 446.078468 317.907219 336.005952 267.226496 462.455403 312.001603 217.110571 201.814271 325.066147 266.537052 418.743358 192.314846 
219.000000 7.000000 5.000000 a 200.504364 449.774388 169.307413 282.644653 38.587563 415.800433 237.438413 183.439363 307.188867 238.354778 169.425500 472.073088 233.379519 75.133215 138.654246 359.172660 189.654950 96.176920 366.196668 204.482273 452.356054 90.376988 472.902738 381.451176 335.053727 302.372287 127.003937 400.020000 404.504635 55.036352 
109.000000 9.000000 4.000000 a 134.736780 283.571860 184.024455 302.978547 298.484505 104.201727 229.810792 301.161086 186.903719 80.056230 151.608047 183.043711 317.921374 310.465779 207.424685 265.346943 130.311166 295.530032 303.842064 250.601277 136.682113 287.673426 260.440012 100.722391 19.723083 16.031220 335.871999 82.873397 234.000000 263.372360 
298.000000 8.000000 3.000000 a 7.810250 281.311216 56.938563 208.405854 177.369670 215.148786 130.291980 179.301422 226.525937 59.396970 72.235725 306.365794 205.419084 183.983695 135.151767 218.082553 31.048349 210.211798 245.399674 136.484431 253.000000 160.290362 287.308197 177.881983 147.383853 113.296072 207.867746 210.278387 230.019564 150.632002 
227.000000 4.000000 5.000000 a 176.082367 364.664229 223.807953 367.539114 309.903211 160.601993 290.688837 347.351407 110.535062 108.903627 154.382642 151.419946 372.715709 331.544869 189.066126 342.537589 154.841855 273.885012 379.527338 303.710388 180.623919 312.705932 339.838197 177.115781 74.040529 80.894994 367.196133 110.258786 315.025396 267.525700 
227.000000 5.000000 2.000000 a 165.096941 257.701378 212.198021 309.239389 335.120874 59.808026 241.598841 321.864878 224.615227 120.540450 193.680149 175.413796 332.326647 343.493814 251.602862 255.378151 167.863039 339.465757 295.954388 267.944024 94.894678 319.513693 226.874415 63.150614 41.182521 59.481089 364.061808 58.898217 211.265236 302.654919 
115.000000 3.000000 1.000000 a 196.155551 271.459021 243.614449 338.303119 365.001370 40.459857 272.121296 353.351100 230.243350 148.222805 220.435932 150.233152 363.071618 374.363460 275.797027 278.887074 197.124326 364.001374 320.076553 299.188904 68.007353 350.583799 234.076910 74.215901 56.356011 84.723078 395.576794 31.764760 228.063588 331.360831 
151.000000 2.000000 4.000000 a 138.636215 141.014184 146.413797 141.823834 278.195974 199.619638 97.185390 192.374635 347.092207 172.652831 214.161154 351.005698 181.603965 264.425793 276.421779 85.328776 172.699160 344.859392 122.776219 136.194714 235.193537 238.398826 160.015624 139.846344 196.888293 176.920886 258.588476 233.173755 91.923882 269.616394 
170.000000 1.000000 1.000000 a 156.984076 130.770792 177.867929 190.184121 313.944263 155.563492 145.124085 240.000000 337.379608 171.956390 227.264163 314.358076 231.041122 304.540638 292.001712 114.825955 186.206874 367.695526 156.236999 183.098334 189.282857 278.298401 129.417928 95.482983 170.425937 158.003165 303.506178 195.862196 78.854296 299.594726 
287.000000 7.000000 1.000000 a 259.788375 242.018594 224.350173 60.464866 278.992831 397.001259 137.742513 133.154046 493.137912 322.888526 322.832774 542.793699 83.198558 241.960741 363.324923 147.732867 292.514957 392.593938 116.017240 137.116739 432.474277 227.015418 299.173862 337.243236 381.702764 354.447457 198.176689 427.129957 229.956518 302.524379 
214.000000 3.000000 5.000000 a 99.247166 235.535560 143.892321 245.153013 272.259068 121.103262 174.002874 251.924592 231.821052 75.690158 145.055162 238.346387 263.882550 277.064974 208.827680 207.617437 110.693270 293.301892 245.405786 198.456544 159.530561 252.388589 222.272355 85.000000 76.609399 54.341513 294.961014 127.263506 184.141250 244.092196 
228.000000 7.000000 4.000000 a 104.804580 268.001866 60.835845 113.216607 146.413797 299.793262 53.150729 68.963759 331.965360 171.944759 158.445574 414.701097 94.021274 126.051577 199.040197 174.897113 132.230859 239.741527 183.961953 28.160256 338.585292 100.687636 298.377278 248.477363 251.962299 219.401459 120.598507 309.945156 226.119437 152.069063 
121.000000 3.000000 5.000000 a 352.502482 478.440174 401.254283 533.190398 484.934016 231.157955 459.505169 524.055341 203.000000 285.833868 330.945615 65.030762 545.902922 509.015717 354.012712 486.659018 333.384163 429.597486 527.219120 477.448427 217.517815 490.929730 434.180838 283.134244 211.813597 239.943743 545.793001 177.910090 437.104107 440.655194 
271.000000 2.000000 1.000000 a 374.012032 156.818366 398.278797 365.317670 534.119837 234.437625 351.727167 444.815692 501.384084 370.696641 437.440282 381.182371 421.583918 522.610754 502.332559 254.385534 398.722961 583.353238 282.511947 391.576302 232.019396 496.504783 102.420701 218.325445 318.399121 328.517884 515.186374 293.777126 177.101666 519.547880 
182.000000 2.000000 4.000000 a 97.082439 274.171479 146.328398 270.756348 263.017110 132.185476 195.780489 264.070066 193.256306 48.104054 121.490740 219.476650 282.391572 273.561693 181.835090 243.199507 95.131488 268.799182 279.694476 214.462118 167.871975 250.457581 259.538051 111.946416 57.271284 24.207437 298.216364 119.854078 222.766694 229.712864 
135.000000 6.000000 1.000000 a 104.307238 337.930466 149.402142 303.318315 234.795656 187.072179 225.204352 273.122683 135.723985 41.000000 79.429214 226.108381 301.807886 254.866632 126.384334 296.136793 78.644771 214.560015 329.086615 232.974248 218.009174 235.715931 326.473582 177.654158 93.984041 69.202601 290.227497 156.108936 285.954542 194.177754 
178.000000 6.000000 2.000000 a 121.794910 302.378901 72.422372 132.196823 115.208507 329.086615 86.214848 54.203321 335.965772 187.800426 160.015624 435.436563 95.885348 91.263355 189.644404 207.241405 142.130222 218.123818 212.508823 50.803543 367.915751 66.603303 333.779868 279.866039 274.606992 241.074677 87.005747 335.004478 261.296766 128.316016 
228.000000 6.000000 1.000000 a 36.796739 288.258564 85.702975 234.000000 198.022726 194.879450 155.862119 208.369863 202.615399 30.479501 68.593003 277.893865 233.824721 208.492206 133.660016 233.856794 31.953091 215.541179 264.121184 164.805946 231.780068 185.784822 287.800278 163.783394 120.784933 86.585218 235.308308 184.791775 236.211769 166.508258 
299.000000 9.000000 5.000000 a 156.208194 402.921829 193.214906 357.173627 244.233495 236.239285 279.259736 313.159704 78.000000 103.237590 99.639350 231.106036 347.932465 272.800293 110.163515 359.068239 122.776219 190.023683 390.564975 280.745436 261.818640 258.520792 390.302447 236.921928 141.534448 126.751726 316.210373 193.383040 350.954413 198.595065 
236.000000 1.000000 5.000000 a 107.670795 338.496676 63.953108 184.328511 75.471849 327.152869 128.140548 102.610916 294.200612 165.275528 120.208153 414.468334 148.273396 71.007042 139.176147 249.262913 114.542569 165.677397 259.624729 99.959992 365.443566 46.872167 362.626530 284.692817 259.788375 225.583687 99.020200 323.445513 293.402454 76.694198 
127.000000 3.000000 4.000000 a 174.269906 260.509117 221.415898 317.238081 344.071214 52.325902 250.169942 330.904820 226.744349 128.860390 201.814271 168.442869 341.001466 352.642879 259.077209 261.375209 176.638048 347.070598 302.185374 276.848334 86.313383 328.694387 227.607118 64.070274 44.687806 66.850580 373.280056 50.911688 214.979069 311.327802 
167.000000 6.000000 5.000000 a 363.049583 474.975789 412.237795 539.133564 500.449798 227.378539 466.692618 534.229351 224.223103 297.042085 345.624073 59.615434 554.282419 523.316348 371.569644 488.108594 345.742679 448.732660 529.083169 486.261247 210.107116 504.544349 428.439027 281.886502 217.862342 247.745838 558.656424 177.654158 435.307937 456.745005 
108.000000 5.000000 3.000000 a 260.984674 539.573906 264.367169 423.859647 204.782812 416.303975 358.022346 340.013235 197.063442 250.351753 187.216452 404.108896 388.155897 246.337167 123.166554 469.437962 228.560714 83.240615 489.290302 338.337110 444.419847 250.353750 542.602986 406.509532 321.512053 299.613084 300.674242 377.010610 488.267345 169.239475 
121.000000 1.000000 2.000000 a 190.876924 111.413644 185.809042 110.163515 304.783530 251.829307 105.891454 191.462790 408.647770 233.000000 267.067407 409.664497 164.906034 283.211935 326.197793 23.000000 226.585525 386.908258 60.827625 143.669760 284.608503 258.642611 154.301653 191.846293 258.860967 239.701898 265.198039 291.218131 80.099938 305.000000 
145.000000 1.000000 5.000000 a 142.593829 251.017928 189.451841 289.207538 313.359219 79.429214 220.204450 299.347624 222.000000 101.242284 174.631040 194.077304 310.633224 321.054513 234.367233 240.553528 146.812806 321.697062 280.415763 245.735630 116.211015 296.952858 225.583687 65.513357 42.047592 45.276926 341.269688 80.156098 202.556165 281.780056 
278.000000 5.000000 2.000000 a 91.416629 361.707064 77.369245 237.539470 93.744333 302.828334 169.799882 166.027106 231.365512 126.015872 63.071388 367.483333 209.296440 115.247560 76.118329 283.534830 76.655072 124.277914 301.378500 152.118375 339.365585 99.824847 375.289222 270.085172 223.181540 190.000000 157.686398 288.209993 312.507600 58.463664 
165.000000 2.000000 2.000000 a 211.092397 211.596314 252.335095 312.195452 384.365711 36.055513 256.462473 346.439028 293.470612 181.595705 254.521119 203.973037 346.917858 386.684626 315.792653 235.594991 222.946182 402.517080 277.362579 289.587638 65.299311 361.311500 169.189243 32.756679 111.251966 127.015747 399.129052 93.005376 173.118457 356.876729 
124.000000 1.000000 2.000000 a 168.869772 411.195817 133.416641 244.730464 5.830952 387.408054 198.398589 147.461859 304.236750 213.677327 150.000000 455.080213 197.436066 45.607017 134.536240 320.140594 163.076669 118.088950 327.299557 165.583816 424.736389 53.600373 435.490528 349.914275 310.927644 277.405840 99.924972 375.900253 366.400055 41.036569 
178.000000 6.000000 4.000000 a 246.454864 98.979796 270.712024 259.942301 406.970515 152.236658 231.510259 326.459798 394.969619 248.211603 311.899022 319.419786 310.103209 397.120888 377.000000 157.305435 272.310485 456.438386 195.432853 270.933571 170.469939 370.904300 53.338541 110.476242 212.953046 214.692804 393.512389 209.537586 76.537572 391.689928 
241.000000 2.000000 3.000000 a 94.810337 362.353419 76.850504 234.036322 87.132084 308.157427 167.630546 160.440020 238.298133 132.136293 70.213959 374.422222 204.364870 108.046286 81.252692 282.708330 82.219219 124.342270 299.628103 148.485690 344.884038 92.698436 377.139232 274.492259 229.368699 196.040812 150.628683 294.382404 313.536282 53.758720 
224.000000 4.000000 5.000000 a 310.885831 159.840546 341.533307 341.115816 478.377466 153.212271 311.173585 406.342220 421.246958 298.718931 368.419598 303.026401 391.287618 471.840015 432.477745 236.543865 331.730312 516.211197 272.712303 350.178526 151.953940 445.600718 96.046864 142.144293 239.083667 251.747890 471.663015 212.508823 154.402073 458.843110 
264.000000 9.000000 1.000000 a 274.417565 421.732142 322.967491 458.629480 407.973038 181.397354 383.742101 446.010090 144.844744 207.562039 253.250864 66.407831 468.931765 431.114834 280.071419 419.153910 254.892134 359.339672 458.742847 400.232432 180.080538 412.699649 384.083324 224.294449 139.542108 164.614702 467.363884 122.004098 376.808970 364.329521 
240.000000 7.000000 5.000000 a 82.024387 327.452287 43.416587 189.952626 93.920179 302.000000 125.159898 120.016666 271.530845 138.351003 96.046864 387.568059 161.616831 96.628153 124.036285 243.057606 87.664132 164.693655 257.623757 104.388697 340.094105 73.498299 347.466545 261.237440 233.077240 198.879360 125.538839 296.920865 280.446073 81.467785 
238.000000 9.000000 1.000000 a 312.544397 76.687678 330.600968 284.692817 464.091586 220.000000 275.392447 366.878727 469.600894 320.669612 381.561266 383.407094 341.672358 449.538652 446.592656 173.565550 341.017595 523.259018 201.717624 315.126959 231.144976 423.709806 26.248809 184.328511 287.236836 289.318164 438.675279 279.216762 98.681305 453.538312 
268.000000 7.000000 3.000000 a 101.242284 271.280298 150.283066 272.029410 268.001866 126.846364 197.567710 267.226496 195.869855 53.488316 126.873953 216.603324 284.763059 278.188785 187.171045 242.216845 100.244701 274.171479 279.120046 217.082933 162.634560 254.950976 255.665797 106.887792 53.712196 22.022716 302.314406 115.446958 220.054539 234.923392 
165.000000 3.000000 4.000000 a 173.925271 337.005935 223.277854 355.718990 321.927010 127.003937 280.665281 345.036230 143.892321 108.706026 167.035924 140.943251 366.281313 339.977940 210.154705 321.659758 159.012578 297.069016 360.027777 297.793553 147.898614 319.399436 309.297591 145.784087 44.011362 61.911227 371.636920 78.230429 288.444102 281.852798 
263.000000 1.000000 3.000000 a 219.111844 139.301831 202.526541 75.392307 304.455251 304.069071 109.384642 173.833253 446.467244 269.979629 293.436535 460.244500 136.418474 276.877229 347.748472 41.484937 255.196003 399.171642 23.323808 138.452158 337.084559 254.566298 193.507106 244.002049 306.341313 284.677010 249.435362 342.023391 123.693169 312.622776 
229.000000 7.000000 1.000000 a 77.646635 332.848314 46.669048 201.486972 95.707889 297.242325 134.714513 133.015037 258.801082 129.691943 83.630138 378.163986 174.416169 103.585713 111.543713 250.798724 78.434686 156.118545 266.865134 116.068945 335.023880 82.079230 350.647972 258.491779 225.534920 191.415778 136.180028 289.836161 284.985965 76.694198 
276.000000 1.000000 1.000000 a 149.000000 340.872410 100.000000 159.777971 84.864598 363.319419 124.555209 61.814238 345.218771 211.589225 171.172428 461.087844 111.610931 53.740115 187.243157 244.167975 162.289864 199.251098 246.221445 86.683332 402.060941 32.695565 373.250586 316.101250 303.136933 269.091063 52.201533 365.328619 300.554488 110.072703 
239.000000 1.000000 3.000000 a 297.254100 198.758648 333.642024 358.376897 469.140704 110.941426 317.907219 412.393016 381.356788 274.570574 346.850112 252.239965 403.435249 467.077081 409.058675 261.191501 313.249102 495.164619 300.323159 355.202759 102.839681 441.082759 138.003623 117.630778 203.088651 221.000000 472.829779 167.720005 181.796590 445.121332 
174.000000 2.000000 3.000000 a 149.187801 141.675686 146.731046 112.307613 271.447969 230.054341 78.434686 172.002907 368.306937 192.166594 225.410736 380.825419 155.823618 253.475837 285.043856 64.498062 184.835062 347.828981 97.082439 118.270876 265.444910 228.019736 172.168522 170.205758 225.002222 203.184645 241.919408 263.250831 98.838252 268.018656 
117.000000 7.000000 2.000000 a 186.453748 166.337007 165.921668 50.249378 266.007519 296.892236 71.470274 138.437712 417.336794 241.569866 259.156323 446.085194 106.230881 239.069028 311.541330 63.906181 222.225111 361.005540 61.911227 100.000000 332.121966 216.390850 213.845739 237.002110 287.628232 263.058929 213.843401 329.139788 140.032139 274.142299 
101.000000 3.000000 2.000000 a 158.672619 366.445085 112.160599 186.796681 58.940648 376.968168 150.206524 86.977008 338.496676 217.112874 168.404275 466.152336 136.970800 27.202941 174.928557 270.647372 166.234774 177.101666 273.358739 113.216607 415.476834 8.544004 397.129702 332.295050 311.538120 277.333734 50.249378 374.994667 325.098447 90.244113 
230.000000 7.000000 5.000000 a 277.713882 364.971232 327.246085 437.864134 433.820239 117.341382 368.895649 444.419847 216.780995 217.043774 279.460194 50.596443 458.847469 450.131092 321.188418 379.984210 268.402683 406.778810 421.303928 392.734007 104.043260 428.514877 319.765539 172.191754 123.878973 157.581725 478.540489 70.178344 325.246061 394.312059 
230.000000 2.000000 1.000000 a 122.588743 183.763435 155.977562 216.633331 291.953763 125.219807 155.077400 244.049175 283.557754 122.298814 184.556224 270.601183 246.130047 289.518566 249.633732 161.928997 145.454460 330.151480 201.697794 187.256509 163.082801 263.609560 173.415686 69.634761 118.595953 104.043260 298.107363 153.055545 132.370692 270.601183 
197.000000 2.000000 3.000000 a 276.448910 159.452187 308.967636 321.400062 445.597352 119.816526 285.000000 380.047365 385.591753 262.230814 332.362754 276.797760 368.401954 440.691502 396.203231 222.056299 296.184064 480.370690 260.771931 323.222833 124.257797 414.509349 100.344407 105.361283 202.891597 214.981395 443.062072 179.738699 142.021125 424.646912 
124.000000 7.000000 2.000000 a 275.902157 336.043152 229.584407 126.396202 229.706334 454.842830 174.942848 106.780148 496.847059 343.069964 320.881598 583.507498 83.725743 188.321534 344.692617 236.103791 301.272302 351.172322 211.442664 149.936653 492.603289 183.564702 389.020565 397.729808 420.029761 388.598765 135.003704 474.307917 316.227766 265.346943 
103.000000 4.000000 2.000000 a 120.332872 208.031248 160.252925 239.420133 293.204707 108.240473 173.772840 258.681271 259.115804 105.645634 173.404152 245.203997 264.967923 294.613306 237.766692 189.042323 137.058382 321.179078 228.600087 202.970441 146.996599 269.224813 192.314846 61.000000 91.394748 78.160092 307.883095 128.724512 157.384879 267.927229 
158.000000 9.000000 5.000000 a 205.000000 371.163037 253.645422 391.071605 343.444319 149.402142 315.407673 376.591290 124.482931 138.224455 187.840358 117.686023 399.791196 364.516118 222.324088 357.997207 186.252517 306.367426 396.425277 331.001511 162.889533 345.249185 340.851874 177.132719 78.917679 97.948966 399.145337 92.655275 323.303263 301.230809 
164.000000 5.000000 3.000000 a 221.000000 163.981706 255.632549 287.271648 391.655461 84.528102 241.267486 335.089540 335.886886 205.761998 275.753513 252.067451 328.671569 388.726125 339.611543 199.444228 239.770724 423.798301 240.709368 277.794888 105.815878 362.691329 120.066648 50.477718 152.315462 160.654910 394.457856 142.088001 129.402473 369.237051 
199.000000 2.000000 2.000000 a 232.131428 302.062907 280.492424 378.228767 397.786375 55.326305 312.028845 392.378644 230.729279 179.069819 248.805145 114.236597 402.905696 409.355591 299.813275 316.483807 229.630137 387.815678 357.928764 338.647309 56.859476 386.156704 259.306768 108.240473 82.024387 115.212847 432.685798 17.464249 261.467015 362.049720 
188.000000 2.000000 4.000000 a 63.031738 274.372010 19.235384 149.856598 142.393820 269.979629 76.941536 108.577162 289.679133 130.138388 117.686023 375.664744 136.693087 134.171532 164.103626 190.766873 89.554453 216.122650 207.761883 69.079664 308.753947 108.060168 295.935804 223.002242 214.219514 180.853532 145.000000 274.475864 227.782791 134.617978 
172.000000 5.000000 2.000000 a 72.835431 314.035030 30.463092 180.224860 106.404887 292.138666 113.216607 116.468880 273.715180 132.823191 97.754795 382.374162 155.360870 106.018866 132.136293 230.152124 83.486526 177.101666 245.489307 95.005263 330.437589 81.614950 334.095795 250.055994 225.858363 191.671594 130.188325 289.110705 266.992509 94.847246 
148.000000 9.000000 5.000000 a 236.393739 335.268549 285.854858 397.396527 394.741688 91.005494 327.665988 402.743094 200.392116 176.819117 241.530536 86.400231 417.403881 409.893889 286.790865 343.209848 228.238910 373.687035 384.166631 351.125334 91.706052 387.922673 294.613306 138.827231 82.346828 116.245430 437.385414 33.526109 292.827594 356.265351 
262.000000 5.000000 5.000000 a 189.214164 413.977053 230.783448 389.589528 289.746441 221.923410 311.411304 353.001416 53.150729 127.612695 142.172431 190.444218 385.188266 317.705839 155.270731 380.522010 159.000000 232.142198 414.661308 316.930592 241.979338 302.687958 394.381795 234.138848 132.003788 128.549601 360.013889 171.405951 362.926990 244.198690 
243.000000 2.000000 5.000000 a 323.511978 387.253147 372.876655 476.942345 481.116410 143.694120 410.274298 488.475178 255.485812 263.910970 326.840940 52.201533 500.899191 497.032192 368.033966 412.311775 315.317301 453.131328 453.997797 435.785498 118.473626 475.177861 336.815973 202.871881 169.366467 203.423204 524.583644 110.136279 351.639019 441.693333 
261.000000 4.000000 1.000000 a 221.812984 374.285987 270.857896 404.223948 363.122569 143.892321 329.438917 393.249285 137.767921 155.595630 207.480120 97.744565 415.077101 383.692585 242.404620 366.456000 204.553172 326.259099 405.616814 346.528498 152.856142 364.111247 340.846006 178.000000 86.162637 110.208893 417.560774 84.693565 327.684299 321.123029 
165.000000 8.000000 1.000000 a 243.298171 480.055205 279.308074 444.243177 312.417989 284.285068 366.350925 397.061708 13.892444 187.683244 182.945347 221.794950 433.665770 345.810642 172.154001 443.288845 209.659247 230.082594 476.037814 367.119871 300.775664 334.950743 460.835112 300.088320 197.385410 195.000000 393.204781 230.217289 428.802985 265.663321 
268.000000 6.000000 2.000000 a 154.253039 131.244047 174.071824 185.224188 309.930637 159.831161 140.089257 235.002128 337.817998 171.128607 225.222113 317.800252 225.942471 300.148297 289.822359 111.305885 184.024455 364.891765 152.551631 178.137587 193.829822 273.912395 132.245983 99.704564 172.467388 159.113167 298.720605 199.288735 79.120162 296.082759 
111.000000 5.000000 2.000000 a 232.723011 354.938023 282.363241 403.853934 384.292857 115.117331 331.694136 402.159172 174.002874 169.543505 229.340358 81.271151 419.980952 401.931586 270.149958 356.439336 220.510771 355.825800 396.769454 352.495390 118.962179 380.969815 317.025236 157.508730 82.758685 114.039467 432.342457 55.226805 310.692774 344.106088 
176.000000 6.000000 5.000000 a 190.507218 380.426077 237.625756 383.391445 319.061123 171.420536 306.339681 361.337792 99.045444 123.434193 164.201096 144.886162 387.624819 342.125708 194.139125 359.026461 167.737891 277.064974 396.011363 318.596924 188.830612 323.989197 354.595544 191.379205 88.645361 97.324200 379.147728 118.105885 331.000000 275.786149 
178.000000 6.000000 4.000000 a 249.088338 346.340873 298.613463 410.834517 406.078810 100.404183 341.104090 415.909846 202.252318 188.743212 252.241947 73.239334 430.800418 421.864907 295.895252 356.033706 240.141625 382.283926 397.075560 364.444783 96.462428 400.106236 304.384625 150.632002 95.257546 128.949603 449.952220 45.617979 304.586605 367.077648 
190.000000 5.000000 1.000000 a 206.400097 278.729259 162.984662 66.309879 198.640379 380.663894 100.647901 53.338541 433.797188 273.148311 258.936286 510.248959 9.433981 161.307160 291.821863 176.323566 234.610315 314.078016 161.012422 77.987178 418.527180 146.891116 326.459798 323.857994 346.733327 315.825901 118.983192 400.216192 252.144800 224.321198 
234.000000 2.000000 2.000000 a 221.205787 460.678847 257.233357 422.120836 293.470612 271.204720 344.245552 375.329189 16.643317 166.243797 161.136588 222.173356 411.655196 326.013803 153.404694 422.095961 187.523332 216.314586 454.508526 345.023188 289.944822 314.493243 443.054173 283.635329 181.727818 176.773867 372.714368 219.221349 409.206549 246.756965 
193.000000 4.000000 4.000000 a 138.246157 272.222336 186.903719 299.055179 305.059011 93.230896 227.299362 301.681952 199.541976 88.119237 160.801119 184.783657 316.442728 315.520205 218.103187 257.163372 137.014598 306.026143 296.233016 249.897979 127.121989 292.222518 247.945559 87.709749 23.259407 25.942244 339.081111 78.447435 223.109838 271.154937 
255.000000 5.000000 2.000000 a 235.325307 178.070211 210.287898 51.613952 295.237193 342.593053 115.017390 155.080624 467.487968 292.166049 306.197649 495.274671 110.535062 263.486243 355.534808 83.815273 270.667693 398.559908 52.345009 133.150291 376.566063 243.606240 234.676373 282.455306 338.042897 313.969744 229.211693 377.708883 165.939748 309.633655 
227.000000 3.000000 3.000000 a 150.402793 386.038858 111.319360 219.938628 27.018512 370.228308 172.817823 124.615408 305.522503 200.444506 142.225174 445.926003 174.347354 36.878178 138.405202 294.567480 149.110697 137.000000 301.763152 140.064271 408.030636 32.140317 411.285789 330.442128 297.274284 263.336287 86.769810 361.935077 341.656260 50.000000 
171.000000 4.000000 3.000000 a 165.517371 292.576486 118.562220 95.801879 150.880748 357.972066 85.094066 10.198039 386.870779 232.664995 211.123187 476.303475 46.173586 116.468880 241.124449 191.637679 190.234066 263.711964 186.938493 47.675990 396.590469 98.681305 332.687541 304.396123 313.459726 281.000000 84.876381 370.785652 258.135623 173.738309 
238.000000 6.000000 5.000000 a 208.002404 74.040529 221.269067 188.533817 353.624094 190.895259 166.379085 259.886514 393.720713 228.372503 280.919917 356.698752 240.102062 338.998525 345.027535 87.235314 239.453545 417.493713 127.314571 206.228029 218.826415 313.121382 84.970583 134.461891 222.899080 213.396345 329.843902 239.585058 22.203603 344.493832 
122.000000 7.000000 1.000000 a 202.921167 466.864006 181.107703 313.102220 73.171033 409.176001 260.464969 217.910532 274.590604 229.211693 156.524758 450.619573 267.807767 114.017543 111.803399 381.064299 184.808008 53.712196 391.950252 231.209861 444.275815 124.149104 484.780363 380.315658 323.289344 292.222518 167.585799 387.506129 419.415069 58.000000 
126.000000 3.000000 5.000000 a 180.269243 194.164878 153.081678 28.301943 242.981481 312.020833 58.137767 111.251966 413.620599 239.941660 249.579647 455.692879 78.644771 214.219514 298.224747 91.760558 215.034881 342.486496 85.632938 77.820306 348.328868 192.408420 240.752985 252.812183 294.703241 267.925363 186.818093 340.283705 166.508258 254.232177 
104.000000 1.000000 3.000000 a 198.496851 85.615419 213.653926 190.433716 347.151264 180.623919 163.248277 257.614052 381.837662 217.112874 270.739727 345.800521 240.052078 333.718444 335.076111 93.477270 229.368699 408.515606 134.465609 203.002463 209.468375 307.709278 90.972523 123.482792 210.950231 201.419959 326.369423 228.405341 34.132096 336.743226 
207.000000 8.000000 3.000000 a 166.652333 420.107129 137.010948 261.841555 28.178006 381.980366 210.641876 167.358896 284.401125 205.060967 137.462722 441.662767 217.101359 68.963759 114.402797 331.882509 155.929471 95.336247 341.457172 180.294204 418.646629 74.168727 441.279956 347.522661 302.006622 269.091063 123.227432 367.021798 373.883672 22.803509 
202.000000 6.000000 5.000000 a 176.615401 225.818511 142.042247 28.442925 217.002304 329.946965 55.803226 80.280757 409.926823 240.303974 240.441261 466.864006 48.093659 186.010752 284.007042 123.490890 209.346603 321.628668 115.520561 57.218878 367.201580 165.496224 271.271082 271.911750 304.085514 275.176307 155.862119 353.735777 196.725697 232.180964 
163.000000 2.000000 4.000000 a 256.688527 531.851483 246.844080 391.873704 155.261070 440.709655 334.104774 299.207286 253.179778 264.109826 192.520129 451.692373 348.919762 196.010204 129.769026 452.117241 230.082594 46.097722 466.567251 308.172030 472.411897 205.779008 543.087470 421.677602 348.367622 321.636441 249.200722 408.897298 482.320433 131.575074 
109.000000 1.000000 3.000000 a 72.201108 281.485346 24.413111 148.084435 133.454112 281.007117 78.447435 99.724621 295.194851 138.946033 121.457812 385.541178 130.587136 123.693169 164.195006 195.576072 96.260064 212.002358 210.582525 64.761099 319.776484 97.514102 304.644055 234.000000 224.517260 191.002618 133.988806 285.112259 235.671381 128.405607 
193.000000 1.000000 3.000000 a 182.258059 311.777164 231.812424 350.137116 340.982404 91.836812 278.001799 349.905702 178.630904 122.576507 189.000000 134.316790 366.576049 355.557309 237.892833 305.550323 173.979884 325.751439 345.323037 299.401069 113.004425 333.520614 279.951782 116.348614 29.206164 62.169124 383.105730 44.944410 265.035847 303.323260 
259.000000 6.000000 3.000000 a 179.011173 238.436574 223.986607 307.058626 351.283361 41.000000 243.417337 327.995427 250.012000 141.152400 214.536710 184.564352 334.647576 357.169428 274.142299 244.663034 185.924716 361.581250 285.952793 272.616947 79.404030 332.543230 204.083316 41.109610 66.887966 83.234608 374.509012 66.189123 194.095337 320.851991 
228.000000 8.000000 5.000000 a 148.717854 417.049158 130.873985 277.252592 68.014704 355.354752 217.002304 191.041880 243.211842 175.755512 104.172933 404.783893 239.209114 105.678759 73.239334 335.108938 130.299655 73.054774 349.498212 192.442199 390.877219 103.580886 432.356335 325.711529 271.064568 239.286439 158.496057 335.721611 368.555288 22.360680 
211.000000 7.000000 5.000000 a 167.107750 233.040769 211.683726 295.169443 339.705755 53.150729 230.971860 315.349013 248.696602 131.590273 204.846284 194.195778 322.187833 345.071007 265.363901 234.955315 175.111393 352.427297 276.030795 260.000000 91.787799 320.351370 201.717624 38.078866 65.192024 76.419893 362.006906 75.716577 187.320581 309.893530 
269.000000 8.000000 1.000000 a 246.446749 38.013156 258.211154 207.195560 388.856014 212.084889 196.888293 287.784642 429.424033 266.294949 319.507433 379.859184 263.058929 372.361384 383.589624 97.329338 278.037767 455.565583 130.942736 236.484672 235.440014 346.770818 56.222771 160.227963 255.000000 248.203546 359.877757 265.092437 20.248457 381.419716 
264.000000 9.000000 1.000000 a 275.936587 552.883351 269.284236 417.441014 182.175739 451.824081 358.217811 325.706923 249.339126 278.064741 208.369863 452.994481 375.325192 223.002242 143.840189 475.184175 247.491414 68.447060 490.718860 333.304665 482.270671 232.458598 562.019573 435.928893 358.265265 333.160622 276.219116 417.076732 502.828997 157.003185 
128.000000 5.000000 1.000000 a 239.453545 125.239770 268.001866 273.590936 404.846885 126.150704 238.170107 333.337667 374.418215 234.437625 301.039864 293.000000 320.702354 397.689577 365.875662 175.775425 262.688028 447.475139 215.406592 276.797760 143.923591 371.445824 78.057671 88.232647 191.324332 195.941318 397.705922 184.097800 98.081599 386.674282 
193.000000 5.000000 3.000000 a 242.002066 259.113875 203.081265 55.036352 248.853370 394.756887 123.693169 103.406963 473.769986 306.991857 301.081384 534.640066 54.083269 211.248669 338.280948 160.112460 273.130006 363.885971 134.346567 115.169440 431.324704 197.101497 313.129366 335.800536 372.034945 343.185081 166.832251 420.862210 241.298570 273.967151 
233.000000 7.000000 2.000000 a 240.301893 125.706006 268.923781 274.563290 405.770871 126.019840 239.169396 334.336657 374.774599 235.104232 301.788005 292.769534 321.697062 398.647714 366.611511 176.663522 263.472959 448.264431 216.261416 277.794888 143.544418 372.404350 78.102497 88.543774 191.635070 196.412831 398.694118 184.067922 98.858485 387.551287 
135.000000 7.000000 1.000000 a 305.262182 195.243438 340.766782 360.650801 476.642424 122.036880 322.304204 417.076732 392.451271 284.084494 356.103917 262.488095 406.872216 473.820641 418.609603 261.564524 322.024844 504.453169 300.081656 360.005556 113.758516 447.759980 133.304163 126.657017 213.845739 231.248784 478.511233 178.899413 181.176709 453.318872 
227.000000 5.000000 5.000000 a 138.000000 176.139150 123.130013 82.328610 238.321212 258.642611 40.311289 132.574507 367.724081 191.846293 212.143819 401.319075 118.067777 217.506322 267.277010 84.314886 174.025860 322.948912 102.771591 79.705709 295.465734 192.608411 210.924157 200.002500 240.800748 214.888343 203.184645 285.842614 136.857590 239.384628 
224.000000 8.000000 2.000000 a 301.391772 376.643067 350.853246 458.245567 458.144082 130.142230 390.410041 467.286850 235.715931 241.205307 303.779525 44.721360 480.729654 474.318458 345.071007 396.872776 292.588448 430.345210 438.416469 415.095170 110.022725 452.602475 328.636577 187.771137 147.329563 181.240172 502.355452 90.271812 338.988200 418.628714 
192.000000 6.000000 3.000000 a 210.705956 426.487983 253.239018 410.332792 312.832223 223.573254 332.222817 375.825757 47.010637 147.472031 165.559657 174.264167 407.358564 341.071840 177.341479 397.416658 181.394597 251.882909 432.463871 338.892313 240.168691 326.118077 403.834124 241.598841 138.513537 140.513345 383.438391 169.531708 376.043880 267.121695 
246.000000 9.000000 5.000000 a 100.005000 265.224433 57.008771 115.017390 148.499158 294.450335 51.613952 74.303432 328.064018 167.092789 155.080624 409.453294 98.270036 129.375423 197.002538 173.112680 128.015624 239.585058 183.371208 31.048349 333.246155 103.773792 294.730385 243.248844 246.661712 214.149481 125.399362 304.573472 222.784649 152.531964 
169.000000 2.000000 1.000000 a 180.693110 118.190524 176.139150 109.178753 296.420310 246.077224 98.229324 185.994624 398.784403 223.008968 256.891027 402.448755 161.697248 275.632001 316.128139 33.060551 216.390850 377.298290 69.079664 136.693087 279.517441 250.838594 157.876534 185.970428 250.401677 230.644748 259.048258 284.112654 83.186537 295.832723 
278.000000 3.000000 2.000000 a 202.427765 173.002890 179.120071 40.261644 272.121296 314.860286 83.725743 138.408815 434.294831 258.924699 274.007299 464.656863 100.722391 243.022633 324.727578 71.344236 237.928561 371.048514 57.384667 106.892469 349.818524 221.452026 224.035711 254.880364 306.202547 281.485346 213.964950 347.639181 151.476071 283.097156 
264.000000 3.000000 2.000000 a 375.644779 492.065036 424.605699 553.932306 509.733264 244.444268 480.965695 547.076777 227.107904 309.231305 355.541840 76.550637 568.039611 533.548498 379.011873 504.325292 357.261809 454.459019 545.201798 499.795958 227.369743 515.267891 445.683744 298.613463 232.452146 261.633331 569.899114 194.095337 452.173639 465.542694 
100.000000 6.000000 1.000000 a 167.451486 422.309128 200.192407 366.979563 237.261459 259.669020 289.663598 316.840654 74.518454 120.619236 102.883429 249.128481 354.005650 268.404545 98.838252 374.834630 132.382023 172.939296 405.011111 288.112825 285.124534 256.113256 411.491191 259.609322 164.939383 149.402142 314.273766 216.448608 370.202647 190.821906 
298.000000 2.000000 2.000000 a 269.557044 448.642397 315.686553 463.276375 385.647507 218.048160 386.264158 439.414383 99.849887 202.800394 235.053185 114.490174 467.038542 412.477878 251.288679 435.440007 244.663034 324.969229 473.393071 398.020100 222.569090 396.289036 416.156221 253.096819 157.003185 173.954017 452.832199 158.142341 401.204437 340.332191 
286.000000 5.000000 3.000000 a 235.212670 497.748933 260.230667 429.284288 262.240348 330.255961 353.884162 367.163451 80.894994 195.494245 162.443836 291.358885 408.975549 299.546324 127.011810 446.651990 199.123078 164.830216 474.886302 346.770818 352.512411 293.231990 487.544870 334.484678 236.888159 224.414795 350.714984 282.214457 445.583887 216.453228 
165.000000 3.000000 4.000000 a 273.029302 454.532727 318.813425 467.492246 386.766079 224.350173 390.333191 442.485028 97.252249 206.455806 237.002110 119.079805 470.600680 414.084532 251.622733 440.654059 247.588368 324.211351 478.465255 401.601793 228.868958 398.207232 422.291369 259.156323 162.634560 178.986033 454.942854 164.453641 406.970515 341.259432 
163.000000 5.000000 5.000000 a 161.207940 439.323343 160.365208 320.914319 123.810339 343.546212 253.938969 242.123935 193.000000 165.604952 93.813645 370.217504 288.561952 162.114157 32.756679 365.952183 132.245983 55.713553 385.198650 235.331681 376.324328 158.826950 446.870227 322.981424 252.770647 224.510579 214.709106 315.103158 388.733842 78.771822 
115.000000 7.000000 2.000000 a 215.281211 135.959553 199.722307 77.794601 303.600066 298.412466 107.354553 174.613860 441.955880 265.452444 289.884460 454.674609 138.397977 276.631524 344.710023 36.674242 251.390135 397.102002 25.298221 137.611773 331.436268 254.031494 189.264365 238.346387 300.980066 279.501342 250.203917 336.434243 118.878089 310.942117 
276.000000 2.000000 1.000000 a 297.605443 35.014283 309.793480 247.315588 439.802228 238.379949 245.735630 334.252898 472.969344 314.505962 370.005405 405.346765 305.851271 422.303209 434.373112 136.124943 328.660919 507.074945 161.012422 284.903492 255.211677 396.919387 37.735925 194.041233 294.210809 291.290233 407.603974 295.426810 71.505245 432.980369 
260.000000 9.000000 4.000000 a 176.649370 401.462327 218.837840 376.782431 281.780056 213.262749 298.616811 341.439599 65.620119 114.560028 132.007576 192.000000 373.026809 308.690784 149.646250 367.396244 146.996599 229.218237 401.508406 304.630924 234.829726 293.027302 382.635597 223.181540 121.794910 116.481758 350.052853 164.623814 350.304154 236.698120 
270.000000 8.000000 1.000000 a 304.105245 426.620440 353.362420 481.050933 444.370341 180.188790 408.074748 475.213636 184.100516 238.296034 288.979238 29.206164 495.370568 466.043989 318.780489 433.424734 287.403897 398.983709 473.989451 427.276257 170.293864 446.777349 384.011719 230.531993 159.552499 188.862384 500.407834 125.227792 384.533484 401.428699 
226.000000 9.000000 5.000000 a 209.468375 166.379085 244.499489 280.344431 380.360355 81.271151 232.297223 325.676220 326.465925 194.262709 264.121184 249.194703 320.407553 377.809476 328.024389 195.576072 228.109623 412.146819 237.118114 268.361696 106.400188 351.813871 126.142776 40.249224 143.024473 150.046659 384.219989 136.824705 128.798292 357.692605 
109.000000 1.000000 1.000000 a 49.819675 248.308276 94.047860 213.700725 223.089668 171.143215 137.611773 206.518764 232.948492 57.035077 108.466585 277.800288 223.664928 227.035240 173.565550 199.010050 68.767725 253.475837 231.948270 155.862119 209.537586 202.356122 247.420694 131.472431 114.546934 82.879430 245.703073 173.078017 196.173393 197.101497 
138.000000 1.000000 4.000000 a 290.258505 455.751029 337.290676 481.040539 411.004866 218.435345 404.708537 461.035790 125.255738 223.143452 259.331834 95.000000 487.181691 437.164729 277.411247 448.143950 266.917590 351.445586 486.920938 418.168626 218.288800 420.475921 420.029761 258.698666 167.931534 188.724667 476.640326 158.619040 409.682804 365.919390 
218.000000 2.000000 3.000000 a 272.917570 551.526065 272.464677 427.936911 201.099478 435.660418 364.610751 340.587727 220.056811 266.850145 201.019900 426.779803 389.486842 242.621104 136.033084 478.440174 241.811910 80.000000 496.638702 342.760850 464.486814 249.018072 556.766558 423.930419 341.123145 318.190195 296.708611 397.645571 500.617619 169.578890 
201.000000 9.000000 5.000000 a 300.800598 35.128336 312.569992 248.090709 442.223925 242.324163 247.697396 335.769266 476.860567 318.135191 373.363094 409.245648 306.882714 424.438453 437.675679 137.032843 331.990964 510.118614 161.012422 286.764712 259.023165 399.110260 41.182521 198.040400 298.181153 295.177912 409.298180 299.407749 74.249579 435.724684 
179.000000 1.000000 3.000000 a 228.372503 322.684056 277.634652 386.145050 389.097674 79.158070 317.056777 393.377681 205.769288 170.484603 237.033753 98.473347 407.099496 403.173660 284.423979 330.830772 221.822001 371.841364 371.849432 341.222801 83.006024 380.825419 282.398654 126.178445 74.330344 108.521887 429.504366 20.880613 280.178515 351.461235 
275.000000 1.000000 3.000000 a 292.249893 113.811247 317.592506 300.665928 453.943829 169.852878 277.115499 371.712254 427.931069 289.932751 355.832826 330.752173 353.171347 444.059681 420.800428 193.569109 316.936902 501.527666 228.359366 316.741219 178.241409 417.851648 50.249378 141.792101 244.386988 250.928277 439.720366 229.712864 111.462998 438.211136 
221.000000 3.000000 3.000000 a 245.709178 328.024389 294.838939 399.971249 407.082301 81.049368 332.024096 409.718196 218.160491 188.403822 255.049015 88.566359 422.427509 420.953679 302.076149 341.162718 239.708156 389.344321 382.472221 357.060219 76.216796 398.493413 284.917532 133.753505 91.923882 126.126920 446.838897 31.890437 287.271648 369.488836 
257.000000 6.000000 5.000000 a 253.160028 339.695452 302.497934 410.365691 412.534847 92.574294 341.808426 418.437570 214.114455 194.373352 259.493738 76.922038 431.983796 427.351144 304.685083 352.574815 245.782424 391.471583 393.837530 366.230802 85.615419 405.215992 296.319085 145.413204 99.020200 133.135270 454.262039 42.520583 298.971571 374.204490 
133.000000 2.000000 1.000000 a 206.736547 366.050543 157.178243 163.248277 115.260574 416.557319 156.310588 63.560994 402.548134 270.519870 229.863003 519.824009 103.247276 73.681748 240.276924 264.781042 221.605505 237.065392 257.406294 116.726175 455.389943 73.824115 405.838638 366.531036 360.700707 326.840940 20.099751 421.969193 331.412130 154.042202 
222.000000 1.000000 2.000000 a 219.754408 324.895368 171.828403 113.216607 172.072659 411.290651 133.555232 48.166378 436.331296 286.762968 260.432333 531.199586 52.497619 131.548470 283.240181 222.407284 242.835335 292.438028 207.966343 100.463924 449.751042 123.685084 371.048514 356.602019 368.376166 335.900283 81.608823 425.471503 296.435490 205.204776 
160.000000 8.000000 4.000000 a 298.939793 206.596225 336.148777 364.166171 471.247281 107.615055 322.493411 416.750525 377.830650 274.492259 347.079242 245.458754 408.574351 469.863810 408.861835 267.884303 314.085975 495.298900 307.234438 359.502434 97.123633 443.933554 146.013698 118.473626 200.818326 219.804459 476.463010 163.294213 188.904738 446.542271 
231.000000 1.000000 3.000000 a 300.374766 97.529483 322.778562 294.001701 458.261934 190.318155 276.101431 369.758029 445.135934 302.416931 366.379585 352.278299 348.472381 446.454925 431.483488 184.694342 326.710881 510.647628 217.147415 315.930372 199.832430 420.353423 33.615473 158.826950 261.874016 266.540804 439.450794 249.969998 104.043260 444.623436 
201.000000 7.000000 3.000000 a 52.153619 312.046471 28.160256 195.310010 121.396046 272.066168 123.178732 139.785550 250.689050 108.337436 75.239617 357.833760 176.045449 127.141653 117.834630 233.976495 58.523500 174.183811 253.160028 111.986606 310.006452 104.048066 327.391203 232.793900 202.526541 168.324092 154.738489 266.326867 263.229938 100.404183 
157.000000 2.000000 3.000000 a 168.133875 125.602548 165.051507 111.825757 287.673426 237.118114 91.301698 182.002747 385.810834 210.009524 244.364482 391.760131 161.012422 268.197688 303.990131 46.043458 203.735122 366.230802 81.271151 130.613935 271.280298 243.074063 160.853971 176.980225 238.516247 218.220072 253.852319 273.600073 86.330759 285.660638 
175.000000 4.000000 5.000000 a 79.555012 203.828359 83.737686 141.014184 217.958712 213.600094 68.600292 154.029218 304.138127 127.882759 155.769060 343.840079 159.326708 208.086520 215.870331 133.753505 115.316955 282.001773 162.003086 97.416631 252.057533 181.837840 220.871003 159.662143 181.107703 153.003268 210.287898 231.682973 154.896740 206.958933 
171.000000 6.000000 5.000000 a 306.771902 449.116911 355.178828 491.004073 437.522571 205.243758 416.252327 478.356562 161.245155 239.820766 283.555991 60.876925 501.482801 461.649217 307.148173 449.899989 286.667054 383.959633 489.780563 432.770147 198.979898 443.694715 409.101454 251.857102 171.172428 197.002538 498.759461 147.502542 405.306057 393.309039 
240.000000 9.000000 3.000000 a 316.812247 83.743656 335.626280 291.547595 469.473109 219.111844 281.519093 373.269340 470.940548 323.668040 385.275226 381.545541 348.381974 455.290017 450.347643 180.468834 344.889837 527.531990 208.777393 321.286477 229.106962 429.418211 31.384710 185.162091 288.209993 291.109945 444.875263 278.582124 104.995238 458.441927 
141.000000 1.000000 2.000000 a 324.400986 123.130013 348.793635 323.013932 484.814397 196.122411 304.632566 398.527289 458.245567 322.386414 388.346495 352.171833 377.534104 473.925100 453.322181 213.459598 349.383743 533.913851 245.165250 344.431416 200.010000 447.770030 61.000000 172.791782 274.694376 282.490708 467.850403 256.128874 133.093952 469.920206 
210.000000 8.000000 2.000000 a 85.211502 321.362723 131.529464 283.494268 224.770995 184.230833 205.411782 255.266527 155.293271 21.213203 72.111026 238.247770 282.837409 242.297338 127.121989 277.016245 62.433965 215.037206 309.556134 213.901847 217.331544 222.056299 312.371574 168.582324 95.036835 65.192024 275.363396 159.452187 269.245241 186.268623 
252.000000 5.000000 3.000000 a 277.276036 73.109507 297.067332 264.000000 431.676963 189.952626 247.032387 340.296929 434.231505 284.318483 345.579224 355.950839 318.512166 418.718282 410.649486 154.935470 305.196658 487.977458 188.223272 286.881509 205.080472 392.703450 14.035669 150.096636 252.517326 253.513313 410.494823 248.128999 74.027022 419.605767 
188.000000 5.000000 3.000000 a 161.681786 129.189783 159.762323 114.791115 283.862643 231.700237 89.050547 181.176709 378.761138 203.002463 237.924358 385.478923 162.077142 265.216892 297.859027 53.009433 197.185192 360.867012 88.232647 128.693434 266.204808 239.910400 161.913557 171.592541 231.741235 211.248669 252.224107 267.419147 87.846457 280.927037 
263.000000 6.000000 5.000000 a 287.628232 125.606528 314.930151 305.895407 451.629273 156.416112 278.741816 373.719146 416.702532 282.242803 349.383743 316.425347 357.012605 443.054173 414.165426 200.591625 311.102877 495.889101 236.660094 318.114759 163.884105 416.811708 63.126856 131.228808 233.137299 241.058084 440.501986 216.379297 118.406081 434.493959 
164.000000 1.000000 3.000000 a 186.386695 454.093603 167.836230 307.405270 75.504967 390.117931 251.079669 215.573653 256.353272 210.059515 137.102152 430.656476 265.035847 117.085439 91.983694 370.552291 166.628329 46.389654 383.283185 223.948655 424.984706 123.036580 470.090417 362.283039 303.659349 272.809457 171.405951 367.763511 405.918711 47.423623 
101.000000 9.000000 2.000000 a 129.556937 226.565664 173.349358 262.497619 302.654919 91.547802 195.274166 277.634652 242.293211 101.607086 173.280120 221.503950 286.232423 307.001629 236.038133 212.461761 140.456399 321.622449 252.247894 222.800359 130.249760 282.143580 205.645326 56.302753 68.658576 60.728906 323.538251 105.645634 177.011299 274.346496 
196.000000 8.000000 5.000000 a 286.174772 285.280564 331.645895 402.743094 457.354348 67.082039 345.579224 433.520472 303.356226 242.002066 314.377162 148.758193 436.467639 464.569693 369.086711 323.488794 290.167193 457.318270 365.089030 377.275761 28.284271 440.093172 231.562087 122.102416 148.959726 178.664490 482.029045 90.210864 254.719454 424.835262 
122.000000 2.000000 2.000000 a 297.356688 20.000000 305.865984 231.639807 433.021939 254.921557 236.304888 322.063658 481.674164 319.061123 371.238468 422.568338 291.254185 413.630270 434.936777 121.490740 329.684698 505.099000 142.425419 274.758075 273.760845 388.634790 59.548300 207.542767 305.473403 300.193271 396.304176 310.729786 69.835521 428.590714 
180.000000 4.000000 2.000000 a 162.003086 389.062977 120.415946 216.020832 28.460499 382.011780 174.040225 117.443603 321.104344 214.219514 157.429349 460.584411 167.442527 21.260292 153.674982 295.570635 162.806634 147.488983 300.601065 139.176147 420.029761 23.769729 416.509304 340.851874 310.728177 276.683935 72.615425 375.202612 345.862690 63.560994 
149.000000 1.000000 3.000000 a 122.641755 392.186180 106.508216 259.262415 76.537572 330.854953 195.576072 178.899413 235.031913 151.953940 82.389320 386.359936 225.319773 107.517440 67.675697 311.977563 105.080921 94.894678 327.940543 173.787226 366.776499 98.979796 406.590703 300.106648 248.201531 215.837902 156.706732 313.102220 343.332201 32.557641 
220.000000 5.000000 3.000000 a 67.208630 303.595125 115.256236 263.592489 218.013761 181.320159 185.607112 238.530920 175.647374 1.414214 72.111026 250.012000 264.433356 232.422030 133.146536 257.001946 50.695167 219.583697 289.262856 195.412384 216.316897 210.952601 297.038718 159.260792 98.183502 65.069194 262.528094 163.196201 251.406046 182.274518 
272.000000 7.000000 2.000000 a 191.002618 370.951479 142.172431 175.567651 89.560036 405.317160 156.732256 72.124892 379.021108 252.715255 207.935086 502.259893 118.431415 48.093659 215.288179 271.280298 202.714084 211.286535 267.738679 117.000000 444.083326 48.826222 407.304554 357.453493 345.081150 310.987138 10.295630 407.460428 333.538603 128.160056 
190.000000 5.000000 2.000000 a 285.394464 407.520552 334.790980 460.977223 428.514877 161.895028 388.217722 456.212670 178.843507 220.047722 272.904745 34.014703 475.783564 449.231566 305.373542 413.266258 269.683147 387.156299 453.792904 407.829621 154.434452 429.534632 365.875662 211.009478 139.517024 169.248338 482.653085 105.773343 364.971232 386.172241 
200.000000 6.000000 1.000000 a 269.235956 441.235765 316.083850 461.009761 389.970512 208.278659 384.407336 439.840880 110.022725 202.180612 237.993697 102.883429 466.347510 415.885802 257.093368 430.419563 245.595195 332.415403 468.787798 397.322287 211.697898 399.111513 407.594161 245.008163 150.880748 169.779268 455.244989 148.276768 394.312059 345.028984 
196.000000 7.000000 5.000000 a 232.937760 455.096693 273.248971 433.647322 322.125752 251.077677 355.461672 394.410953 23.769729 171.991279 181.320159 187.555325 427.948595 352.744950 183.338485 424.392507 201.764714 250.838594 458.844200 360.034721 266.120274 339.484904 432.695043 270.379363 167.287178 169.070991 397.396527 195.800919 404.516996 275.697298 
105.000000 8.000000 2.000000 a 116.004310 240.752985 161.789987 262.497619 288.267237 104.043260 192.255039 270.712024 226.715681 83.486526 155.653461 220.621848 282.391572 294.333145 218.000000 220.095434 124.040316 303.916107 258.860967 217.186556 142.088001 269.898129 222.467975 74.404301 60.827625 45.276926 313.249102 108.558740 190.318155 258.588476 
208.000000 5.000000 5.000000 a 249.262913 98.270036 273.424578 261.629509 409.649850 153.883072 233.788366 328.694387 397.498428 251.007968 314.726866 320.887831 312.057687 399.696135 379.827592 158.483438 275.138147 459.260275 196.351725 273.248971 171.592541 373.483601 51.156622 112.787411 215.371772 217.313138 395.904029 211.400095 77.369245 394.452786 
242.000000 2.000000 3.000000 a 293.955779 298.283422 252.715255 108.166538 279.580042 448.475194 177.800450 140.890028 523.836807 359.723505 349.481044 589.115439 98.234414 239.309423 382.037956 204.570281 323.834834 399.011278 172.418096 165.604952 484.737042 230.000000 355.984550 389.236432 426.432879 397.372621 188.663722 475.297801 286.782147 310.465779 
271.000000 7.000000 1.000000 a 141.354165 182.849665 122.800651 72.862885 233.413796 268.739651 33.970576 123.454445 372.687537 197.408207 214.336185 410.319388 107.689368 211.206061 267.917898 87.965902 177.138364 321.124586 102.200783 72.069411 305.668121 186.678869 219.535874 210.237960 249.262913 222.733024 195.000000 295.237193 145.165423 236.381048 
162.000000 6.000000 1.000000 a 134.480482 339.228537 86.313383 166.628329 78.230429 350.851821 123.434193 74.006756 328.210298 195.887723 154.175225 445.439109 122.690668 55.009090 171.026314 244.695729 146.123236 187.181730 249.609695 88.090862 389.493261 29.410882 368.957992 305.040981 288.405964 254.275441 67.119297 351.096853 297.215410 97.252249 
294.000000 5.000000 2.000000 a 151.489274 130.000000 168.362704 174.048844 303.433683 170.531522 130.000000 225.079986 341.915194 172.800463 223.986607 327.340801 215.139490 292.496154 288.170089 102.000000 182.537667 361.636558 142.888068 168.428026 204.804785 266.294949 136.359818 110.390217 179.805450 164.778639 289.705022 208.856410 77.878110 291.015464 
155.000000 8.000000 2.000000 a 369.330475 498.353288 417.796601 551.772598 498.293086 251.031870 477.698650 540.922360 209.861859 302.423544 345.198494 84.380092 563.585841 523.329724 365.603610 506.284505 349.227719 439.177641 546.773262 494.982828 236.932480 505.759824 453.927307 303.041251 230.638245 258.147245 561.092684 197.800404 457.017505 453.557053 
289.000000 2.000000 5.000000 a 95.414884 297.195222 144.917218 281.953897 252.144800 150.053324 205.243758 266.450746 171.292148 33.241540 104.139330 218.442212 288.721319 266.062023 161.483745 262.085864 84.528102 249.230817 297.324738 219.938628 183.847763 244.167975 283.635329 135.059246 64.070274 31.575307 294.659125 129.096863 245.540221 216.113396 
193.000000 3.000000 4.000000 a 233.173755 510.710290 228.527898 381.365966 154.870914 410.095111 319.288271 293.492760 221.027148 235.212670 165.193826 418.632297 342.406192 196.461192 100.801786 434.691845 204.355083 33.136083 451.614880 296.386572 441.191568 202.089089 519.042387 393.071240 317.107237 291.185508 250.714978 376.977453 460.408514 122.494898 
116.000000 8.000000 4.000000 a 284.255167 232.262782 325.041536 371.231734 457.525956 76.216796 322.468603 414.812006 343.633526 252.384627 325.711529 207.195560 411.262690 459.412669 385.507458 282.081548 295.489425 472.978858 322.832774 357.572370 59.236813 433.904367 175.316856 104.172933 171.207476 193.871091 470.307346 127.581347 207.386113 429.790647 
198.000000 6.000000 3.000000 a 142.414887 150.986754 138.133993 107.424392 262.093495 233.430932 69.260378 163.248277 364.094768 187.683244 218.524598 381.849447 148.492424 244.043029 277.504955 70.830784 178.272264 339.308120 100.717426 109.110036 269.358497 218.586367 181.430427 173.899396 224.510579 201.556444 232.744495 264.764046 108.240473 259.023165 
278.000000 6.000000 4.000000 a 215.244048 477.322742 192.096330 319.862470 77.129761 422.262951 269.364066 222.948425 285.448769 242.324163 169.673215 463.276375 272.943218 116.520384 124.310096 390.406199 197.699267 59.548300 400.284899 239.033470 457.403542 129.120099 496.170334 393.117031 336.441674 305.366992 169.002959 400.649473 430.255738 68.883960 
275.000000 1.000000 3.000000 a 45.000000 237.491052 80.099938 191.564611 214.182165 185.690603 115.420969 186.496649 252.301407 75.802375 115.602768 299.081929 201.972770 214.457455 179.744263 181.333946 74.094534 255.384025 212.680512 134.617978 224.439301 189.095214 242.033056 140.911320 135.602360 104.661359 229.340358 192.314846 185.809042 192.301846 
211.000000 6.000000 1.000000 a 286.750763 399.711146 336.310868 458.763556 433.240118 153.055545 386.896627 456.887295 190.002632 222.272355 277.605836 27.513633 475.186279 452.960263 312.257906 408.231552 272.530732 395.001266 449.021158 407.613788 143.589693 432.786321 356.848707 204.022058 137.974635 169.011834 485.231903 98.792712 358.005587 391.485632 
231.000000 7.000000 4.000000 a 249.657766 73.824115 269.584866 243.665755 404.477441 175.616058 221.923410 315.944615 410.993917 257.934100 318.308027 343.281226 296.285335 392.127530 383.343188 137.528179 277.794888 460.370503 174.002874 261.721226 195.256242 366.050543 37.735925 130.061524 230.824609 229.612717 385.161005 231.821052 55.362442 392.020408 
167.000000 9.000000 1.000000 a 231.572883 135.148067 261.704031 274.721677 398.538580 114.586212 236.019067 331.013595 362.498276 224.243172 291.672762 281.831510 320.178075 392.485669 356.349547 179.902752 253.805043 438.600046 220.227155 274.147770 133.753505 366.267662 90.005555 76.216796 179.301422 184.447825 394.058371 172.185946 104.651804 379.269034 
163.000000 7.000000 5.000000 a 100.124922 192.270643 131.217377 198.849189 267.529438 147.258277 133.296662 220.238507 279.302703 110.054532 166.330995 284.850838 224.537302 264.518430 231.365512 156.204994 125.936492 309.685324 193.868512 163.816971 185.658288 238.581223 189.446562 93.904207 126.657017 105.773343 273.183089 169.248338 140.089257 247.358040 
116.000000 6.000000 3.000000 a 274.410277 313.039934 322.149034 410.474116 441.499717 71.421285 347.726904 431.185575 265.096209 223.002242 292.984641 109.004587 438.949883 452.269831 343.627706 340.261664 273.309349 431.510139 382.027486 376.396068 44.643029 428.752843 263.469163 131.529464 126.142776 159.028299 474.157147 61.522354 277.656262 406.123134 
252.000000 9.000000 4.000000 a 101.355809 177.341479 115.377641 155.051604 250.906357 188.279048 92.357999 183.709009 310.522141 135.092561 176.283862 328.612233 183.174780 241.611258 239.140126 121.103262 134.736780 309.885463 155.540991 126.435754 226.019911 215.362485 189.282857 131.575074 169.198109 145.499141 242.909448 213.037555 126.605687 238.033611 
292.000000 3.000000 3.000000 a 208.254652 433.457034 248.847343 408.949875 301.802916 236.681220 330.764267 370.375485 34.539832 147.461859 157.952525 190.874304 403.487298 331.265754 164.623814 400.620768 177.259696 236.934590 434.736702 335.477272 254.656632 317.238081 412.922511 251.803495 149.053682 147.678705 374.937328 183.934771 382.538887 255.704908 
233.000000 2.000000 2.000000 a 72.801099 268.680107 121.840059 249.419326 241.132744 151.604749 173.404152 239.633053 203.000000 36.235342 106.174385 243.813453 258.835855 250.185931 169.401889 229.157151 74.732858 254.527012 263.973484 190.591186 188.520556 226.737734 259.855729 123.308556 81.859636 48.548944 273.853976 143.840189 216.633331 209.659247 
251.000000 5.000000 5.000000 a 231.948270 78.847955 251.835264 230.828941 386.870779 168.866811 205.759568 300.193271 396.788357 241.373155 300.946839 336.786282 282.007092 374.882648 365.941252 127.581347 260.317114 442.669177 165.945774 245.473013 191.541118 348.772132 54.817880 119.419429 218.112356 215.148786 368.716693 223.181540 47.434165 374.225868 
273.000000 6.000000 2.000000 a 217.368351 341.391271 267.016853 387.578379 371.052557 105.513032 315.448887 386.358642 173.948268 154.983870 216.688717 97.200823 403.832886 387.827281 259.849957 340.851874 206.184384 346.342316 381.047241 336.440188 114.284732 366.547405 305.080317 144.006944 66.528190 98.183502 417.426640 45.880279 296.440551 331.544869 
184.000000 1.000000 3.000000 a 127.882759 382.561106 98.005102 233.828997 48.507731 344.989855 176.502125 147.166572 269.430882 170.496334 107.912001 412.752953 195.125601 73.000000 103.174609 296.561967 120.004167 116.180893 308.609786 149.602807 382.102081 63.529521 402.404026 309.006472 267.748016 234.258404 121.202310 332.728117 335.672459 27.294688 
143.000000 4.000000 1.000000 a 153.769308 276.028984 202.410474 312.065698 320.156212 81.492331 241.230181 316.766475 201.161627 102.489024 174.545123 171.125685 330.800544 330.953169 230.464748 266.308092 152.013157 318.592216 305.988562 264.612925 113.600176 307.709278 248.294180 85.381497 17.720045 38.832976 354.594134 62.936476 228.063588 285.772637 
262.000000 2.000000 1.000000 a 126.889716 223.807953 170.188131 258.257623 300.096651 94.894678 191.128229 273.760845 244.499489 101.044545 172.185946 225.729927 282.115225 304.006579 235.287059 208.542562 138.715536 320.538609 248.243832 218.819560 133.660016 279.064509 203.901937 57.306195 72.277244 62.817195 320.089050 109.877204 174.002874 272.249885 
236.000000 4.000000 5.000000 a 258.443417 179.175891 294.268585 322.869943 429.944182 89.022469 279.614020 373.771320 355.879193 238.562361 310.074185 247.588368 366.148877 427.628343 373.044233 229.817319 275.485027 458.415750 270.142555 316.512243 95.189285 401.627937 124.651514 80.709355 173.925271 188.095720 433.558531 148.932871 153.808322 406.509532 
198.000000 4.000000 4.000000 a 245.415973 128.631256 274.466756 280.401498 411.322258 125.399362 245.165250 340.330722 376.961536 239.152671 306.307036 291.454971 327.665988 404.400791 371.052557 182.016483 268.212602 453.017660 221.415898 283.778082 141.396605 378.160019 78.638413 90.620086 193.597521 199.323857 404.624517 184.002717 103.600193 392.825661 
189.000000 3.000000 5.000000 a 223.617978 300.745740 272.121296 372.055103 388.870158 56.080300 305.103261 384.662189 223.986607 170.105849 239.754041 117.183617 395.834561 400.641985 290.822970 312.320348 220.735135 378.846935 353.628336 331.209903 63.126856 377.524834 259.557315 105.309069 73.006849 106.301458 424.321812 8.544004 259.131241 353.035409 
111.000000 2.000000 4.000000 a 252.485643 63.529521 270.632592 238.170107 404.741893 185.539753 219.535874 312.929705 418.389770 263.218540 322.232835 353.293079 291.830430 391.369391 387.156299 130.613935 281.439159 463.168436 166.087326 259.383885 205.506691 365.383360 33.970576 139.003597 239.018828 236.812162 382.989556 241.406297 48.507731 393.448853 
251.000000 9.000000 4.000000 a 67.364679 228.790297 57.489129 136.058811 189.528362 236.122849 58.180753 130.973280 300.048329 127.047235 140.801278 357.643677 143.282937 179.323730 197.040605 150.986754 103.077641 258.213090 173.954017 76.661594 274.870879 153.075145 248.783038 184.567061 194.126248 163.379925 183.002732 249.062241 181.218101 180.324707 
176.000000 3.000000 4.000000 a 218.689277 436.646310 260.464969 418.770820 316.303652 233.094401 340.617087 382.613382 38.183766 156.217797 171.143215 178.101095 414.855396 345.407006 179.426865 407.082301 188.679623 251.620746 441.937778 346.560240 249.040157 331.042293 414.016908 251.718096 148.627050 150.651917 388.603911 178.507703 386.167062 270.292434 
187.000000 9.000000 1.000000 a 288.294988 22.203603 299.107004 234.170878 428.267440 238.951878 233.437358 321.462284 468.159161 307.390631 361.365466 406.527982 292.769534 410.254799 425.470328 123.000000 319.907799 497.169991 148.054044 272.472017 257.608230 384.962336 44.598206 192.210822 290.910639 286.525741 394.981012 295.005085 60.959003 422.190715 
111.000000 4.000000 1.000000 a 161.384634 117.345643 171.265875 154.042202 303.146829 194.455650 118.869677 213.712424 362.198840 190.247208 236.135554 352.036930 199.110522 288.922135 299.172191 77.369245 194.550765 369.043358 118.190524 158.473973 228.037278 262.961974 135.203550 134.357731 203.666394 187.259179 281.625638 233.548710 67.268120 294.496180 
267.000000 5.000000 4.000000 a 218.449079 495.565334 212.896689 365.636431 141.014184 399.083951 303.488056 278.258872 219.529041 222.811580 151.818971 413.077475 327.035166 182.584227 88.323270 419.042957 190.318155 19.697716 435.827948 280.615395 430.813185 187.323250 504.583987 380.532522 306.784941 280.016071 236.913486 367.535032 445.405433 107.168092 
192.000000 4.000000 5.000000 a 233.137299 153.081678 213.063371 69.202601 307.717403 324.568945 118.127050 171.828403 462.622957 286.331975 306.320094 480.335300 130.357202 278.028775 358.719946 60.415230 269.046464 406.601771 27.658633 142.667445 357.598937 256.844311 209.876154 264.491966 325.650119 303.318315 247.008097 362.200221 141.989436 318.822835 
177.000000 5.000000 5.000000 a 186.271308 456.464676 207.542767 376.538179 210.950231 310.800579 302.059597 312.757094 106.404887 155.794737 111.220502 301.124559 354.830946 247.002024 73.061618 399.299386 150.266430 126.241831 425.714693 293.318939 337.717337 239.585058 451.400044 305.865984 215.800834 196.580772 297.356688 269.764712 404.308051 164.541788 
151.000000 3.000000 5.000000 a 158.113883 436.633714 159.765453 322.133513 130.249760 336.933228 254.025589 245.283509 185.064853 159.665275 88.729927 362.084244 291.163184 167.907713 25.632011 364.709473 128.082005 62.641839 384.762264 236.611496 369.431996 163.615403 443.085770 317.308998 245.725457 217.846276 220.036361 307.782391 385.810834 84.599054 
279.000000 1.000000 1.000000 a 329.757487 79.101201 346.099697 291.496141 478.461075 240.033331 287.153269 377.115367 489.837728 339.748436 399.676119 402.751785 349.748481 462.649976 464.617047 180.235956 358.905280 540.348036 205.021950 326.657313 250.319795 437.001144 44.102154 204.707108 307.585760 309.375177 449.857755 299.376018 110.535062 469.255794 
202.000000 4.000000 4.000000 a 228.527898 289.281869 276.278845 369.195070 396.181776 42.296572 304.243324 386.172241 239.820766 178.179685 249.194703 126.649122 395.323918 406.470171 302.062907 305.267096 228.035085 390.242232 346.809746 331.843337 47.381431 382.890324 246.272207 96.384646 82.377181 114.157786 428.323476 23.345235 249.088338 361.499654 
162.000000 8.000000 1.000000 a 203.160035 441.851785 240.260276 404.222711 282.618117 255.691220 326.240709 359.469053 30.870698 147.339743 145.344419 217.175045 394.910116 313.829572 143.544418 403.124050 169.944108 212.268698 435.660418 327.873451 275.902157 301.257365 424.792891 266.092089 164.830216 158.483438 359.346629 205.299781 390.328067 236.103791 
181.000000 2.000000 4.000000 a 216.831732 195.143537 255.884740 305.447213 389.724261 52.952809 253.221247 344.911583 310.369135 192.283645 264.486295 220.601451 342.800233 390.160223 326.804223 224.243172 231.233648 412.800194 265.905998 287.737728 76.837491 364.496914 151.330764 35.735137 127.424487 140.716026 400.179960 111.004504 158.473973 363.984890 
213.000000 7.000000 4.000000 a 131.015266 236.414890 176.255496 270.844974 303.486408 89.000000 202.514197 283.233120 233.122286 97.754795 170.393662 212.602916 293.211528 309.195731 232.245560 222.467975 139.283883 318.529433 262.131646 228.980349 127.251719 284.634854 214.406157 60.876925 58.463664 52.000000 327.317888 97.800818 187.042776 273.879536 
271.000000 4.000000 2.000000 a 156.000000 383.725162 114.337221 212.438226 31.764760 376.005319 169.011834 114.978259 317.498031 208.597699 152.594233 455.294410 164.924225 25.553865 150.801194 290.642392 157.178243 148.121572 296.219513 134.629120 414.043476 21.213203 410.805307 334.773057 305.000000 270.933571 74.242845 369.423876 340.308683 62.297673 
244.000000 7.000000 4.000000 a 73.109507 351.140997 79.056942 247.517676 127.121989 273.227012 174.413302 187.384631 203.906841 94.339811 30.232433 333.958081 226.753170 148.060798 67.720012 280.235615 48.332184 138.105032 302.292904 164.073154 309.071189 131.015266 359.346629 243.987705 191.002618 158.316139 187.970742 256.001953 300.501248 89.050547 
109.000000 3.000000 5.000000 a 268.732209 350.416895 318.097469 425.399812 427.443564 102.786186 357.200224 434.079486 221.110832 209.570990 273.967151 65.145990 447.465082 442.630772 317.984276 366.103810 260.990421 404.357515 407.491104 381.811472 90.271812 420.600761 305.290026 157.943028 114.586212 148.660687 469.813793 57.314920 310.807014 388.764710 
263.000000 5.000000 5.000000 a 107.823931 242.621104 72.339477 96.747093 171.840042 286.513525 28.017851 80.808415 340.242561 173.358011 170.484603 409.503358 91.923882 151.172087 216.520207 149.576068 139.517024 262.392835 160.112460 24.596748 325.087680 126.015872 274.045617 232.879797 246.018292 214.767316 141.992958 301.171048 201.295802 175.900540 
184.000000 8.000000 1.000000 a 213.335417 484.876273 198.829072 340.931078 106.117859 409.257865 284.015845 248.620192 252.224107 229.706334 156.387340 437.658543 298.221394 147.488983 100.841460 402.905696 190.192008 21.260292 416.358019 257.388811 442.899537 155.544206 498.875736 385.088302 319.907799 290.642392 201.434853 382.823719 436.094027 80.777472 
Type de surveillance de chaque endroit(target):tab[nombre de target]
a a a a a a a a a a a a a a a a a a a a a a a a a a a a a a 