Nombre des capteurs:
150
Nombre des targets:
50
Nombre de type de surveillance:
1

Caracteristiques:
125.000000 9.000000 4.000000 a 68.117545 384.157520 268.197688 360.627231 116.284135 385.129848 411.895618 319.612265 95.509162 449.440764 203.442867 286.541446 172.191754 366.001366 173.600115 123.975804 267.944024 390.216607 296.892236 388.630930 76.059187 462.488919 47.381431 358.905280 298.814324 381.748608 127.035428 197.002538 245.930885 52.038447 403.358401 69.202601 95.524866 447.260550 193.494186 314.407379 218.160491 323.125363 422.195452 208.777393 166.192659 271.154937 288.617394 352.618774 208.405854 39.408121 101.202767 230.887418 355.630426 395.830772 
104.000000 3.000000 2.000000 a 236.326046 355.877788 151.921032 480.768135 290.441044 367.783904 476.428379 460.123896 145.725770 356.585193 275.544915 167.904735 280.492424 478.126552 331.102703 235.423024 354.197685 292.836132 146.085591 465.948495 261.237440 524.322420 166.207701 463.815696 218.769285 324.077151 200.339711 54.037024 290.681957 194.612435 369.529430 150.615404 121.593585 485.077313 243.823707 314.671257 206.784912 407.578213 415.216811 383.032636 69.354164 342.848363 236.326046 480.093741 15.524175 173.922396 171.417619 395.379564 448.844071 264.189326 
250.000000 1.000000 3.000000 a 178.025279 164.560019 196.124960 210.373477 176.819117 159.354950 195.880065 210.107116 293.470612 269.001859 36.687873 202.299283 83.384651 203.179723 156.012820 113.159180 78.313473 229.019650 243.100802 183.098334 195.028203 245.538184 254.031494 186.290096 161.607549 184.621234 112.004464 232.243407 11.180340 183.600109 184.458667 196.331353 202.272094 217.478735 44.418465 89.537702 85.328776 125.924581 190.042101 207.193147 214.478437 61.351447 127.236001 215.083705 271.661554 210.009524 147.597425 196.814634 167.868997 271.707563 
100.000000 2.000000 3.000000 a 142.126704 391.219887 378.885207 219.462981 88.283634 381.964658 321.001558 162.874185 286.973866 499.088169 196.430649 392.818024 151.320851 232.862620 74.652528 161.449683 200.504364 454.683406 421.014252 289.209267 119.419429 365.075335 238.732067 235.594991 374.350104 415.215607 200.124961 350.682192 238.314918 184.097800 410.679924 228.177562 256.704110 376.629792 218.082553 317.370446 279.803502 234.132441 400.406044 36.496575 319.681091 219.492597 346.831371 204.636263 375.825757 209.468375 213.677327 66.219333 246.586699 486.614837 
157.000000 7.000000 3.000000 a 293.001706 58.180753 155.563492 305.394826 305.004918 71.449283 228.543213 324.299245 365.715737 135.059246 168.680171 148.054044 215.230109 291.665905 290.043100 230.338881 190.031576 104.043260 191.700287 236.008474 315.349013 264.457936 339.094382 271.626582 86.833173 50.774009 210.237960 244.376758 127.310644 283.975351 73.375745 278.016187 269.786953 209.389589 154.434452 58.189346 118.016948 209.093281 119.553335 341.118748 243.823707 166.207701 61.400326 316.243577 282.816195 301.424949 234.691287 329.079018 245.448569 162.197411 
187.000000 7.000000 5.000000 a 330.953169 6.403124 210.950231 291.194093 335.201432 18.027756 194.370780 319.915614 416.557319 136.488095 195.143537 202.356122 241.809843 275.087259 311.353497 266.360658 193.876249 131.745968 245.065297 208.691159 350.891721 223.163617 387.072345 254.866632 141.421356 59.076222 252.198335 300.166620 148.929514 327.123830 26.000000 325.884949 320.257709 163.487003 189.552104 68.949257 166.721324 197.230829 64.660653 357.505245 298.613463 170.836179 117.345643 304.647337 338.775737 347.368680 280.349782 341.263828 227.308161 197.686621 
219.000000 8.000000 2.000000 a 157.308614 440.963717 409.960974 271.400074 114.017543 432.755127 376.005319 213.152528 280.713377 544.217787 242.439683 425.248163 195.816240 285.742891 123.567795 194.370780 254.188906 496.794726 449.498610 344.093011 130.034611 419.745161 236.019067 289.504750 412.989104 461.789996 230.417013 368.917335 286.530976 196.697738 460.630003 239.701898 269.364066 431.675804 260.049995 366.412336 318.201194 289.171230 453.163326 91.049437 337.215065 272.281105 388.074735 255.644284 389.328910 215.928229 236.144024 119.820699 301.325406 524.022900 
232.000000 3.000000 1.000000 a 160.078106 403.853934 236.323930 445.835171 214.730063 410.160944 475.454519 411.549511 23.853721 439.026195 260.499520 255.148976 244.403355 448.218697 267.988806 192.096330 336.090762 375.542275 249.575640 457.096270 176.821944 526.008555 57.078893 438.098163 288.015625 386.870779 173.046237 138.538803 293.102371 122.298814 421.085502 89.106678 81.437092 499.924994 238.296034 344.570747 233.805475 392.725095 453.486494 309.672408 117.477657 332.809255 290.993127 440.432742 130.728727 90.785461 136.209398 329.256739 429.941857 363.192786 
113.000000 9.000000 4.000000 a 168.884576 397.397786 224.294449 450.708331 224.178500 404.456425 475.785666 418.198517 39.698866 428.337484 261.268062 242.989712 248.032256 452.403581 275.943835 196.010204 338.023668 364.605266 235.637433 458.423385 187.299226 526.157771 70.349129 441.661635 278.179798 378.452111 174.000000 124.595345 291.815010 129.468143 414.251132 92.417531 79.404030 498.220835 237.406824 340.085283 228.464439 394.568118 448.509755 319.440135 105.574618 333.594065 282.931087 445.943943 114.808536 98.979796 137.186005 338.054729 432.528612 350.222786 
138.000000 5.000000 2.000000 a 324.001543 56.568542 247.072864 243.731410 319.595056 36.138622 142.284925 277.137150 427.224765 186.681547 181.466250 241.298570 225.577038 226.773014 287.784642 259.030886 160.377679 183.330303 285.464534 157.432525 340.711021 172.386194 392.922384 206.707523 180.313616 111.000000 252.517326 326.883771 135.059246 326.840940 67.623960 332.580817 331.581061 115.156415 185.194492 68.447060 180.679274 152.751432 44.045431 328.701993 320.669612 139.556440 149.803204 258.242134 366.715148 350.656527 284.754280 309.386490 178.941331 248.477363 
146.000000 1.000000 5.000000 a 264.259342 164.438438 47.634021 375.047997 295.169443 179.627392 324.168166 378.794139 290.353233 169.664375 188.557683 40.706265 225.062214 365.165716 301.496269 214.590307 245.081619 106.705201 85.428333 324.778386 291.156315 365.224588 275.572132 346.467892 22.472205 127.534309 180.479916 146.030819 169.070991 240.634578 175.650221 218.984018 201.062179 314.358076 158.344561 145.399450 93.536089 282.639346 227.692775 358.336434 154.262763 224.223103 52.924474 381.755157 181.240172 247.386338 188.480768 355.223873 323.586155 115.260574 
172.000000 8.000000 1.000000 a 146.239530 190.433716 175.931805 237.928561 154.828938 188.597455 234.827596 229.019650 254.031494 281.256111 33.060551 185.299757 69.656299 233.060078 147.122398 81.584312 107.703296 234.079046 222.524156 220.517573 166.388101 284.763059 215.390343 217.635016 155.396268 200.803386 73.375745 198.010101 50.119856 146.812806 210.237960 157.012738 162.631485 257.005837 5.099020 117.345643 64.560050 160.524141 223.725278 202.765875 178.016853 95.963535 126.150704 240.187427 236.577683 171.840042 108.258949 198.123699 201.764714 267.977611 
290.000000 9.000000 2.000000 a 188.045207 248.455227 75.663730 380.569310 231.812424 258.588476 365.377887 367.865465 187.181730 272.888256 174.195293 94.366308 191.041880 375.712656 256.534598 158.142341 250.137962 209.618701 106.826963 356.602019 216.060177 412.656031 175.482193 359.947218 122.102416 223.778909 118.848643 58.898217 181.595705 154.987096 263.706276 123.709337 101.133575 372.645945 140.431478 202.566039 94.810337 300.847137 305.276923 313.114995 53.450912 236.088966 129.973074 382.252534 99.247166 153.447059 107.912001 318.487048 342.709790 204.394227 
183.000000 6.000000 5.000000 a 123.320720 321.068529 168.671278 381.329254 177.228666 327.061156 398.037687 354.400903 99.849887 363.341437 184.718705 187.536663 177.589414 381.283359 219.647445 127.945301 262.864984 301.039864 193.217494 381.903129 148.932871 448.178536 82.079230 369.173401 211.002370 306.235204 99.045444 92.962358 213.002347 82.000000 338.540987 39.000000 9.433981 419.096648 159.022011 261.480401 150.685102 319.001567 370.325532 270.266535 61.611687 256.688527 210.152326 378.359617 111.198022 66.850580 63.953108 283.832697 358.113111 297.607124 
190.000000 1.000000 2.000000 a 189.380569 369.177464 183.043711 454.529427 244.902021 378.219513 465.996781 427.687970 87.618491 389.155496 255.409475 201.248602 250.888421 454.138745 291.121968 201.308221 334.228963 325.075376 189.973682 451.651414 212.037732 515.539523 108.258949 441.619746 242.002066 345.162281 171.677022 79.906195 279.351034 147.488983 384.906482 104.086502 79.056942 482.469688 227.299362 317.800252 205.642894 389.852536 423.962262 339.607126 68.154237 326.496554 251.445819 451.735542 66.843100 122.262014 137.320792 354.970421 429.660331 306.164988 
133.000000 7.000000 4.000000 a 145.120639 191.606367 177.070607 237.200337 153.473125 189.676040 234.865919 228.008772 253.602050 282.646422 32.015621 186.510053 68.249542 232.432786 145.715476 80.411442 107.154095 235.493100 223.635865 220.367874 165.169610 284.850838 214.785940 217.082933 156.773722 202.148460 72.732386 198.539669 50.537115 145.986301 211.419015 156.540730 162.409975 257.390754 4.472136 118.422971 65.802736 160.181147 224.644163 201.375272 178.370401 95.692215 127.561750 239.365829 237.033753 171.163664 107.786827 196.786687 201.357890 269.358497 
119.000000 5.000000 5.000000 a 255.001961 432.902991 232.834705 527.797310 310.663805 443.586519 539.039887 499.489740 116.927328 437.795614 329.200547 249.070271 324.024690 527.709200 360.256853 273.707873 408.044115 374.049462 226.179133 525.212338 274.781732 588.328140 158.028478 515.349396 298.543129 403.685521 245.283509 131.103013 352.210165 214.182165 447.414796 173.011560 151.158857 553.635259 300.775664 386.432400 275.223546 463.624848 490.339678 405.997537 133.454112 400.136227 313.550634 524.604613 96.690227 185.334832 210.380607 423.359186 503.476911 344.023255 
106.000000 1.000000 5.000000 a 451.756572 288.882329 474.554528 188.679623 418.437570 268.128700 113.357840 248.652368 594.651158 406.208075 326.810343 471.942793 347.519784 172.965314 363.225825 398.730485 252.257805 417.167832 516.705912 130.667517 454.819745 66.241981 549.968181 170.061753 412.565146 344.383507 414.229405 537.000931 300.216588 474.341649 291.619615 498.362318 509.011788 122.808794 352.142017 286.216701 383.418831 196.086716 230.054341 368.781778 522.394487 254.466108 378.428329 206.242576 577.218330 505.099000 451.107526 339.094382 165.109055 483.663106 
130.000000 1.000000 2.000000 a 216.843261 336.882769 137.611773 457.564203 270.253585 348.143649 453.705852 437.292808 140.346001 343.889517 252.285552 154.728795 257.598525 454.875807 309.467284 213.122031 330.945615 279.835666 138.462991 442.936790 242.425246 501.781825 154.201167 440.556466 202.071769 307.143289 177.564073 34.539832 267.725606 175.524927 351.091156 131.939380 102.391406 463.246155 220.592384 293.470612 184.588732 384.386524 395.294827 362.034529 46.097722 319.677963 217.368351 456.973741 17.720045 156.952222 149.482440 373.708443 425.621898 255.884740 
144.000000 5.000000 3.000000 a 308.650288 71.217975 142.874070 334.252898 324.649041 89.185201 255.431008 352.642879 369.779664 111.400180 191.441897 132.457540 237.244600 320.515210 313.260275 247.776109 217.882996 75.272837 174.155103 264.047344 332.222817 289.587638 346.577553 300.466304 72.945185 36.013886 224.207493 238.623134 152.502459 296.150300 80.430094 286.094390 275.016363 232.561820 173.738309 86.977008 128.549601 237.951676 136.014705 365.574890 241.820181 194.123672 60.074953 345.046374 275.506806 311.126984 245.350769 354.682957 274.233477 134.003731 
102.000000 5.000000 5.000000 a 347.241991 157.486507 110.548632 423.434765 375.586208 177.775139 348.661727 436.711575 368.517299 99.458534 258.007752 92.135769 299.200602 410.706708 376.619171 295.054232 300.734102 38.832976 115.741090 357.005602 373.815462 381.844209 357.337376 390.888731 75.663730 103.368274 262.688028 214.021027 228.352797 324.353203 159.213693 302.006622 282.708330 323.210458 231.812424 177.022597 170.449406 327.482824 220.857420 432.325109 229.244411 277.694076 104.446158 433.004619 242.507732 330.711355 272.170902 426.025821 365.308089 41.773197 
147.000000 3.000000 1.000000 a 100.179838 371.845398 342.312723 236.237169 47.434165 364.522976 323.867257 184.401735 246.677928 473.257858 172.037787 356.967786 125.195847 247.040483 58.215118 125.099960 191.942700 425.775763 383.313188 293.819673 77.646635 370.669664 197.952014 246.400081 342.476277 391.152144 162.609963 309.725685 216.910120 142.126704 391.624820 186.217615 214.841802 375.065328 188.986772 296.998316 247.632793 233.773395 387.397728 60.000000 278.539046 207.694487 317.099354 223.660457 334.181089 167.585799 173.303203 87.045965 252.976283 453.927307 
169.000000 1.000000 2.000000 a 138.740765 198.338095 164.975756 253.031619 153.117602 198.010101 251.047804 242.101219 239.301066 282.630501 46.690470 175.513532 75.133215 248.620192 151.716842 75.769387 123.567795 232.774569 211.092397 236.915597 160.704698 300.887022 201.816749 233.465201 150.416090 204.462711 60.671245 182.167505 65.459911 135.369864 217.938065 142.618372 146.996599 272.170902 13.000000 127.062977 56.435804 176.819117 235.053185 208.386660 161.743624 112.329871 123.987903 254.756747 220.513038 158.902486 93.984041 205.936884 217.958712 262.840256 
103.000000 5.000000 4.000000 a 330.346787 136.565003 106.794195 399.110260 356.439336 156.371353 325.227613 412.704495 360.817128 100.019998 235.779558 90.027773 277.850679 386.378053 355.316760 276.175669 276.739950 36.055513 121.803120 333.054050 356.451960 359.250609 346.620830 366.565137 57.801384 84.314886 245.203997 211.047388 204.863369 309.472131 140.132081 289.675681 272.124971 301.385136 210.639502 152.738338 150.986754 303.151777 200.803386 410.600779 223.143452 253.617823 82.200973 408.721176 242.425246 317.770357 257.147817 403.586422 341.013196 66.098411 
164.000000 2.000000 5.000000 a 150.233152 314.745929 147.363496 397.645571 203.194488 322.448445 405.901466 373.858262 112.641023 347.385953 196.124960 166.337007 194.997436 396.415186 242.909448 147.959454 275.136330 284.163685 168.074388 391.795865 176.377436 455.431663 105.152271 383.307970 196.040812 295.326937 114.769334 64.899923 219.244156 109.480592 331.354795 67.119297 37.589892 422.800189 167.361883 259.849957 147.580487 330.411864 367.266933 295.001695 33.970576 266.745197 199.744837 395.770135 84.480767 94.873600 83.546394 307.188867 370.563085 275.985507 
252.000000 6.000000 4.000000 a 462.027055 176.204427 239.835360 473.169103 482.312140 194.858923 368.457596 500.752434 497.156917 48.104054 350.453991 221.442995 396.213326 456.843518 472.258404 403.887361 370.217504 101.833197 240.520269 387.408054 487.003080 386.513907 483.640362 436.660051 193.217494 134.182711 376.575358 343.209848 310.427125 444.230796 163.049072 426.354313 409.157671 322.615871 331.887029 236.915597 280.058922 379.094975 216.120337 524.138341 358.353178 346.439028 207.183494 486.659018 370.437579 454.110119 392.011479 512.140606 409.003667 125.159898 
142.000000 5.000000 4.000000 a 395.895188 107.563934 195.164034 403.510842 413.140412 127.577427 304.803215 429.260993 444.595322 24.413111 279.256155 178.765209 325.412046 387.731866 400.911462 335.900283 298.001678 55.461698 208.777393 321.124586 420.002381 328.038108 426.298018 367.491497 136.180028 61.846584 310.858489 299.107004 238.421895 381.083980 97.739450 367.129405 352.754872 265.067916 262.246068 164.623814 214.310522 308.585482 157.079598 452.244403 309.316990 274.200656 141.989436 416.433668 331.146493 393.662292 329.400971 439.902262 340.026470 114.214710 
208.000000 3.000000 3.000000 a 331.217451 155.261070 96.046864 413.145253 359.951386 174.928557 342.381366 424.807015 353.305817 111.462998 243.877018 78.057671 284.459136 400.884023 361.809342 279.379670 288.882329 48.083261 105.603030 349.366570 357.840747 377.143209 341.540627 381.211228 60.207973 103.174609 246.756965 200.062490 215.603803 308.228811 159.000000 286.000000 266.908224 319.707679 217.036863 168.074388 155.051604 317.529526 219.604189 417.737956 214.347848 266.101484 90.801982 422.238084 229.682389 314.658545 256.048823 411.953881 356.025280 53.712196 
274.000000 1.000000 4.000000 a 394.655546 133.843192 176.071008 425.470328 416.284758 154.635054 332.543230 447.692975 431.269058 31.622777 287.088836 158.382449 332.031625 410.468026 408.795793 337.266957 314.014331 34.525353 183.521116 346.953887 419.869027 358.168955 416.454079 390.233264 125.574679 81.320354 309.181177 280.301623 249.425340 376.463810 127.062977 358.803567 342.099401 295.819202 266.595199 181.176709 212.849712 329.619478 188.175450 461.936143 293.436535 290.175809 140.132081 437.498571 309.996774 386.432400 324.236025 451.586094 363.122569 81.320354 
281.000000 8.000000 2.000000 a 413.832092 267.080512 444.343336 154.003247 380.453677 246.077224 79.404030 214.002336 557.391245 389.566426 290.134452 442.706449 309.840281 137.295302 325.379778 361.216002 214.804562 395.345419 487.468973 93.236259 416.806910 41.048752 512.445119 132.981202 384.298061 322.591072 377.445360 503.254409 265.188612 436.743632 272.045952 461.322013 472.518783 104.809351 316.254644 256.820949 350.018571 158.445574 212.339351 332.031625 487.742760 217.862342 349.297867 172.142383 543.341513 467.610949 414.315097 302.502893 127.121989 460.895867 
189.000000 7.000000 4.000000 a 232.131428 476.640326 475.117880 255.384025 181.892826 465.398754 377.243953 195.655309 362.084244 590.013559 288.721319 489.069525 245.350769 273.056771 167.886867 257.614052 278.691586 548.105829 517.041584 343.838625 206.344372 414.797541 317.039430 282.294173 469.605153 505.000000 296.096268 443.541430 327.727021 273.190410 495.565334 316.985804 346.346647 438.457524 312.673952 404.649231 375.373148 299.748228 478.299070 113.899078 412.132260 300.376431 441.090694 237.134983 466.366808 294.852506 307.702779 129.653384 300.562805 582.069583 
252.000000 2.000000 5.000000 a 216.134218 160.626897 78.917679 327.551523 243.261177 170.472872 289.806832 327.575945 264.756492 203.973037 135.059246 84.214013 170.950285 319.037615 247.509596 162.689889 196.010204 146.249786 125.574679 286.048947 242.167298 334.439830 242.192073 301.086366 56.850682 141.088625 130.919823 144.402216 120.149906 197.022841 176.465294 182.321145 170.002941 289.620441 104.278473 117.515956 39.446166 238.100819 217.303935 304.266331 141.031911 176.638048 45.011110 333.001501 184.133104 208.597699 144.899965 301.166067 279.866039 167.737891 
108.000000 5.000000 4.000000 a 132.136293 334.970148 175.914752 395.919184 187.024063 341.369301 413.649610 368.048910 87.051709 373.840875 200.212387 194.879450 192.130164 396.137602 231.613903 141.852036 278.226526 311.045013 197.202941 397.434271 156.553505 463.797370 76.006579 384.219989 221.815238 318.760098 114.201576 92.097774 228.600087 90.199778 352.230038 46.097722 19.313208 434.614772 174.642492 276.318657 165.075740 334.427870 384.974025 281.026689 62.481997 272.237029 222.728534 392.662705 104.675690 70.007142 78.549348 295.609540 373.412640 304.726107 
280.000000 5.000000 3.000000 a 200.249844 147.135992 205.060967 202.009901 196.229458 140.089257 175.823775 208.240246 316.205629 258.211154 57.140179 209.289273 102.107786 192.937814 170.672200 135.624482 72.567210 222.784649 251.676380 165.342070 216.390850 224.864404 277.064974 174.942848 163.248277 172.557237 135.003704 249.419326 12.083046 206.649462 166.859222 219.146070 224.376915 194.858923 67.082039 72.718636 98.234414 112.294256 168.359734 218.961184 233.323809 51.039201 127.121989 208.614477 289.276684 233.085821 170.393662 205.827598 154.275727 270.085172 
121.000000 6.000000 4.000000 a 441.850654 259.030886 449.384023 194.658676 411.885907 238.472221 96.798760 254.385534 580.594523 374.482309 311.661676 445.952912 336.074397 177.101666 358.520571 386.214966 240.303974 387.005168 490.633264 120.904921 446.847849 46.043458 537.107997 170.496334 385.966320 314.356486 399.011278 515.606439 281.655818 462.017316 260.909946 483.707556 492.736238 93.005376 334.950743 261.021072 361.964087 185.714835 198.979898 369.134122 502.382325 239.643485 352.596086 213.138453 555.936147 492.163591 435.800413 340.019117 160.327789 453.795108 
292.000000 6.000000 2.000000 a 157.927198 363.166628 372.699611 176.785180 102.357218 352.346420 280.215988 120.768373 311.411304 476.642424 176.816289 385.129848 136.077184 190.157829 61.400326 159.840546 166.820263 436.096320 416.811708 248.002016 140.577381 323.396042 262.057246 193.189027 360.401165 391.429432 199.060292 356.439336 214.282524 199.100477 382.205442 242.123935 268.901469 337.290676 203.226475 290.951886 267.598580 195.164034 367.306412 7.810250 326.553212 187.664594 330.262017 162.163498 385.032466 227.741081 219.328521 23.537205 205.060967 472.987315 
268.000000 2.000000 2.000000 a 220.843836 116.348614 153.733536 258.379566 230.325856 117.613775 213.358853 266.480769 310.048383 208.194620 94.493386 155.364089 140.662717 248.018144 216.279911 157.003185 130.728727 167.047897 199.150697 209.976189 242.043385 258.495648 277.670668 229.218237 105.574618 125.538839 141.088625 215.002326 57.706152 216.037034 135.830777 216.723326 214.086431 216.374675 80.324343 49.396356 63.513778 165.366260 158.521292 268.760116 205.231577 108.503456 69.050706 265.932322 255.344865 236.932480 170.064694 258.822333 206.400097 211.966979 
286.000000 5.000000 1.000000 a 220.510771 258.507253 337.023738 76.478755 181.342218 243.392687 148.003378 70.576200 373.289432 384.426846 132.196823 343.704815 127.424487 77.897368 125.004000 178.921771 65.520989 357.200224 384.020833 116.348614 219.385505 192.761511 325.345970 70.724819 301.039864 298.605090 206.613165 359.200501 140.730238 249.969998 275.465061 282.481858 300.466304 205.360658 166.207701 196.491730 225.035553 65.000000 247.842692 137.058382 335.596484 88.600226 265.113183 75.927597 395.921709 281.939710 241.000000 110.027269 74.525164 407.682474 
255.000000 6.000000 1.000000 a 112.445542 426.676693 370.191842 298.931430 85.615419 421.061753 388.908730 244.597629 223.271136 520.158630 225.488359 386.587636 179.025138 310.671853 122.200655 162.806634 255.096060 468.603244 407.019656 358.934534 84.504438 435.784350 179.401784 310.871356 381.221720 440.953512 194.077304 319.828079 271.974263 147.648231 446.589297 188.692872 218.387271 439.410969 236.144024 351.681674 287.836759 298.613463 446.950780 116.619038 288.055550 269.356641 360.011111 285.334891 337.432956 162.864975 192.608411 146.372812 318.026728 489.663150 
126.000000 7.000000 2.000000 a 207.446379 302.411971 106.075445 431.335137 258.147245 313.676585 422.018957 414.219748 158.619040 312.577990 224.955551 124.016128 234.776489 427.687970 292.289240 194.000000 302.793659 248.453215 114.389685 412.339666 234.437625 469.614736 162.373027 412.699649 168.404275 273.221522 156.320184 4.472136 237.023206 168.077363 316.689122 127.141653 97.943861 429.920923 192.234232 259.557315 151.855194 355.105618 360.867012 346.770818 27.313001 290.263673 182.915281 431.724449 42.201896 155.322246 133.221620 356.068814 396.687534 229.085137 
158.000000 9.000000 5.000000 a 295.736369 281.966310 397.555028 17.204651 253.885801 263.410326 115.247560 74.431176 449.197061 412.699649 201.675482 401.907950 202.765875 3.000000 195.818794 254.609505 124.907966 396.061864 444.284819 83.006024 293.027302 145.560984 401.154584 21.470911 353.171347 330.163596 280.944834 429.662658 198.841646 325.871140 295.624762 358.208040 375.586208 180.094420 234.648674 234.554898 287.920128 83.725743 253.600079 193.680149 407.578213 142.144293 316.227766 35.777088 467.402396 357.850527 315.990506 163.746756 49.244289 452.921627 
191.000000 5.000000 5.000000 a 46.840154 345.144897 236.135554 335.073126 102.391406 346.174811 378.058197 298.412466 112.800709 412.054608 166.784292 254.007874 139.269523 338.870182 154.353490 88.588938 234.691287 353.617024 268.106322 356.117958 68.066144 428.795989 64.350602 330.310460 262.366156 343.211305 88.090862 175.316856 208.096132 13.341664 364.351479 44.011362 73.736016 411.130150 155.029030 275.524953 179.644093 290.681957 383.532267 197.732142 143.589693 236.129202 250.683067 328.600061 193.403723 23.086793 63.245553 216.002315 325.000000 362.220927 
193.000000 2.000000 2.000000 a 311.102877 329.730193 437.553425 33.241540 263.774525 311.261948 158.382449 61.294372 467.671894 460.369417 235.372046 443.018058 228.352797 49.396356 205.138977 278.195974 163.196201 442.578807 484.499742 127.988281 304.174292 180.834178 418.600048 69.354164 396.460591 377.461256 308.462315 462.494324 239.033470 345.028984 343.495269 380.788655 400.704380 223.035872 269.267525 280.615395 326.381678 129.541499 301.081384 189.169236 438.608025 183.068293 359.706825 27.513633 499.033065 376.948272 341.755761 159.530561 97.128780 498.334225 
111.000000 1.000000 3.000000 a 442.140249 166.688332 217.830209 463.003240 463.605436 186.303516 362.427924 488.466990 475.278866 35.735137 333.318166 199.424171 378.652875 447.165517 455.131849 384.720678 356.451960 80.777472 218.798995 379.802580 467.376722 383.176200 462.122278 426.929737 172.168522 120.415946 356.665109 321.188418 294.431656 423.608310 155.467038 405.093816 387.593860 319.565330 313.636733 223.006726 260.357447 368.078796 211.945748 507.704639 336.386682 332.609381 187.627290 475.936971 348.518292 433.000000 371.335428 496.528952 399.430845 104.355163 
190.000000 8.000000 2.000000 a 376.123650 220.081803 395.035441 143.892321 346.902003 199.062804 31.827661 201.099478 515.326110 345.210081 246.629276 393.315395 270.312782 124.619421 294.441845 320.551088 174.542258 347.899411 438.079901 56.293872 381.418405 20.615528 471.542151 113.437207 334.928351 275.356133 334.073345 455.408608 218.634398 396.349593 226.373585 418.600048 428.329313 65.764732 270.977859 207.424685 301.895677 120.154068 168.689063 308.468799 440.709655 174.401835 299.901651 162.864975 495.600646 426.600516 370.919129 280.064278 98.183502 412.917667 
298.000000 6.000000 3.000000 a 50.249378 327.038224 219.100434 327.800244 105.076163 328.390012 365.169824 293.886032 120.917327 393.405643 152.118375 236.763595 128.222463 330.605505 152.427032 76.216796 222.623000 335.094017 252.301407 344.228122 75.960516 415.943506 75.166482 321.138599 243.895469 324.593592 70.576200 163.232962 192.044266 9.433981 346.174811 36.055513 64.498062 396.415186 138.293167 257.939915 161.012422 279.007168 366.292233 199.572042 131.472431 222.643212 232.002155 322.280933 184.352922 30.232433 44.598206 215.615398 314.493243 344.501089 
182.000000 5.000000 5.000000 a 320.356052 212.953046 362.416887 100.000000 289.720555 192.865238 34.205263 151.538774 462.750473 343.402097 195.869855 363.111553 215.522621 80.430094 236.957802 266.672083 120.208153 335.435538 407.412567 1.414214 324.722959 78.102497 417.910277 64.007812 307.951295 265.345058 283.015901 413.320699 173.948268 342.286430 223.897298 366.721966 378.308076 97.948966 223.042597 181.107703 261.629509 64.140471 175.513532 252.031744 396.181776 123.842642 271.425865 118.152444 453.048563 373.048254 319.865597 224.109348 42.579338 397.061708 
200.000000 6.000000 1.000000 a 385.686401 61.911227 273.305690 297.848955 384.005208 53.150729 180.155488 336.657096 479.270279 155.206314 244.812173 263.423613 289.862036 279.608655 353.288834 320.624391 225.424045 174.542258 304.770405 203.420746 403.629781 194.879450 448.188576 260.224903 203.342076 106.254412 310.522141 364.428319 197.989899 385.468546 50.990195 387.160174 382.968667 130.980915 245.018367 123.101584 229.451520 212.433519 27.802878 394.038069 362.990358 205.000000 181.466250 313.818419 402.851089 407.383112 340.599472 374.236556 232.699377 241.867732 
226.000000 2.000000 4.000000 a 379.668276 278.037767 437.028603 106.470653 342.476277 257.217807 79.309520 166.433170 527.986742 405.907625 265.497646 437.495143 278.958778 91.219515 285.770887 331.170651 187.109594 404.030939 481.884841 73.389373 380.232823 72.138755 481.585922 90.801982 381.693594 332.385319 351.365906 486.836728 247.487373 405.659956 286.248144 433.461648 447.125262 130.176803 294.598031 254.196774 335.907725 131.034347 230.930726 287.680378 468.777133 194.989743 345.392530 124.064499 526.339244 437.155579 387.930406 257.815826 92.698436 467.386350 
129.000000 8.000000 4.000000 a 417.996411 181.466250 179.234483 470.269072 444.496344 202.356122 380.185481 490.025510 437.809319 66.241981 321.409396 160.327789 364.660116 455.763096 442.052033 364.265013 355.090129 62.769419 174.045971 393.909888 444.299449 406.208075 428.291956 435.570890 145.426958 127.738013 333.054050 280.194575 287.083612 395.804245 175.102827 373.448792 353.706093 343.838625 297.793553 223.948655 239.058570 374.097581 236.122849 496.669911 297.954695 331.387990 169.035499 481.702190 305.040981 402.226304 343.576775 488.256080 408.717506 56.718604 
192.000000 9.000000 5.000000 a 380.569310 55.317267 219.146070 350.766304 389.852536 72.069411 245.782424 381.215162 450.605149 81.498466 250.890414 206.021844 297.847276 334.068855 369.756677 317.245961 255.290031 101.242284 243.429661 264.054919 402.313311 267.187200 426.042251 313.949040 150.986754 45.880279 298.303537 318.460359 206.021844 372.087355 39.812058 365.165716 355.406809 204.002451 240.651200 126.479247 205.623442 257.947669 96.000000 417.455387 322.832774 232.086191 141.028366 364.802686 354.316243 389.158066 322.591072 402.039799 286.216701 167.764716 
149.000000 8.000000 5.000000 a 350.796237 72.173402 169.387131 361.311500 366.398690 93.193347 270.266535 384.439852 408.078424 71.421285 231.812424 155.653461 278.064741 346.273014 353.424674 289.862036 251.849161 56.753854 192.626582 283.436060 374.364795 298.613463 386.679454 326.038341 102.839681 17.262677 266.270539 270.325729 190.965966 337.866838 70.228199 326.583833 314.268993 237.739353 215.448370 118.431415 170.329093 265.548489 132.502830 404.764129 276.683935 228.002193 99.849887 373.462180 305.262182 352.149116 286.782147 392.628323 298.939793 123.967738 
183.000000 4.000000 2.000000 a 141.992958 194.743421 167.092789 249.098374 154.777259 194.064422 246.089415 239.018828 244.204832 280.793518 43.185646 177.200451 74.431176 244.460631 151.476071 78.434686 119.230868 231.700237 213.412746 232.077573 163.490061 295.908770 206.526027 229.157151 150.426062 201.955441 65.115282 186.461792 60.464866 139.606590 214.401493 147.461859 151.990131 267.200299 9.055385 123.004065 57.271284 172.185946 230.705440 207.870152 166.355042 107.615055 123.069086 251.065728 224.955551 163.477827 98.792712 204.707108 213.412746 262.975284 
171.000000 8.000000 5.000000 a 263.865496 112.898184 101.414989 329.862092 285.000000 126.253713 270.490296 339.560009 318.567104 153.114336 160.424437 95.880134 203.216633 318.509027 280.617177 205.798445 203.747393 100.657836 140.470638 272.904745 288.669361 310.543073 296.057427 299.202273 36.400549 87.206651 178.518907 190.065778 130.172962 248.284111 126.574089 235.915239 224.008928 259.138959 136.473441 91.482239 81.859636 235.212670 174.315805 335.477272 191.376592 181.245690 9.219544 338.178947 228.109623 261.629509 196.725697 328.124976 275.016363 139.086304 
170.000000 7.000000 5.000000 a 228.844926 399.881232 202.869416 496.066528 284.548766 410.235298 505.208868 469.265383 105.678759 408.946207 296.082759 219.790810 292.479059 495.524974 332.031625 242.923856 375.046664 344.947822 200.422055 491.674689 250.337772 554.416811 139.057542 482.830198 267.043068 371.884391 213.100915 99.458534 318.352006 187.259179 414.675777 144.585615 120.552893 519.576751 267.226496 352.536523 241.205307 430.409108 456.820534 379.612961 99.569072 366.705604 280.745436 493.349775 69.115845 160.252925 178.941331 395.682954 470.485919 318.509027 
126.000000 7.000000 4.000000 a 59.439044 395.883821 308.021103 327.415638 79.075913 393.814677 395.005063 280.729407 149.776500 475.085256 201.002488 325.504224 160.514797 335.335653 137.200583 124.036285 252.335095 419.125280 341.247711 368.620401 43.174066 444.640304 104.000000 330.992447 328.817579 401.314091 143.544418 247.832605 247.129521 79.931220 415.640470 116.284135 145.499141 437.224199 200.731163 322.615871 240.160363 304.074004 426.229985 161.148999 216.261416 260.461130 312.929705 317.157689 262.944861 88.566359 130.801376 186.472518 331.843337 432.403747 
150.000000 3.000000 4.000000 a 197.311936 327.012232 135.003704 438.625125 250.459578 337.355895 437.504286 417.674514 131.034347 341.375160 233.908102 153.081678 238.046214 436.239613 289.442568 193.189027 312.771482 277.259806 142.621878 425.931919 223.143452 485.983539 139.445330 422.171766 195.780489 300.000000 157.892368 31.780497 251.017928 156.204994 341.926893 112.929181 83.240615 448.876375 202.711618 280.413980 169.994118 366.674242 384.022135 342.052628 28.425341 302.107597 208.000000 437.776199 37.215588 138.798415 129.468143 353.684888 407.707003 258.089132 
280.000000 6.000000 1.000000 a 134.238594 237.531051 253.775491 175.316856 113.004425 229.392676 211.702622 155.293271 278.729259 346.093918 46.957428 263.655078 29.698485 175.285481 80.131143 82.036577 67.779053 305.163890 300.028332 187.962762 141.890803 262.091587 232.398365 164.149322 232.107734 261.457454 107.786827 262.819330 84.202138 156.486421 257.157539 185.270073 201.943061 252.210230 78.102497 163.266653 143.003496 122.449990 252.517326 130.107648 237.924358 76.164296 200.339711 173.458929 298.484505 187.864313 142.358702 121.264174 156.630138 344.223764 
192.000000 6.000000 2.000000 a 224.437074 385.067527 187.579317 486.571680 279.946423 395.612184 492.879296 461.185429 111.400180 393.696584 285.119273 204.533616 283.383133 485.556382 325.756044 234.695547 364.178528 329.686214 185.690603 479.935412 247.008097 541.867142 140.089257 472.492328 251.813423 356.707163 203.494472 84.202138 306.022875 182.537667 399.742417 139.043159 113.265176 506.211418 255.601252 338.514401 227.547797 419.201622 442.326802 374.593113 85.603738 355.202759 265.827011 484.322207 54.451814 157.114608 170.299736 389.708866 459.570452 303.726851 
285.000000 1.000000 3.000000 a 138.101412 318.472919 157.664200 390.881056 191.588100 325.399754 403.140174 365.568051 105.004762 355.489803 191.470624 176.618232 187.536663 390.216607 232.690782 139.176147 270.203627 292.638002 180.069431 388.074735 163.954262 452.981236 93.536089 377.577807 203.553433 301.124559 107.823931 77.935871 217.039167 97.015463 335.490685 54.230987 24.596748 421.988151 164.048773 261.357992 149.485785 325.935576 369.541608 284.063373 46.861498 262.840256 205.182845 388.479086 96.337947 81.835200 74.632433 296.952858 365.624124 286.541446 
171.000000 9.000000 1.000000 a 477.815864 203.393707 245.930885 500.215953 500.617619 222.497191 397.031485 526.501662 504.477948 72.945185 371.344853 227.107904 416.473288 484.133246 493.121689 421.343091 394.788551 115.762688 241.008299 415.530986 503.397457 415.523766 493.660815 463.919174 206.169833 158.644256 392.390112 347.427690 332.773196 457.978165 191.002618 437.740791 419.028639 351.639019 351.095429 261.335034 296.516441 405.642700 244.983673 545.915744 364.779385 370.951479 224.142812 513.404324 372.162599 466.099775 405.652561 534.899056 436.331296 123.036580 
235.000000 5.000000 5.000000 a 328.975683 213.714763 71.589105 452.584799 365.624124 232.594067 393.432332 457.590428 323.513524 164.158460 266.908224 54.561891 301.663720 442.040722 377.033155 285.952793 323.482612 105.394497 54.000000 397.256844 356.721180 431.032481 319.828079 423.001182 89.022469 163.404406 249.200722 162.742127 247.630774 299.714864 218.899520 270.185122 246.617112 375.692694 235.849528 215.204554 170.660482 359.005571 278.513913 434.245322 184.024455 302.208537 126.035709 459.831491 185.218790 299.923324 249.617708 432.539016 399.281855 64.195015 
225.000000 8.000000 4.000000 a 18.248288 318.276609 243.944666 282.985865 58.694122 316.521721 330.945615 246.465008 165.000000 399.382023 126.150704 260.109592 91.285267 287.099286 103.730420 47.000000 186.935818 345.059415 282.095728 307.507723 42.801869 381.482634 116.275535 279.034048 256.095685 324.168166 68.505474 203.973037 171.187032 42.953463 338.013313 84.344532 111.112556 367.832842 123.178732 245.277394 164.648110 242.002066 350.005714 151.476071 172.791782 191.039263 237.531051 276.400072 229.058944 74.431176 68.447060 166.865215 274.823580 363.324923 
150.000000 8.000000 5.000000 a 123.101584 217.441946 203.735122 221.562632 124.482931 213.590730 236.448726 205.878605 247.418674 313.057503 21.931712 214.410821 37.202150 219.146070 114.634201 58.549125 98.081599 266.587697 249.657766 217.954124 140.160622 287.141080 204.882893 205.652620 187.488666 231.572883 66.483081 213.475994 66.000000 131.673839 237.360485 150.602125 162.052461 266.308092 30.232433 142.863571 94.847246 154.311374 245.073458 170.581359 189.973682 93.600214 158.700977 221.562632 250.169942 160.103092 103.324731 167.155616 193.403723 300.093319 
252.000000 9.000000 3.000000 a 170.815690 261.704031 95.770559 376.969495 216.536371 270.712024 368.895649 361.211849 168.428026 291.652190 170.461139 114.490174 182.537667 373.128664 244.517893 145.670862 248.169297 228.694119 125.319591 358.351782 198.768710 417.049158 155.438091 358.079600 140.057131 239.870799 106.677083 57.584720 183.051905 136.359818 277.654462 103.812331 81.024688 379.526020 137.615406 211.627030 100.657836 300.592748 316.665439 300.456320 41.400483 235.764713 144.810221 377.669167 96.254870 133.600150 91.235958 307.371111 342.118401 224.517260 
293.000000 1.000000 5.000000 a 94.429868 372.131697 338.775737 241.754007 42.953463 365.168454 327.684299 190.412710 240.052078 472.207581 171.767284 353.628336 124.823876 252.285552 61.008196 122.004098 194.435079 424.099045 379.415340 297.900990 71.344236 374.786606 191.379205 251.288679 340.177895 390.518886 159.000000 304.632566 217.082933 136.297469 391.950252 180.399557 209.160226 378.223479 187.608635 297.195222 245.375223 237.320458 388.785288 66.610810 273.358739 209.613931 315.329986 229.401395 328.673090 161.375339 168.573426 93.348808 257.344128 451.359059 
250.000000 1.000000 5.000000 a 92.309263 327.438544 309.045304 209.009569 40.360872 319.953122 284.964910 163.893258 249.176644 430.639060 128.413395 322.591072 82.006097 217.204972 18.867962 92.655275 149.053682 384.731075 351.923287 256.189383 80.919713 333.030029 199.529446 213.784939 303.606653 347.805980 131.897688 287.675164 172.652831 132.003788 347.190150 174.155103 200.324736 333.725935 147.787009 252.675681 209.009569 194.002577 342.957723 63.285069 257.629579 163.768129 276.523055 198.979898 316.025315 161.987654 150.402793 77.201036 217.006912 415.823280 
200.000000 5.000000 5.000000 a 106.230881 230.828941 180.313616 257.769277 124.084649 230.139088 271.118055 239.200753 213.862105 313.336879 56.568542 193.196791 61.032778 255.812431 131.308796 44.418465 134.807270 261.602752 224.543982 253.852319 128.693434 321.622449 173.626035 242.507732 176.071008 236.425464 31.764760 178.664490 91.416629 104.235311 250.457581 116.619038 125.872952 297.397041 37.483330 159.012578 81.394103 190.790461 266.176633 188.692872 154.003247 128.817701 152.869225 257.093368 214.462118 129.653384 68.242216 190.394328 230.204257 287.327339 
127.000000 4.000000 1.000000 a 424.081360 107.935166 236.484672 402.617685 436.935922 124.257797 293.865616 433.802951 482.009336 46.647615 299.446155 220.601451 346.307667 385.647507 419.630790 362.106338 307.598765 98.386991 251.602862 314.014331 447.001119 310.987138 461.400043 365.603610 174.484956 81.932899 340.124977 339.889688 255.720551 412.331178 91.809586 401.382610 388.741559 247.080958 286.434984 177.259696 244.730464 310.362691 140.918416 468.441032 348.661727 284.270997 174.656806 416.923254 372.786802 426.944961 361.448475 453.715770 337.831319 154.896740 
189.000000 8.000000 2.000000 a 192.585046 425.931919 427.575724 217.919710 139.086304 414.945780 333.618045 158.028478 333.594065 539.039887 238.008403 441.018140 195.205020 234.213578 117.889779 210.772389 228.737841 497.453515 470.340302 300.541179 169.002959 373.648230 286.248144 241.167991 419.777322 454.009912 249.777901 401.463572 276.739950 234.480276 444.932579 278.582124 307.278375 393.295055 262.619497 353.735777 325.903360 252.770647 428.879937 62.936476 370.482118 250.059993 390.749280 200.691305 426.560664 259.048258 264.372843 80.112421 257.126428 532.339178 
161.000000 4.000000 1.000000 a 190.905736 376.300412 400.031249 161.111762 135.340312 364.005494 275.377922 101.867561 344.117712 494.016194 198.957282 411.753567 161.755989 176.725776 91.443972 190.276115 176.604077 456.425240 444.814568 242.258127 173.349358 315.406087 294.838939 183.024589 383.959633 408.138457 229.244411 387.743472 232.544619 232.019396 394.807548 274.925444 301.496269 335.435538 227.694971 306.197649 292.726835 195.818794 374.958664 40.162171 358.168955 199.123078 352.455671 144.585615 417.010791 260.725910 251.031870 30.886890 198.841646 496.263035 
209.000000 7.000000 2.000000 a 266.812668 351.778339 427.968457 75.000000 215.232433 335.407215 205.730406 25.942244 424.199246 479.510167 219.385505 436.010321 200.112468 94.244363 158.518138 244.787663 161.644672 453.557053 474.773630 172.652831 255.765518 236.543865 374.593113 108.240473 396.061864 394.062178 279.465561 438.548743 235.510085 304.179223 367.800218 343.351132 366.193938 270.179570 253.197551 292.480769 315.729314 149.682998 333.766385 131.244047 412.069169 184.954048 360.573155 56.044625 472.647860 335.410197 309.342852 103.247276 132.574507 503.750931 
206.000000 6.000000 5.000000 a 315.699224 77.878110 257.937977 221.923410 307.883095 57.870545 122.000000 256.222560 425.619548 208.434642 172.142383 253.527119 214.457455 204.882893 273.212372 251.149358 143.178211 203.009852 298.088913 135.823415 331.006042 155.080624 389.452179 184.837767 193.204555 131.308796 247.879003 332.848314 127.011810 321.238229 89.554453 329.837839 330.800544 101.548018 179.738699 72.180330 183.051905 131.711807 57.384667 312.016025 324.607455 123.648696 160.605106 236.579796 373.000000 346.365414 281.460477 291.707045 157.063681 267.267656 
165.000000 1.000000 2.000000 a 177.792013 391.219887 212.941306 455.273544 233.418080 398.994987 476.016806 424.473792 55.172457 418.029903 262.345192 231.464900 251.849161 456.316776 283.677634 200.339711 339.988235 354.114388 222.335332 459.621583 197.587955 526.165373 83.743656 445.000000 268.901469 370.397084 175.727061 111.570605 290.833286 137.266165 407.686154 97.493590 79.981248 496.487663 237.002110 335.907725 223.785612 396.343286 443.694715 328.758270 95.005263 334.480194 275.394263 451.116393 99.624294 108.060168 139.312598 346.446244 434.954021 337.763231 
240.000000 7.000000 5.000000 a 438.548743 246.288449 438.872419 199.271172 410.157287 225.858363 92.612094 258.520792 575.229519 360.671596 306.202547 435.041377 332.284517 181.107703 357.740129 381.812781 236.636853 374.021390 479.654042 119.570063 444.416471 42.720019 532.332603 173.002890 374.797279 301.478026 393.325565 506.865860 274.643405 457.577316 247.695377 478.163152 486.427795 80.777472 328.458521 250.736914 353.362420 183.174780 185.607112 370.563085 494.308608 234.610315 341.843531 217.993119 547.220248 487.403324 430.015116 341.774780 160.654910 440.941039 
106.000000 7.000000 5.000000 a 200.631503 326.496554 133.060137 440.655194 253.663162 337.037090 438.553303 420.077374 134.182711 339.532031 235.681989 151.013244 240.401747 438.134682 292.335424 195.869855 314.472574 275.408787 139.778396 427.229447 226.530351 486.917858 143.010489 423.962262 194.517351 298.939793 160.327789 29.274562 252.200317 159.590100 341.269688 116.387285 86.683332 449.418513 204.286563 280.601140 170.531522 368.207822 383.817665 345.092741 29.681644 303.585243 207.337888 439.932949 34.058773 142.351677 132.306462 356.561355 409.316503 255.548430 
265.000000 1.000000 5.000000 a 316.938480 91.591484 269.666461 209.995238 306.652898 71.309186 108.000000 246.077224 430.947793 221.840032 173.277235 265.766815 214.000000 192.626582 269.757298 252.871509 137.898513 217.009216 310.420682 122.262014 331.217451 141.682744 393.706744 172.699160 205.766858 145.279042 251.745904 342.344855 129.522199 324.274575 102.528045 334.641599 336.756589 90.000000 183.439363 82.328610 191.206694 121.655251 64.070274 306.584409 333.121599 119.854078 172.539850 225.055549 382.597700 350.184237 286.048947 285.350661 144.917218 281.204552 
175.000000 1.000000 1.000000 a 96.747093 248.098771 169.097605 285.524080 127.412715 249.393264 299.736551 264.439029 186.531499 320.544849 85.586214 183.918460 84.723078 284.121453 146.536685 48.846699 163.835283 265.324330 210.791366 282.846248 122.641755 350.142828 148.367786 271.154937 176.232801 247.879003 11.401754 153.941547 117.618026 84.214013 267.316292 89.470666 96.938125 324.422564 62.609903 179.120071 85.615419 219.859046 287.862815 203.302730 127.577427 157.724443 158.404545 284.176002 188.215302 105.721332 40.718546 208.626460 259.200694 284.313208 
126.000000 3.000000 2.000000 a 209.344214 321.599129 124.486947 443.938059 261.772802 332.710084 438.443839 424.759932 145.413204 331.022658 238.201595 142.088001 245.024489 440.930834 299.041803 201.804361 316.652807 266.908224 129.120099 427.954437 235.580135 486.412376 154.253039 426.391839 187.640614 292.514957 165.387424 20.223748 252.675681 168.680171 335.953866 125.936492 96.208108 447.666170 206.167408 277.850679 169.070991 369.768847 379.802580 352.410272 32.756679 305.001639 202.141040 443.681192 27.892651 152.505738 139.000000 363.166628 411.117988 245.448569 
288.000000 7.000000 3.000000 a 239.384628 151.644321 259.277843 155.913438 223.035872 137.295302 118.088950 175.786803 368.245842 277.838082 99.729635 261.558789 133.180329 143.589693 183.564702 178.137587 51.894123 254.247911 305.158975 106.943911 250.599282 167.919624 326.496554 124.145076 210.059515 192.418814 186.142419 307.936682 69.028979 253.031619 169.000000 271.046122 279.087800 145.165423 121.264174 92.027170 156.080108 60.207973 148.647233 220.737401 291.624759 34.058773 173.046237 166.087326 347.798792 281.744565 222.712820 200.688814 100.319490 309.297591 
297.000000 4.000000 5.000000 a 380.612664 145.330657 342.467517 211.400095 363.240967 124.919974 80.622577 260.894615 502.696728 263.068432 238.799079 337.312911 274.590604 191.815015 319.156701 318.402261 186.043006 273.227012 381.608438 111.211510 391.934944 85.988371 463.699256 175.011428 276.463379 200.584147 321.701725 417.387110 198.806439 392.135181 147.363496 405.789354 409.591260 22.090722 253.743965 157.003185 266.120274 147.959454 86.052310 346.770818 408.090676 174.656806 245.051015 229.473310 457.621022 419.505661 357.037813 321.628668 150.455974 340.035292 
197.000000 8.000000 4.000000 a 354.120036 154.207652 337.379608 178.361991 333.911665 133.184083 50.606324 226.991189 481.660669 279.460194 214.555354 334.073345 247.420694 158.902486 288.027776 293.307006 156.041661 282.294173 378.790179 78.517514 364.021977 73.246160 441.026076 141.605085 274.351964 209.611545 299.708191 405.621745 177.867929 368.077438 160.377679 384.439852 390.253764 30.083218 232.725160 149.040263 252.446034 114.756263 103.846040 313.848690 394.001269 146.996599 240.651200 196.206524 445.982062 396.429060 335.775222 288.312331 116.619038 347.759975 
187.000000 5.000000 4.000000 a 247.315588 139.053946 254.120050 165.894545 233.034332 124.523090 117.443603 187.832372 372.726441 265.830773 105.688221 255.556256 141.904898 152.741612 195.028203 185.054046 64.412732 243.577503 299.536308 109.931797 259.514932 166.183633 331.909626 132.966161 202.556165 180.679274 190.664627 306.804498 70.178344 259.254701 156.284996 275.481397 282.251661 138.798415 124.277914 81.492331 153.834326 69.634761 136.308474 233.137299 291.672762 45.122057 165.592874 176.785180 346.883266 287.346481 226.894248 213.354166 108.018517 299.708191 
280.000000 4.000000 3.000000 a 73.000000 355.820179 316.223023 245.203997 20.124612 349.768495 322.684056 197.314470 223.215143 452.912795 154.693245 331.217451 107.912001 254.169235 56.462377 100.005000 185.172892 403.725154 356.665109 294.090122 52.497619 370.908344 173.954017 251.348364 318.912214 372.108855 136.458785 282.072686 200.860648 115.000000 375.708664 159.028299 187.451327 370.563085 168.074388 280.793518 224.243172 231.613903 375.366488 80.777472 250.880450 198.363303 294.877941 234.266942 306.620286 141.421356 145.784087 103.730420 254.943131 429.703386 
244.000000 4.000000 3.000000 a 295.453888 42.544095 197.253644 266.046988 298.839422 40.199502 182.332115 290.353233 386.374171 163.266653 158.757677 191.668985 205.409347 251.149358 275.263510 230.670761 160.701587 145.382255 235.983050 191.261601 314.963490 217.919710 354.978873 230.932891 130.862523 78.390050 218.020641 278.648524 112.538882 293.027302 62.393910 293.945573 290.131005 163.710110 154.055185 32.572995 136.926988 170.308544 83.630138 322.125752 274.001825 137.207871 100.005000 278.239106 318.210622 314.340580 247.477272 306.649637 204.004902 207.038644 
274.000000 9.000000 4.000000 a 307.353217 279.658721 402.203928 27.892651 266.270539 260.647271 106.018866 87.143560 460.108683 410.600779 209.468375 405.975369 212.800376 10.440307 208.396257 264.877330 131.575074 396.011363 448.763858 74.966659 305.203211 133.663757 412.292372 22.203603 356.005618 329.013678 290.227497 437.126984 203.960781 336.823396 292.643127 368.452168 385.249270 170.891779 241.962807 235.325307 293.516609 86.023253 248.509557 207.002415 415.636861 147.299016 319.001567 46.840154 475.202062 368.761441 325.613268 177.079078 47.296934 453.982379 
160.000000 8.000000 5.000000 a 346.561683 187.002674 96.566040 443.938059 378.936670 206.929940 374.909322 453.877737 354.419243 126.317061 269.235956 77.620873 307.845741 432.046294 384.720678 298.397386 318.209051 69.426220 90.796476 381.634642 373.804762 409.649850 347.174308 412.487576 84.172442 133.764719 263.751777 195.869855 243.870867 320.494930 189.707670 294.496180 272.946881 351.978693 240.634578 200.002500 176.672012 348.661727 250.954179 441.290154 214.441134 295.787086 118.680243 452.598056 221.020361 323.854906 269.007435 437.010297 387.569349 32.756679 
152.000000 1.000000 1.000000 a 147.339743 311.313347 331.320087 151.476071 98.290386 300.509567 237.682561 106.400188 304.763843 425.687679 128.631256 342.486496 92.892411 160.654910 39.698866 128.658463 115.693561 386.618675 376.661652 206.903359 138.708327 283.593018 255.248898 158.959114 313.651080 340.207290 166.027106 326.185530 163.465593 184.317661 330.340733 223.933026 247.681247 291.556170 157.699081 239.301066 222.847481 149.120756 316.189816 53.225934 297.968119 136.000000 282.171933 141.014184 358.022346 215.564376 192.512337 39.446166 165.529454 425.935441 
222.000000 7.000000 3.000000 a 217.331544 423.596506 234.480276 496.613532 272.677465 432.541328 515.834276 465.563100 75.186435 441.021541 302.853100 252.160663 293.163777 497.618328 324.089494 241.679540 380.821480 376.897864 236.177899 500.036999 235.732900 565.795900 117.106789 486.211888 295.548642 399.215481 216.640255 130.188325 329.959088 177.552809 439.323343 138.708327 120.880106 534.648483 276.682128 371.517160 259.239272 437.068644 478.131781 367.947007 122.413235 374.809285 305.805494 492.427660 105.536723 147.410990 180.413414 386.432400 475.918060 353.939260 
186.000000 9.000000 4.000000 a 265.318676 113.406349 245.861750 187.216452 254.786185 98.290386 119.866593 212.758079 383.713435 241.588493 121.823643 245.422085 162.000000 172.699160 219.364993 201.613492 90.553851 222.685877 289.981034 119.682914 279.257945 165.075740 344.843443 152.554908 189.451841 157.308614 202.780670 306.776792 79.849859 274.040143 130.230565 286.776917 291.034362 128.140548 134.736780 63.007936 153.153518 91.389277 111.000000 258.955595 294.159821 70.007142 153.055545 199.323857 347.109493 300.820545 238.025209 239.585058 126.115027 281.204552 
218.000000 3.000000 1.000000 a 339.331696 40.607881 244.761108 265.137700 337.342556 19.924859 159.812390 299.055179 436.806593 167.370846 198.133793 237.394187 243.195395 247.969756 307.358097 274.262648 181.471761 169.011834 280.800641 177.087549 357.028010 185.973116 404.209104 227.975876 176.181724 96.176920 265.277213 329.514795 151.327460 340.073521 47.539457 343.419568 340.700748 125.634390 199.062804 78.089692 187.968082 174.642492 32.202484 349.356551 325.382851 160.178026 148.734663 279.846386 368.859052 362.746468 296.249895 330.510212 200.192407 235.372046 
199.000000 6.000000 4.000000 a 15.811388 343.576775 254.558441 308.457452 70.342022 342.644130 359.599778 269.313943 141.661569 419.786851 154.379403 271.661554 120.016666 313.383152 124.036285 74.672619 215.573653 363.655056 289.705022 335.886886 36.674242 410.095111 92.114060 306.008170 273.386174 346.840021 88.543774 202.780670 198.816498 30.364453 363.185903 73.979727 103.368274 396.590469 149.164339 271.414812 184.954048 270.407100 377.190933 165.656271 171.026314 219.829479 257.623757 301.014950 223.439030 55.108983 76.419893 184.588732 302.630137 377.661224 
242.000000 3.000000 5.000000 a 269.091063 79.202273 210.237960 229.019650 267.290105 69.462220 156.894869 251.431899 372.671437 202.249845 127.738013 208.000000 173.170436 214.897650 239.776980 204.039212 121.655251 180.446668 252.770647 160.611332 286.574598 198.116128 337.616647 194.805031 150.000000 116.764721 196.956848 280.071419 80.894994 271.267396 98.183502 277.483333 277.461709 151.644321 129.653384 22.135944 129.274901 132.815662 99.181652 284.861370 271.016605 98.310732 114.586212 240.520269 320.338883 295.162667 229.451520 268.471600 168.514094 238.838858 
271.000000 1.000000 1.000000 a 289.913780 259.670946 54.405882 459.410492 333.640525 276.052531 419.695127 455.185676 260.376650 231.890060 259.277843 57.201399 285.159604 451.558413 355.259060 258.193726 327.377458 170.097031 16.763055 418.076548 317.907219 461.989177 262.840256 433.849052 118.406081 216.300717 219.125535 98.386991 252.301407 255.409475 268.834522 219.965906 193.196791 411.946598 225.499446 241.946275 164.195006 371.052557 323.890414 412.400291 124.619421 309.006472 149.966663 463.907318 115.849040 249.617708 209.914268 415.481648 412.845007 134.000000 
293.000000 2.000000 3.000000 a 128.269248 208.312266 180.446668 241.919408 138.755180 206.620425 247.517676 228.492888 238.648277 296.816442 35.777088 191.324332 59.033889 238.461737 135.624482 63.788714 114.738834 247.975805 226.318360 231.467060 148.761554 297.833846 198.881874 224.058028 166.400120 217.423550 56.859476 192.585046 66.128662 129.247824 228.089895 141.421356 149.036908 272.376578 13.152946 135.369864 72.560320 169.614268 241.598841 192.262841 170.425937 106.216760 139.344896 242.785914 230.082594 154.951605 92.784697 189.973682 209.995238 278.878110 
288.000000 8.000000 3.000000 a 245.399674 96.176920 193.693056 230.054341 245.880052 90.244113 171.898226 246.546142 347.731218 210.523158 105.773343 193.289938 152.108514 217.559187 221.652882 180.335798 112.361025 181.240172 237.806644 171.268795 263.609560 215.928229 312.630773 197.914123 138.177422 124.326184 172.130764 258.172423 59.135438 246.594809 115.952577 252.483663 252.634123 173.254149 105.171289 22.022716 105.891454 134.212518 123.685084 269.200669 247.881020 88.509886 101.434708 239.885389 298.519681 270.248034 204.462711 254.750859 173.072239 235.153142 
156.000000 1.000000 4.000000 a 300.760702 161.307160 313.102220 139.617334 278.497756 141.739197 53.823787 180.235956 433.567757 292.195140 164.638999 312.776278 193.868512 121.794910 232.034480 241.588493 100.623059 282.492478 357.337376 54.009258 309.476978 102.552426 391.233945 102.078401 256.415678 212.793327 251.557151 370.255317 133.645052 317.075701 173.461811 336.431271 344.688265 85.375641 186.807387 128.891427 216.889373 60.406953 130.598622 258.683204 355.444792 94.021274 220.238507 155.438091 410.409552 346.369745 288.209993 233.828997 74.404301 344.036335 
297.000000 4.000000 5.000000 a 99.984999 378.724174 345.671810 243.772435 49.648766 371.615393 331.929209 191.460179 243.402958 479.176377 178.532910 360.573155 131.609270 254.750859 66.121101 129.015503 199.812412 431.149626 386.194252 301.869177 76.026311 378.714932 195.028203 254.275441 347.247750 397.397786 165.894545 310.742659 223.707398 141.693331 398.528544 185.779439 214.704448 383.083542 194.620143 303.817379 252.446034 241.828452 394.872131 65.855903 279.401145 215.378736 322.386414 231.008658 334.388995 166.108398 174.977141 93.722996 260.990421 458.415750 
164.000000 7.000000 5.000000 a 366.547405 176.555940 359.473226 170.343770 343.402097 155.544206 38.013156 222.569090 497.860422 300.602728 229.473310 356.439336 259.655541 150.632002 295.147421 307.143289 165.894545 304.791732 401.180757 70.661163 375.030665 50.447993 456.245548 135.070352 296.892236 232.045254 315.729314 426.057508 195.205020 382.472221 182.068668 400.622016 407.570853 26.925824 249.633732 171.046777 272.567423 119.016806 123.967738 317.151383 413.658071 159.699718 262.961974 188.820020 466.411835 411.460812 352.132077 290.496127 112.605506 370.411933 
237.000000 9.000000 1.000000 a 240.709368 220.417785 18.788294 399.891235 280.401498 234.183689 365.383360 395.182236 240.260276 223.109838 199.303788 37.696154 226.294056 392.420693 298.000000 202.595656 267.800299 159.028299 57.567352 361.780320 268.633579 409.439861 231.905153 374.977333 80.529498 185.809042 164.246766 88.459030 193.196791 210.154705 232.776717 180.560239 157.867033 362.614120 165.592874 190.559702 104.388697 312.641968 282.226859 355.337867 100.841460 249.903982 102.552426 404.115083 122.930875 210.237960 160.776242 357.144229 354.587084 147.732867 
256.000000 9.000000 5.000000 a 96.566040 312.617978 300.041664 199.251098 49.929951 304.926221 270.955716 157.050947 253.994094 416.984412 114.402797 313.057503 68.622154 206.455806 13.038405 86.145226 134.003731 371.940856 343.633526 242.621104 89.274856 319.363429 204.474937 202.054448 292.001712 333.755899 125.319591 283.451936 158.028478 134.078335 332.338683 174.722637 199.649693 318.981191 135.369864 237.951676 197.770069 179.847157 327.685825 69.260378 254.017716 148.492424 264.092787 190.223553 313.193231 165.051507 147.054412 77.317527 204.083316 404.441590 
124.000000 1.000000 5.000000 a 219.476650 237.766692 320.099984 88.056800 184.618526 222.793626 136.937942 90.873539 369.112449 363.633057 118.595953 326.153338 120.615090 85.000000 130.969462 172.904598 46.389654 336.804097 367.087183 107.200746 221.000000 184.092368 322.013975 73.109507 282.113452 277.838082 197.585425 346.594864 122.409150 246.174735 254.809733 276.305990 292.638002 191.049732 152.085502 175.823775 208.614477 48.662100 228.265197 150.472589 324.077151 68.680419 245.930885 91.137259 384.037759 277.915455 232.997854 125.159898 68.883960 387.922673 
233.000000 6.000000 5.000000 a 73.409809 325.711529 295.771872 224.964442 24.186773 319.390044 294.959319 181.639753 230.488611 424.775235 124.811858 309.898370 77.878110 232.262782 35.608988 78.262379 155.630974 376.948272 337.831319 267.217140 63.655322 343.792088 180.853532 227.754254 293.824778 343.169055 117.000000 270.542048 170.660482 113.053085 345.579224 155.364089 181.796590 341.351725 140.246212 250.697028 198.979898 203.747393 344.772389 81.000000 240.201998 168.107109 268.262931 215.678001 298.167738 143.024473 133.090195 96.166522 229.268402 405.493526 
258.000000 2.000000 5.000000 a 195.327929 369.986486 398.854610 150.920509 140.089257 357.328980 265.836416 91.678787 349.692722 488.806710 195.897933 410.201170 160.352736 166.589315 93.005376 191.376592 169.920570 452.216762 443.968467 232.647802 178.846303 305.530686 300.269879 173.072239 381.047241 402.796475 230.054341 389.251846 228.002193 236.027541 388.336195 278.524685 304.637489 326.216186 225.461748 300.561142 290.621747 187.181730 367.349969 46.141088 360.001389 192.753729 349.040112 134.391220 419.201622 265.243285 253.071136 29.427878 189.235303 493.137912 
297.000000 6.000000 4.000000 a 237.065392 411.024330 212.983567 506.474086 292.796858 421.474792 516.466843 479.099155 107.935166 418.761269 307.026058 229.682389 302.790357 506.107696 341.087965 252.922913 385.945592 354.830946 209.086107 502.802148 257.939915 565.713709 144.391828 493.543311 277.694076 382.648664 223.647043 110.063618 329.620994 195.724296 425.734659 153.574086 130.387883 530.970809 278.352295 363.917573 252.606413 441.400045 468.107894 388.005155 110.941426 377.784330 291.815010 503.575218 78.057671 167.967259 189.171880 404.555311 481.386539 327.184963 
195.000000 3.000000 5.000000 a 419.400763 196.040812 174.897113 482.001037 447.844839 217.020736 394.559248 500.156975 432.833686 83.725743 327.832274 155.926265 370.163477 467.865365 447.629311 367.348608 364.725924 72.732386 165.366260 407.461655 446.071743 421.574430 425.248163 447.723129 147.922277 141.509717 334.994030 273.607383 295.203320 395.698117 190.591186 371.636920 350.853246 359.517733 302.947190 234.957443 242.546903 385.721402 252.039679 502.828997 292.856620 341.156855 174.450566 493.016227 296.674906 400.739317 343.681539 495.362494 421.089064 47.381431 
116.000000 1.000000 4.000000 a 188.904738 437.385414 430.414916 236.433923 137.568165 427.031615 350.646546 176.638048 324.568945 548.266359 246.089415 444.419847 201.883630 252.507426 124.523090 212.896689 241.969006 505.113849 472.326158 317.718429 163.884105 391.327229 278.125871 259.017374 425.639519 463.751011 251.382179 399.711146 286.434984 230.375780 456.579675 274.372010 303.506178 409.688906 269.007435 364.446155 331.217451 268.493948 442.459038 73.573093 368.419598 262.651861 397.644313 219.346757 423.341470 253.333772 263.440695 94.921020 274.331916 538.000929 
151.000000 6.000000 1.000000 a 275.036361 223.445743 20.223748 425.921354 314.720511 239.420133 382.905994 424.208675 266.662708 205.995146 229.106962 20.518285 258.520792 417.432629 331.282357 236.603043 294.205710 142.414887 27.166155 381.886109 302.978547 424.905872 262.122109 399.399549 81.565924 181.958787 198.456544 107.670795 218.515446 243.961062 233.308808 213.002347 189.002645 374.733238 195.971937 204.863369 132.457540 336.203807 287.367361 388.660520 126.810883 275.049087 112.769677 431.115994 135.203550 242.800329 195.020512 389.666524 377.809476 119.369175 
160.000000 6.000000 2.000000 a 305.918290 137.568165 87.361319 384.668689 332.704073 155.913438 317.716855 395.487042 337.715857 122.331517 214.553024 72.498276 255.601252 372.742538 333.024023 252.301407 259.615100 59.439044 109.986363 323.215099 332.121966 354.302131 322.572472 353.192582 33.286634 90.785461 220.871003 190.703959 186.096749 284.875411 144.499135 265.316792 248.171312 298.616811 188.217959 141.173652 127.310644 289.357910 202.467281 388.733842 201.022387 236.957802 61.269895 393.459019 223.761033 293.307006 232.551070 382.613382 328.342809 83.258633 
215.000000 1.000000 2.000000 a 342.603269 256.128874 404.253633 80.603970 306.373955 235.805004 62.968246 139.703257 490.515035 386.124332 228.403152 405.572435 241.497412 62.289646 250.283839 293.695420 149.803204 379.352079 449.662095 43.046487 343.712089 81.271151 444.173390 56.515485 351.176594 309.006472 314.014331 451.004435 212.002358 368.245842 266.362535 395.989899 409.785310 125.159898 257.947669 224.804359 301.086366 94.047860 215.355520 255.548430 432.380619 158.473973 314.498013 99.463561 490.316224 399.712397 350.538158 226.048667 55.226805 441.072556 
275.000000 8.000000 2.000000 a 358.152202 187.840358 108.632408 450.471975 390.016666 208.139376 378.450789 461.680626 366.350925 118.532696 278.657496 89.693924 317.907219 438.216841 394.948098 309.433353 325.829710 65.436993 101.242284 386.156704 385.331027 412.074022 359.254784 418.535542 93.536089 133.540256 275.087259 207.482529 252.057533 332.362754 189.274932 306.545266 285.029823 353.566118 250.585315 205.243758 187.042776 354.864763 251.077677 451.359059 226.373585 303.169919 126.873953 459.505169 232.008621 335.886886 280.800641 446.609449 393.303954 20.808652 
116.000000 2.000000 5.000000 a 372.204245 261.925562 422.518639 108.166538 336.752134 241.099564 63.198101 168.047612 518.808250 389.801231 254.466108 422.689011 270.040738 91.087870 280.864736 322.034160 176.776695 388.011598 467.158431 59.481089 373.851575 60.000000 472.898509 87.091905 366.521486 316.309975 340.931078 474.023206 234.610315 396.993703 270.129599 423.689745 436.587906 115.247560 282.800283 238.872351 322.456199 120.241424 214.972091 285.944050 456.530393 183.218449 330.339220 126.570139 513.681808 428.286119 377.637392 256.345470 84.314886 451.488649 
283.000000 6.000000 4.000000 a 243.501540 465.929179 477.942465 230.956706 190.433716 453.625396 356.040728 172.002907 380.847739 582.765819 284.401125 491.057023 243.378306 249.230817 166.883193 261.704031 266.204808 543.485050 521.083487 322.522867 219.276082 391.674610 334.439830 259.788375 467.936962 497.096570 300.820545 452.863114 320.663375 285.280564 484.451236 329.369094 358.240143 418.379015 310.697602 395.500948 374.738576 282.214457 463.760714 109.931797 421.849499 288.766342 437.905241 212.360542 477.721676 309.079278 315.792653 118.802357 279.603290 580.538543 
118.000000 9.000000 2.000000 a 62.169124 396.570296 316.115485 317.472833 70.774289 393.753730 388.711976 269.616394 163.917662 479.076194 199.424171 333.318166 157.203690 325.960120 127.624449 124.663547 246.975707 424.077823 350.453991 361.658679 40.199502 438.001142 118.016948 322.273176 334.324692 403.941827 147.597425 259.061769 245.985772 88.865066 416.404851 127.475488 156.977705 432.463871 201.556444 322.721242 244.182309 297.578561 424.923523 148.448644 227.378539 256.265487 317.075701 306.726262 275.281674 100.657836 138.105032 174.413302 324.098750 439.327896 
227.000000 4.000000 2.000000 a 269.937030 242.662317 32.249031 435.543339 312.237089 258.172423 397.612877 431.196011 251.181209 226.126071 235.306184 40.496913 261.633331 427.814212 332.362754 235.847408 303.486408 162.742127 24.839485 395.297356 297.954695 440.556466 249.537572 410.191419 100.419122 202.192977 196.977156 90.244113 228.543213 236.782601 253.013834 203.295352 177.800450 391.637588 201.558924 220.676233 140.228385 347.539926 306.217243 389.597228 112.258630 285.259531 129.529919 439.956816 115.433964 233.111561 189.736660 392.184905 389.390549 136.132289 
166.000000 9.000000 5.000000 a 316.764897 171.327172 73.552702 416.124981 348.244167 190.118384 352.230038 424.438453 331.834296 135.148067 238.447059 55.081757 276.799566 404.772776 353.656613 267.660232 289.084763 71.840100 82.298238 357.135829 343.838625 389.075828 321.753011 385.420550 53.758720 121.918005 233.413796 177.002825 214.182165 291.780740 177.002825 267.464016 247.194256 333.325667 209.618701 174.928557 145.609066 321.449841 236.171548 410.238955 192.353841 266.992509 89.442719 424.264069 206.050965 296.514755 239.954162 406.099741 361.022160 62.241465 
244.000000 1.000000 5.000000 a 280.765026 281.780056 389.236432 17.000000 238.430283 263.821910 124.390514 61.846584 434.728651 412.012136 190.373317 394.214409 189.211522 18.384776 180.277564 240.775829 115.260574 393.001272 436.103199 91.241438 277.683273 157.990506 386.517787 26.832816 346.902003 328.495053 268.001866 418.379015 190.444218 311.404881 296.204321 344.328332 362.218166 188.767052 223.761033 230.930726 278.741816 80.006250 256.850151 178.305917 395.718334 134.059688 310.091922 29.206164 455.763096 343.406465 302.696217 148.431803 52.345009 448.518673 
178.000000 4.000000 3.000000 a 194.180329 391.388554 206.009709 467.523261 249.903982 400.091240 483.793344 438.326362 72.470684 412.205046 271.494015 224.142812 263.765047 467.936962 298.939793 212.941306 349.834246 348.116360 211.747491 468.465580 214.841802 533.638454 102.610916 456.066881 265.035847 368.024456 186.010752 102.489024 297.644083 153.055545 407.303327 111.664677 90.735880 502.015936 244.675295 338.789020 226.503863 405.886684 445.543488 345.175318 91.005494 343.209848 274.040143 463.941807 85.000000 124.903963 150.332964 362.144999 445.112345 328.469177 
212.000000 8.000000 2.000000 a 113.951744 248.973894 145.000000 312.161817 151.818971 252.685575 319.000000 292.801981 174.897113 309.919344 108.452755 160.962729 113.282832 309.945156 174.951422 76.400262 187.523332 251.924592 184.764715 304.139771 141.421356 368.897005 142.688472 296.249895 161.012422 242.258127 37.107951 125.159898 133.225373 91.000000 267.478971 81.498466 80.062476 339.235906 79.906195 184.621234 79.101201 242.621104 293.993197 231.389282 99.624294 178.997207 148.677503 311.488363 160.162418 104.479663 38.897301 237.427884 282.899275 265.045279 
228.000000 9.000000 3.000000 a 207.858125 318.901239 122.331517 441.367194 260.094214 329.969696 435.638612 422.365955 146.249786 328.876877 235.567400 140.032139 242.637590 438.310392 297.015151 199.642180 313.982484 264.756492 127.781063 425.183490 234.200769 483.595906 154.175225 423.738127 185.162091 289.981034 163.085867 18.027756 249.897979 167.334993 333.294164 124.787820 95.078915 444.838173 203.482186 275.036361 166.243797 367.049043 377.043764 350.515335 30.413813 302.274709 199.461776 441.163235 30.364453 151.611345 137.014598 361.112171 408.414006 243.821656 
200.000000 4.000000 4.000000 a 312.622776 205.231577 352.625864 102.649890 283.028267 185.348321 37.000000 151.608047 454.053962 335.919633 186.724396 353.390719 207.347534 83.438600 231.041122 258.234390 111.772090 326.879183 397.665689 11.180340 317.546847 84.433406 409.453294 65.604878 298.390684 257.147817 273.979926 403.555448 164.210231 333.929633 216.667949 357.863102 369.153085 97.862148 213.572002 171.746907 251.795552 56.364883 169.811660 248.050398 386.524255 114.560028 261.818640 120.253898 443.305764 364.560009 310.845621 220.581051 41.231056 388.155897 
178.000000 3.000000 4.000000 a 265.135814 145.437272 275.443279 152.856142 247.396443 128.600156 94.641429 181.320159 393.935274 275.045451 125.674182 276.248077 158.685223 138.050715 205.650188 204.120063 72.006944 257.390754 320.477768 88.232647 275.862284 143.544418 352.414529 117.881296 221.903132 191.481070 211.804155 329.577002 92.655275 279.028672 161.012422 296.705241 304.200592 119.218287 146.208755 97.185390 176.490793 57.801384 132.075736 239.409691 314.459854 58.549125 185.129684 165.484138 369.670123 307.688154 248.268000 217.494828 91.411159 315.729314 
128.000000 9.000000 4.000000 a 166.027106 174.045971 142.593829 266.655208 182.857868 175.823775 249.569630 261.489962 253.331798 253.160028 66.708320 151.211772 103.174609 260.249880 180.421728 104.656581 134.733069 202.943342 189.446562 239.250914 189.081993 298.062074 219.672483 243.680118 121.494856 176.173210 83.600239 175.445148 64.007812 158.256122 193.258894 158.902486 158.094908 263.600076 35.846897 106.512910 30.413813 183.469343 215.870331 236.611496 159.552499 118.928550 94.175368 270.253585 215.230109 178.717654 111.879399 232.594067 225.441788 234.087590 
189.000000 5.000000 4.000000 a 94.429868 372.292895 235.688354 383.255789 148.946299 375.616826 421.612381 346.953887 64.536811 426.051640 207.663189 254.466108 185.043238 386.662644 202.588252 133.060137 279.401145 364.856136 260.415053 401.004988 111.400180 472.382260 19.646883 377.605614 273.826587 363.792523 122.560189 156.400128 245.489307 58.796258 390.800461 42.000000 59.059292 451.345765 190.779978 306.537110 202.061872 335.828825 415.781192 243.961062 126.668860 278.887074 268.464150 377.021220 165.124196 26.870058 88.526832 263.503321 371.303111 364.506516 
195.000000 3.000000 3.000000 a 385.188266 109.329776 180.510388 402.782820 403.886123 129.988461 307.883095 426.588795 430.910664 31.764760 271.597128 164.000000 317.345238 387.459675 393.411998 325.969324 293.993197 40.706265 193.940713 322.818835 409.659615 333.121599 413.319489 367.212473 122.588743 58.600341 299.933326 284.548766 232.000000 369.380563 102.019606 354.464385 339.554119 270.739727 253.239018 160.605106 203.273215 307.258849 163.110392 445.513187 295.137256 270.142555 130.545011 415.193931 316.393742 381.283359 317.502756 434.010369 339.948526 101.607086 
160.000000 5.000000 1.000000 a 229.314195 111.615411 190.065778 225.621364 229.976086 106.301458 177.259696 238.438671 333.510120 222.396043 89.844310 191.230228 136.356151 214.233517 206.828431 164.246766 102.883429 189.620674 235.261557 173.611636 247.487373 223.080703 297.674319 195.023076 139.014388 136.488095 156.706732 248.927700 43.462628 230.956706 131.472431 237.806644 238.872351 183.741666 89.358827 36.674242 95.482983 131.015266 139.434572 255.344865 237.118114 79.309520 102.004902 234.360833 289.278413 255.001961 189.560017 241.830519 171.353436 240.601330 
111.000000 3.000000 3.000000 a 223.087427 449.494160 457.683297 224.223103 169.852878 437.676821 346.135811 164.438438 361.842507 564.978761 265.497646 470.916128 223.825825 241.828452 146.986394 241.234326 250.459578 524.824733 500.692520 312.707531 199.090432 383.541393 315.063486 251.047804 448.475194 479.520594 280.317677 432.261495 302.671439 264.915081 468.207219 309.012945 337.817998 407.561038 291.218131 378.359617 355.012676 269.462428 449.253826 90.443352 401.263006 272.618781 418.803056 206.038831 457.223140 289.006920 295.177912 101.828287 269.467994 561.079317 
112.000000 1.000000 3.000000 a 270.416346 93.509358 230.358416 208.405854 264.047344 79.812280 135.679770 233.257369 381.708004 220.676233 127.003937 228.816520 170.179317 193.829822 232.215417 205.788727 107.615055 201.638290 273.543415 138.610966 286.111866 178.238604 344.702771 173.666347 171.478862 136.165341 202.881739 296.420310 81.614950 275.951083 111.072049 285.464534 287.558690 135.148067 134.629120 43.737855 143.753261 112.538882 99.297533 274.388411 285.700893 85.440037 135.665029 220.465417 336.772921 301.370204 236.915597 256.281096 147.091808 260.693306 
211.000000 8.000000 1.000000 a 168.074388 319.530906 141.792101 413.556526 221.199005 328.271229 418.273834 390.800461 116.914499 345.244841 210.622886 160.639348 211.567956 411.895618 260.768096 165.326949 289.698119 281.513765 157.943028 405.123438 194.030925 467.440905 116.516093 398.421887 195.501918 297.134650 131.244047 50.209561 231.406569 127.094453 335.524962 84.154620 54.424259 433.073897 180.800996 267.710665 155.618122 344.501089 373.887684 313.006390 23.086793 280.413980 202.526541 412.059462 66.483081 110.941426 101.118742 325.041536 385.019480 269.163519 
151.000000 9.000000 2.000000 a 143.125819 215.573653 123.907223 304.803215 174.289988 220.077259 298.303537 291.988013 206.196508 276.568256 98.234414 137.713471 117.239072 300.482945 187.968082 94.302704 175.308300 219.604189 167.600716 286.323244 169.623112 347.276547 176.283862 285.236744 129.541499 208.031248 58.728187 130.387883 111.521298 124.277914 233.856794 115.108644 110.063618 313.600064 64.845971 153.443801 45.000000 227.774011 262.488095 245.326313 111.251966 162.984662 114.843372 306.197649 169.068034 138.708327 72.780492 247.386338 269.228527 236.932480 
174.000000 9.000000 3.000000 a 149.856598 187.109594 178.361991 234.079046 156.974520 184.878338 229.863003 226.108381 258.961387 279.692688 30.594117 187.320581 70.035705 228.962879 147.410990 85.000000 103.464970 233.349523 225.077764 215.678001 169.546454 279.780271 220.168118 213.377600 155.913438 198.647930 78.108898 202.358593 45.177428 151.251446 206.951685 161.913557 167.630546 252.049598 9.848858 113.635382 66.490601 155.913438 219.513098 202.625270 182.649938 91.268834 125.876924 236.603043 241.051862 176.527618 113.159180 197.246039 197.246039 268.404545 
152.000000 2.000000 2.000000 a 267.151642 149.576068 62.481997 365.395676 295.574018 164.793811 311.178405 371.076811 300.539515 159.965621 183.480244 54.918121 221.963961 355.000000 298.986622 214.979069 236.457184 98.371744 99.362971 312.621177 293.600068 351.639019 283.853836 336.072909 8.246211 113.463651 182.428068 159.398871 160.822884 245.523930 160.897483 226.152603 209.659247 300.166620 154.693245 132.189258 91.214034 272.117622 212.849712 355.418064 166.090337 215.027905 40.024992 372.647286 195.256242 254.001968 193.204555 351.091156 312.705932 115.602768 
246.000000 7.000000 5.000000 a 418.206887 194.041233 174.244082 480.080202 446.480683 215.020929 392.562097 498.314158 432.301978 81.987804 326.217719 155.270731 368.620401 465.929179 446.085194 366.001366 362.906324 70.837843 165.245272 405.478729 444.846041 419.577168 424.499706 445.784701 146.577624 139.517024 333.743914 273.248971 293.470612 394.645410 188.597455 370.753287 350.077134 357.526223 301.424949 233.060078 241.149331 383.803335 250.055994 501.243454 292.323451 339.328749 172.884354 491.114040 296.546792 399.824962 342.603269 493.708416 419.141981 47.169906 
107.000000 9.000000 3.000000 a 283.211935 250.954179 368.972899 46.141088 245.652193 232.594067 94.556861 91.285267 433.457034 381.580922 178.011236 372.742538 184.783657 30.594117 189.362087 237.118114 99.403219 364.773903 415.523766 61.032778 283.340784 133.015037 386.339229 11.045361 323.006192 298.872883 260.516794 405.083942 170.836179 310.517310 264.886768 340.364510 356.005618 157.990506 209.973808 203.393707 260.486084 53.037722 224.450440 196.471372 384.157520 114.236597 286.015734 61.619802 443.434324 342.265978 296.400067 167.505224 19.849433 421.882685 
260.000000 8.000000 5.000000 a 222.685877 414.931320 222.299348 497.538943 278.325349 424.473792 512.664608 468.180521 87.664132 428.777331 301.014950 239.676866 293.777126 497.917664 328.249905 242.942380 379.511528 364.683424 222.193609 497.784090 242.396370 562.345979 126.253713 485.979423 284.754280 389.005141 215.872648 118.088950 326.197793 182.002747 430.275493 141.315250 120.739389 529.657436 273.695086 364.780756 252.715255 435.459527 470.510361 373.664288 113.318136 372.542615 296.467536 493.944329 91.082380 152.970585 180.313616 391.203272 474.843132 340.154377 
173.000000 7.000000 4.000000 a 173.118457 379.606375 391.448592 179.738699 117.388245 368.321870 289.357910 121.433109 324.499615 494.268146 195.205020 403.910881 154.828938 194.486503 80.006250 178.101095 181.835090 454.318170 435.496269 256.632032 154.120083 331.001511 275.443279 199.361481 379.056724 408.864281 217.366051 374.144357 231.948270 214.704448 398.497177 258.118190 285.343652 347.936776 221.923410 307.938306 286.356421 206.649462 381.922767 23.194827 344.061041 203.324863 348.749194 163.884105 402.210144 242.596373 236.845941 33.241540 213.337760 491.629942 
187.000000 1.000000 1.000000 a 221.449769 378.302789 418.896169 138.000000 166.355042 364.522976 260.311352 78.025637 376.077120 500.068995 213.178329 429.588175 180.825883 155.322246 117.613775 215.002326 178.331153 466.086902 464.492196 226.808289 205.234013 296.984848 326.638944 164.575211 397.917077 413.864712 253.239018 413.010896 241.813978 261.938924 396.103522 304.179223 329.965150 322.567822 244.131112 311.133412 309.273342 187.664594 371.194019 72.470684 384.130186 201.883630 364.927390 120.149906 443.649637 291.370898 277.521170 53.338541 183.806964 509.385905 
223.000000 1.000000 2.000000 a 299.883311 229.993478 363.373087 72.124892 266.030073 210.772389 64.560050 121.334249 446.286903 360.966757 183.600109 365.644636 197.433533 53.263496 211.558503 249.479458 104.995238 348.208271 409.298180 31.048349 302.332598 105.385008 400.281151 34.828150 313.081459 280.146390 269.235956 406.988943 168.617911 324.373242 242.668498 351.438473 365.000000 127.953116 213.377600 189.214164 258.193726 49.396356 198.668065 223.378602 387.930406 114.127122 276.134025 89.498603 446.131147 355.686660 305.797318 195.010256 13.152946 407.592934 
239.000000 5.000000 2.000000 a 314.992063 123.357205 293.001706 180.421728 299.202273 103.077641 77.317527 219.754408 437.860708 253.568531 173.000000 290.492685 209.308385 162.533074 257.637342 252.606413 123.911259 248.050398 335.268549 90.520716 326.840940 115.394974 398.252433 142.874070 231.624696 176.725776 256.394228 359.680414 133.723596 326.386274 134.082064 340.777053 345.579224 73.498299 188.732615 104.651804 206.480023 96.798760 89.938868 289.841336 348.080450 110.113578 196.977156 196.163197 400.041248 353.939260 292.030820 266.737699 115.208507 311.579845 
236.000000 1.000000 5.000000 a 265.188612 285.716643 383.255789 27.802878 221.812984 268.477187 138.235307 47.423623 419.977380 415.075897 180.941980 389.020565 176.298043 36.055513 163.444180 227.264163 109.000000 393.405643 430.227847 104.752088 261.323554 174.152232 371.496972 41.593269 343.576775 330.637263 255.853474 408.417678 185.043238 296.730517 300.926901 330.605505 349.284984 201.853908 214.767316 231.199048 271.891522 82.492424 264.518430 160.589539 384.974025 129.653384 307.026058 28.017851 445.270704 328.746103 289.946547 130.728727 63.134776 447.259433 
142.000000 6.000000 2.000000 a 249.513527 505.222723 497.538943 284.015845 202.141040 494.263088 406.773893 224.510579 371.000000 617.381568 315.372795 511.981445 271.154937 301.920519 193.829822 280.066064 307.865230 574.421448 538.590754 373.343006 222.697104 443.933554 327.807871 311.541330 494.603882 532.673446 317.907219 461.381621 355.332239 289.560011 524.245172 332.776201 362.403090 468.124983 338.196688 432.833686 400.031249 329.473823 507.710547 141.650980 429.754581 329.341768 466.884354 265.610617 482.420978 309.079278 327.085616 158.902486 330.106044 606.845120 
269.000000 4.000000 4.000000 a 225.754291 401.758634 434.885042 161.310260 170.038231 388.329757 285.161358 101.710373 377.270460 522.394487 231.663549 446.256653 196.389918 179.120071 127.475488 226.276380 201.536597 487.031826 479.941663 251.644591 207.002415 321.236673 328.283414 189.066126 416.803311 436.248782 265.188612 423.798301 262.665186 267.164743 419.748734 310.335303 337.164648 347.575891 261.467015 333.677988 326.638944 212.614675 395.800455 74.813100 394.214409 224.877745 384.532183 143.055933 453.001104 295.367568 287.062711 65.253352 208.734281 528.765544 
203.000000 1.000000 4.000000 a 268.493948 72.993150 154.262763 284.964910 279.078842 80.112421 217.082933 301.086366 347.713963 161.276161 142.302495 149.883288 188.904738 272.106597 263.643699 205.234013 165.918655 126.625432 194.550765 221.199005 290.303290 256.462473 318.904374 252.301407 90.249654 77.103826 186.818093 234.957443 101.118742 261.199158 91.197588 257.701378 251.431899 205.321699 128.875909 39.051248 98.005102 188.904738 126.570139 314.841230 231.216349 142.225174 56.859476 294.959319 274.401166 280.000000 213.009389 303.117139 226.883230 180.346888 
212.000000 1.000000 5.000000 a 273.309349 181.727818 33.526109 395.001266 307.050484 197.739728 344.702771 397.705922 288.027776 174.071824 205.934456 21.260292 240.682363 385.332324 316.362134 226.812698 264.612925 110.004545 65.368188 345.392530 300.660939 385.530803 276.739950 366.721966 40.000000 141.315250 191.175312 137.186005 188.520556 247.163913 191.801981 222.281353 202.141040 334.149667 174.751252 165.849329 109.562767 302.952141 245.660335 373.483601 149.405489 244.051224 73.389373 401.449872 169.920570 251.366267 195.601636 371.468707 343.995640 106.018866 
171.000000 2.000000 4.000000 a 112.147225 232.124966 217.441946 216.094887 109.201648 227.560981 240.301893 196.461192 244.264201 329.229403 32.062439 228.711609 21.470911 215.081380 98.600203 49.769469 98.493655 282.856854 262.937255 219.893156 127.192767 291.075592 200.024998 202.765875 203.334699 247.477272 67.416615 221.415898 78.771822 125.239770 252.049598 148.553021 162.800491 273.578142 46.227697 157.280005 110.059075 155.128979 257.561643 154.870914 196.451012 97.948966 174.897113 214.785940 257.001946 155.080624 103.232747 152.505738 192.587642 315.919293 
195.000000 8.000000 5.000000 a 303.389189 98.030607 265.067916 200.192407 292.494444 78.790862 105.929222 234.232790 419.348304 228.980349 159.812390 262.131646 200.022499 183.357574 255.440795 239.534966 123.713378 220.327030 306.894119 116.400172 317.354691 143.781084 381.473459 163.248277 202.970441 149.776500 239.409691 334.480194 116.760439 311.449835 110.909873 322.769267 325.650119 96.876210 171.128607 76.661594 182.222392 109.713263 77.524190 292.473930 324.205182 105.536723 168.620877 214.683488 374.809285 337.736584 274.089401 271.459021 135.506457 283.254303 
176.000000 2.000000 4.000000 a 142.863571 193.662077 172.626765 242.787973 153.323188 192.314846 240.482848 233.002146 248.652368 282.349075 37.054015 182.428068 70.455660 238.136515 147.800541 78.587531 112.924754 234.232790 219.063918 226.141549 163.600122 290.410055 210.297408 222.847481 154.207652 202.627737 68.410526 192.769292 55.569776 142.274383 213.410403 151.700363 157.050947 262.457616 3.162278 121.103262 62.032250 166.012048 228.063588 203.867604 172.539850 101.513546 125.896783 244.806046 231.224999 166.904164 102.956301 200.032497 207.183494 266.810794 
122.000000 7.000000 4.000000 a 290.263673 221.165097 33.120990 434.259139 329.261294 238.033611 386.793226 434.337426 281.767635 195.028203 240.066657 23.086793 271.007380 425.205833 344.548981 250.689050 303.006601 132.196823 24.083189 387.093012 318.172909 427.673941 277.823685 406.873445 81.492331 176.954796 212.849712 121.823643 227.008810 259.555389 229.819494 228.805594 204.792578 375.985372 207.395757 207.992788 143.027969 343.338026 285.660638 401.931586 142.088001 283.213700 115.520561 440.010227 147.275253 258.600077 210.354463 402.246193 384.668689 104.560987 
255.000000 1.000000 2.000000 a 134.082064 396.415186 376.324328 232.813230 82.219219 387.800206 332.150568 176.663522 275.535842 501.953185 199.401605 390.717289 153.388396 245.880052 78.771822 158.808060 208.585714 456.207190 417.699653 300.665928 110.004545 376.820912 227.721321 248.090709 374.422222 418.724253 196.824795 344.400929 242.528349 175.823775 416.004808 219.911346 248.815192 386.874657 219.221349 322.121095 279.635477 244.401309 407.653039 49.335586 313.154914 226.735529 347.899411 218.233820 368.435883 200.022499 208.086520 79.378838 258.311827 486.333219 
131.000000 3.000000 4.000000 a 167.800477 203.273215 99.161484 320.301421 199.902476 209.976189 303.804213 311.102877 217.671771 254.907826 115.351636 112.378824 139.946418 314.696679 212.461761 119.854078 189.010582 196.473917 143.840189 294.477503 194.617574 351.592093 192.260240 298.529731 105.588825 190.213038 84.148678 120.370262 119.419429 146.413797 220.655841 131.855982 121.696343 313.829572 81.221918 147.353317 35.227830 238.849325 254.472002 269.846253 106.962610 174.183811 94.894678 322.894720 160.424437 157.708592 94.154129 270.880047 280.777492 211.567956 
Type de surveillance de chaque endroit(target):tab[nombre de target]
a a a a a a a a a a a a a a a a a a a a a a a a a a a a a a a a a a a a a a a a a a a a a a a a a a 