Nombre des capteurs:
100
Nombre des targets:
30
Nombre de type de surveillance:
1

Caracteristiques:
107.000000 7.000000 3.000000 a 394.045683 171.819673 488.942737 421.370383 323.310996 370.919129 171.965113 188.321534 277.221933 224.902201 394.568118 178.518907 300.106648 179.368336 381.576991 232.997854 335.335653 94.826157 223.986607 278.454664 299.643121 176.045449 326.013803 464.088354 324.154284 318.265612 245.904453 189.380569 445.394207 343.351132 
242.000000 7.000000 5.000000 a 275.045451 240.308136 425.018823 339.005900 368.401954 421.868463 199.123078 119.954158 155.364089 150.416090 367.306412 220.292987 182.630775 45.793013 432.902991 197.448728 339.346431 158.145503 294.244796 188.661072 229.538668 72.180330 305.262182 396.020202 332.340187 205.866462 176.207264 277.108282 353.974575 287.617802 
110.000000 2.000000 2.000000 a 448.135024 45.177428 432.467340 403.792026 152.410630 190.394328 112.805142 234.827596 357.604530 256.031248 300.780651 88.543774 366.994550 317.064662 200.179919 209.200860 212.473528 118.511603 44.598206 307.043971 292.740499 268.069021 240.066657 417.306842 198.587512 371.830607 260.249880 3.162278 439.118435 302.200265 
226.000000 5.000000 2.000000 a 172.539850 296.432117 135.148067 66.007575 293.455278 336.251394 233.173755 177.530279 186.123615 141.820309 136.124943 252.160663 163.248277 283.063597 344.053775 136.623570 192.665513 291.290233 313.904444 105.152271 62.128898 217.830209 128.689549 106.301458 199.444228 140.288987 117.324337 340.906145 101.636608 42.801869 
225.000000 3.000000 4.000000 a 310.103209 190.520340 427.762785 350.766304 327.013761 379.427200 158.316139 117.324337 192.374635 153.495928 352.238556 176.229963 216.083317 100.264650 390.462546 181.603965 311.168764 105.848949 245.230504 202.615399 232.744495 92.541882 286.274344 400.622016 302.483057 235.552542 177.530279 224.555116 371.079506 284.481985 
109.000000 7.000000 4.000000 a 215.341589 212.136748 334.480194 251.644591 311.168764 365.246492 152.551631 34.014703 105.603030 59.405387 279.728440 178.216161 122.784364 96.690227 376.017287 114.629839 263.017110 151.168780 259.433999 101.965681 138.657852 22.360680 221.054292 305.865984 258.193726 138.090550 85.211502 257.108926 270.296134 196.697738 
202.000000 1.000000 5.000000 a 407.314375 196.002551 511.566222 441.714840 347.938213 394.981012 197.496835 207.634294 289.027680 244.393126 419.386457 203.960781 313.312943 183.439363 405.571202 256.400078 360.867012 120.353646 247.347933 296.735573 320.663375 189.855208 350.907395 486.235540 349.704161 332.845309 266.326867 211.002370 464.569693 366.110639 
233.000000 5.000000 1.000000 a 167.600716 243.680118 215.678001 137.786066 280.713377 330.600968 176.323566 97.247108 127.475488 61.032778 179.471446 199.551998 114.481440 205.652620 340.036763 79.309520 197.797877 221.652882 272.800293 37.483330 20.591260 137.644470 138.322088 187.211111 199.123078 102.727796 37.696154 290.642392 163.590953 82.873397 
196.000000 9.000000 1.000000 a 81.049368 454.313768 338.212951 238.411409 515.244602 565.404280 388.418589 264.801813 144.086779 244.883646 388.068293 414.400772 132.412235 245.165250 574.811273 306.184585 429.959300 400.835378 494.446155 202.474690 243.821656 245.122418 367.151195 309.000000 432.681176 133.124002 247.503535 501.184597 216.834038 288.480502 
225.000000 7.000000 1.000000 a 318.692642 210.202284 199.203414 204.474937 148.408221 185.827877 171.944759 212.607620 292.412380 195.064092 61.032778 175.573346 280.643902 342.940228 193.002591 132.003788 42.059482 249.609695 202.595656 203.494472 152.279349 268.627996 27.892651 190.821906 52.201533 266.660833 174.287119 242.915623 244.124968 109.786156 
201.000000 8.000000 4.000000 a 361.566038 216.813284 221.488149 241.456000 122.588743 151.211772 191.128229 249.969998 335.049250 235.306184 77.884530 188.957667 323.867257 380.217043 157.063681 169.357610 28.284271 269.016728 198.010101 246.562365 195.724296 306.192750 71.168813 218.403297 41.400483 310.111270 215.696546 242.423184 281.016014 151.604749 
219.000000 9.000000 4.000000 a 336.001488 178.058979 444.299449 370.818015 320.825498 372.086012 155.232084 136.418474 218.826415 173.141561 361.619966 169.852878 242.002066 125.363472 383.063963 193.072525 313.957003 92.070625 232.957078 224.521714 250.928277 118.038129 294.350132 417.972487 304.356699 260.768096 196.010204 208.124962 392.674165 299.701518 
203.000000 4.000000 1.000000 a 321.076315 217.347648 194.579033 203.590275 151.168780 186.775266 179.694185 219.456146 297.405447 201.248602 54.571055 183.098334 285.043856 349.721318 193.600103 138.974818 44.271887 257.390754 208.691159 208.146583 156.217797 275.394263 33.060551 187.243157 55.731499 270.490296 180.069431 249.505511 243.248844 111.211510 
255.000000 6.000000 4.000000 a 455.563387 198.806439 323.519706 345.144897 48.414874 47.127487 207.696895 307.084679 411.526427 303.382597 181.466250 192.398025 405.711720 431.027841 52.354560 233.499465 100.419122 275.278041 156.473640 328.586366 284.112654 360.901649 164.757397 322.490310 95.425364 396.349593 289.580731 203.403540 384.793451 250.415654 
117.000000 2.000000 3.000000 a 359.494089 450.921279 101.138519 204.462711 364.880802 378.297502 406.123134 397.458174 411.825206 364.824615 180.155488 414.131622 385.875628 511.715741 379.890774 333.208643 269.966665 480.370690 441.653711 334.252898 286.220195 444.004504 246.058936 132.280006 283.816842 359.784658 339.064891 483.587634 220.735135 228.127158 
296.000000 1.000000 4.000000 a 195.478899 226.631860 320.494930 234.957443 318.097469 371.974461 164.657220 38.948684 87.817994 50.289164 273.364226 190.685605 103.324731 102.318131 382.608155 114.280357 263.548857 169.387131 272.150694 84.599054 125.801431 32.557641 217.680959 291.331426 259.738330 118.105885 75.239617 272.369235 252.230054 185.930094 
273.000000 2.000000 5.000000 a 18.439089 410.728621 246.245812 146.768525 448.528706 495.827591 342.986880 231.613903 135.823415 202.111355 303.275452 367.729520 108.903627 259.624729 504.528493 250.063992 355.316760 372.263348 443.686826 148.771637 174.522205 232.215417 291.109945 217.002304 359.922214 90.271812 195.563289 458.136443 125.299641 207.735409 
125.000000 4.000000 3.000000 a 143.405021 262.908729 273.001831 181.466250 330.189340 382.523202 196.379734 77.369245 62.297673 52.630789 247.977822 222.265607 60.141500 144.692778 392.593938 117.885538 258.520792 218.048160 302.200265 34.438351 88.073833 88.141931 203.081265 242.695282 257.769277 65.145990 59.933296 310.096759 195.726850 150.615404 
263.000000 7.000000 2.000000 a 355.185867 378.941948 110.145359 197.989899 286.148563 299.482888 339.200531 348.528335 384.443754 319.411960 110.421918 344.522858 361.885341 470.992569 301.303833 276.739950 193.940713 415.616410 366.006831 299.152135 246.050808 399.530975 178.997207 131.867358 207.867746 338.280948 293.846899 409.157671 226.373585 183.698122 
257.000000 4.000000 1.000000 a 499.607846 211.021326 368.490163 391.429432 63.639610 12.529964 233.040769 341.843531 450.799290 341.392736 227.270764 214.021027 446.587058 461.853873 7.000000 271.911750 146.102704 293.339394 161.276161 370.060806 327.502672 393.974618 210.211798 368.285216 140.014285 438.503136 329.370612 205.000000 431.082359 296.057427 
248.000000 7.000000 1.000000 a 536.525861 189.889442 433.655393 444.568330 93.477270 68.593003 232.723011 354.830946 472.448939 362.200221 290.131005 208.722304 472.969344 463.017278 69.921384 296.330896 199.624648 275.862284 134.974072 399.741166 364.551780 401.601793 259.470615 430.081388 189.694491 469.093807 355.225281 167.299133 484.004132 344.026162 
114.000000 6.000000 1.000000 a 143.003496 324.234483 137.829605 45.177428 327.273586 370.303929 259.326050 189.274932 174.865663 152.541798 166.811271 279.723077 148.761554 282.391572 378.112417 161.003106 226.715681 312.553995 344.511248 105.891454 78.917679 222.607278 162.742127 106.677083 233.482333 123.081274 130.633074 369.579491 73.006849 76.837491 
225.000000 7.000000 1.000000 a 237.185581 243.731410 155.666310 128.514591 223.805719 265.966163 186.967912 172.568827 224.020088 144.180443 82.152298 201.246118 207.761883 296.556909 273.766324 104.484449 122.429572 255.806568 253.237043 134.014925 79.025312 224.082574 58.412327 136.312142 129.201393 190.394328 119.037809 285.142070 167.430583 27.586228 
146.000000 3.000000 5.000000 a 438.046801 70.434367 460.844876 417.873187 215.334623 256.320112 119.519873 217.609742 335.858601 246.174735 339.453973 105.688221 350.235635 274.590604 266.311847 216.113396 259.200694 79.404030 107.837841 301.240767 299.060195 237.993697 273.645756 442.001131 245.839378 359.872200 256.826790 65.115282 450.027777 321.566478 
116.000000 2.000000 5.000000 a 387.014212 148.788440 470.978768 406.355755 300.016666 347.869228 149.264865 175.581890 272.264577 211.624668 373.448792 155.206314 293.537050 183.076487 358.559618 214.373506 312.579590 71.693793 201.419959 266.332499 284.073934 170.000000 304.803215 446.768396 301.264004 310.130618 231.320125 168.193341 431.726765 325.382851 
141.000000 6.000000 2.000000 a 114.017543 325.628623 318.070747 217.313138 403.744969 456.426336 261.725047 135.473245 12.806248 123.146255 316.056957 287.897551 32.249031 128.705089 466.588684 191.541118 332.701067 268.328157 369.120577 100.841460 155.261070 112.641023 275.951083 286.722863 332.174653 59.640590 134.331679 371.807746 218.449079 215.188290 
149.000000 6.000000 5.000000 a 271.447969 402.375447 12.369317 115.693561 344.502540 370.049997 349.262079 320.975077 324.678302 286.448948 144.886162 361.680798 298.107363 428.813479 374.156384 265.186727 239.603840 418.669321 403.090561 250.601277 206.480023 363.785651 197.294197 43.657760 252.285552 271.692841 261.137895 440.432742 134.059688 154.486245 
255.000000 7.000000 4.000000 a 255.362487 170.082333 347.414738 273.534276 278.976702 333.024023 114.061387 39.560081 148.922799 76.216796 274.492259 138.798415 164.468842 119.519873 343.960754 103.353761 243.310501 107.935166 219.107280 130.049990 153.323188 55.803226 210.487529 320.655578 236.545979 177.225845 98.412398 214.310522 296.664794 203.823453 
224.000000 4.000000 1.000000 a 380.236768 262.606169 205.827598 246.002033 153.055545 168.181450 238.075618 290.511618 366.649697 272.530732 74.027022 235.849528 352.618774 420.862210 171.268795 209.847564 75.166482 316.006329 240.303974 276.761630 223.181540 346.554469 104.120123 209.403916 87.681241 336.185960 251.007968 285.896835 284.429253 170.299736 
226.000000 3.000000 2.000000 a 237.191905 169.499263 307.247457 236.915597 256.908544 310.909955 104.690019 22.825424 144.360659 45.398238 234.367233 130.862523 152.643375 149.214611 321.622449 63.906181 209.403916 126.570139 212.136748 101.316336 115.039124 76.236474 171.735261 281.016014 204.000000 159.326708 61.846584 216.363121 262.488095 163.027605 
167.000000 5.000000 4.000000 a 271.825312 190.874304 206.155281 181.041432 177.101666 223.557599 137.800581 154.738489 235.017021 136.058811 97.800818 149.452334 225.079986 284.763059 232.361787 75.026662 86.815897 211.066340 199.110522 147.472031 100.124922 210.440015 32.984845 189.169236 88.752465 213.358853 115.524889 231.365512 219.164322 77.491935 
129.000000 1.000000 4.000000 a 91.350972 320.395069 208.556947 108.166538 355.675414 403.853934 252.675681 152.328592 104.847508 118.067777 224.831048 276.702006 77.388630 220.367874 412.819573 157.419821 265.444910 289.836161 351.091156 62.032250 81.320354 170.308544 202.039600 177.191986 269.007435 51.244512 105.990566 367.632969 115.208507 123.648696 
232.000000 6.000000 1.000000 a 541.225461 220.111335 418.083724 438.554444 95.000000 48.373546 254.803846 371.776815 485.519310 375.246586 276.400072 232.658548 483.513185 486.004115 43.011626 307.039085 192.210822 305.655034 166.027106 408.208280 368.647528 421.370383 255.409475 417.426640 184.621234 477.296554 365.568051 203.214173 478.210205 341.263828 
199.000000 7.000000 3.000000 a 467.463368 181.603965 348.104869 364.116740 30.066593 27.802878 199.303788 307.058626 416.425263 306.843608 204.924376 181.176709 412.662089 427.365183 37.589892 237.491052 117.660529 261.919835 135.070352 336.429785 295.025423 359.246434 180.601772 345.508321 109.808925 405.123438 295.203320 180.944743 403.754876 266.450746 
205.000000 5.000000 5.000000 a 108.074049 365.198576 152.777616 50.089919 374.168411 417.306842 298.964881 214.897650 171.405951 178.664490 210.304541 320.663375 142.126704 289.870661 425.089402 200.259831 273.660373 346.467892 388.332332 124.919974 116.249731 238.813735 209.745083 122.188379 280.492424 114.477072 160.701587 411.306455 45.607017 123.846679 
129.000000 8.000000 1.000000 a 230.703273 205.761998 350.178526 268.404545 312.233887 366.350925 149.412182 43.462628 118.270876 74.276510 291.238734 174.416169 137.462722 89.022469 377.222746 123.223374 269.670169 139.942845 254.892134 118.966382 154.175225 20.000000 230.766115 321.822933 264.068173 154.003247 99.904955 249.609695 287.346481 211.021326 
103.000000 6.000000 4.000000 a 235.847408 213.114992 190.790461 150.920509 212.927218 259.624729 153.375357 139.086304 204.518948 113.758516 109.416635 169.578890 192.333044 265.956763 268.404545 68.117545 121.433109 220.145406 227.899100 115.208507 64.884513 192.416216 60.440053 169.640797 124.402572 179.011173 90.094395 256.329866 187.723200 49.091751 
222.000000 4.000000 2.000000 a 10.816654 401.627937 268.793601 167.074834 449.258278 498.080315 334.240931 217.572976 112.538882 191.023559 314.841230 359.580311 88.277970 234.350165 507.158752 245.000000 360.056940 357.962289 437.416278 141.173652 175.285481 212.285186 296.516441 238.757199 363.600055 75.392307 188.063819 449.016703 149.896631 216.011574 
240.000000 7.000000 2.000000 a 302.654919 346.343760 77.388630 147.258277 273.660373 296.622656 300.166620 297.477730 329.369094 267.029961 77.278716 308.650288 306.789830 417.737956 300.408056 229.102597 171.493440 374.432905 340.484948 244.517893 192.005208 347.113814 140.459959 88.600226 184.878338 283.296664 241.298570 380.763706 179.108905 130.176803 
130.000000 2.000000 4.000000 a 227.378539 176.411451 268.477187 203.735122 238.069318 291.139142 108.632408 53.851648 153.169840 42.941821 194.589311 133.281657 153.521985 183.983695 301.469733 28.160256 177.406313 152.318745 210.800854 85.883642 81.394103 109.658561 133.880544 243.115199 173.807365 153.003268 38.910153 223.772206 232.458598 123.405835 
286.000000 5.000000 3.000000 a 241.629882 215.594527 185.520888 150.658554 208.827680 254.558441 157.432525 148.033780 213.122031 122.971541 100.244701 172.539850 200.412075 275.136330 263.138747 75.663730 114.825955 225.842866 228.186327 123.555655 72.090221 201.546521 52.554733 165.423698 118.562220 186.461792 99.297533 258.031006 188.215302 47.381431 
110.000000 5.000000 5.000000 a 334.037423 400.880281 78.587531 176.102243 318.353577 335.049250 356.203593 351.710108 374.759923 320.156212 130.172962 364.049447 350.281316 469.248335 337.431475 285.070167 221.054292 430.767919 392.312376 293.393933 243.016460 399.941246 196.010204 105.304321 234.829726 325.247598 294.350132 433.868644 199.832430 182.857868 
288.000000 7.000000 2.000000 a 408.396866 198.176689 513.483203 443.424176 350.134260 397.141033 199.719804 209.286884 290.006896 246.050808 421.521055 206.196508 314.407379 183.806964 407.726624 258.402786 363.089521 122.588743 249.467433 298.276717 322.443794 191.049732 353.050988 488.108594 351.931812 334.055385 268.061560 213.009389 466.171642 368.046193 
261.000000 7.000000 2.000000 a 408.589036 157.292721 301.529435 308.706981 42.720019 86.683332 156.348969 253.211374 359.167092 250.319795 158.028478 143.568799 354.509520 377.234675 96.020831 180.546393 64.288413 227.431308 125.000000 277.949636 236.129202 306.967425 123.822454 295.670425 53.712196 346.459233 237.491052 171.959298 348.208271 209.153054 
111.000000 7.000000 2.000000 a 166.859222 434.663088 116.468880 72.339477 419.141981 455.632527 371.001348 298.839422 254.876441 262.185049 230.638245 390.370337 225.019999 375.623482 461.910164 273.309349 313.081459 425.396286 450.799290 210.230826 191.770696 325.149197 254.096438 97.200823 322.778562 197.567710 242.051647 479.025052 41.785165 175.328264 
152.000000 6.000000 5.000000 a 291.233583 346.301891 68.425142 135.594985 278.619813 303.295236 298.357169 291.015464 319.695167 259.880742 80.056230 307.782391 296.723777 409.897548 307.405270 224.403654 175.011428 371.748571 342.299576 235.648043 183.806964 339.842611 139.864220 77.466122 188.130274 272.946881 234.093998 381.753847 167.430583 122.641755 
163.000000 5.000000 1.000000 a 497.808196 144.391828 412.388167 414.154561 70.007142 76.380626 187.384631 310.644491 429.498545 319.580976 268.910766 163.082801 431.185575 417.279283 83.737686 255.266527 174.771279 230.375780 89.560036 359.310451 327.024464 356.484221 229.651911 405.878061 163.024538 428.544047 313.984076 125.131930 453.154499 311.789993 
272.000000 4.000000 4.000000 a 494.453233 198.116128 370.341734 389.708866 53.160135 1.000000 221.774660 332.519172 442.944692 333.174129 228.035085 202.200396 439.476962 451.328040 12.041595 264.007576 143.450340 280.862956 148.006757 363.352446 322.034160 384.088531 206.932356 369.001355 136.235091 432.093740 321.908372 191.595929 429.366976 292.837839 
162.000000 1.000000 5.000000 a 429.535796 208.856410 289.032870 313.636733 71.112587 81.743501 206.400097 294.210809 392.506051 286.677519 147.597425 194.997436 384.615392 421.343091 86.162637 217.147415 73.573093 278.928306 173.254149 307.043971 259.855729 349.378019 137.200583 288.591407 72.449983 373.483601 270.691707 220.621848 353.209570 221.650626 
247.000000 2.000000 3.000000 a 400.196202 343.739727 176.980225 249.018072 229.915202 234.691287 315.526544 351.741382 409.703551 328.198111 105.323312 315.382308 391.000000 480.254099 235.104232 273.248971 155.219200 393.620375 321.622449 320.315469 265.181070 406.380364 165.921668 192.481168 168.371613 370.437579 304.164429 367.396244 282.639346 204.120063 
219.000000 5.000000 4.000000 a 101.980390 311.168764 204.384442 105.891454 345.071007 393.223855 243.515913 146.112970 108.240473 111.072049 215.415877 267.329385 82.219219 220.238507 402.190253 147.648231 254.892134 282.347304 341.224266 55.326305 70.724819 167.260276 191.564611 173.118457 258.402786 57.558666 97.493590 358.336434 116.619038 113.885908 
150.000000 5.000000 1.000000 a 379.612961 466.994647 121.840059 225.142177 376.191441 387.020671 423.681484 417.699653 432.844083 385.295990 196.331353 430.967516 406.863614 532.538262 388.063139 352.547869 283.978872 498.503761 456.004386 355.174605 306.894119 464.605209 263.250831 153.075145 297.889241 380.737442 359.517733 498.623104 240.520269 248.394847 
226.000000 6.000000 5.000000 a 368.179304 215.020929 491.614687 415.245710 362.891168 412.752953 201.136769 181.694799 248.805145 217.974769 410.823563 213.243992 274.641585 137.539085 423.618933 242.033056 361.875669 130.980915 269.091063 266.737699 297.042085 153.844077 343.512736 464.760153 351.920446 295.940872 241.853261 238.379949 435.178124 347.634866 
171.000000 5.000000 3.000000 a 347.495324 250.736914 186.010752 216.379297 160.153052 184.678098 218.753286 260.990421 333.839782 241.404225 45.221676 219.754408 319.494914 391.062655 189.409609 180.767807 63.158531 296.804650 235.136131 243.852414 190.065778 316.741219 73.348483 185.593642 77.077883 302.948841 219.276082 278.743610 255.344865 137.233378 
273.000000 1.000000 1.000000 a 301.942047 152.554908 244.368574 220.707952 145.096520 195.064092 105.209315 154.012986 251.461727 144.554488 123.600162 112.924754 245.839378 283.510141 204.685124 75.133215 75.106591 181.958787 158.911925 169.198109 129.556937 210.021427 55.569776 228.632894 70.576200 237.844487 129.468143 191.755052 258.427940 117.153745 
288.000000 4.000000 4.000000 a 213.178329 190.895259 285.954542 212.249853 266.129668 319.631037 124.277914 25.806976 127.283149 20.248457 222.649949 150.206524 131.821849 153.805071 330.106044 59.135438 208.405854 152.397507 230.488611 75.538070 91.416629 79.555012 163.957312 258.884144 204.658252 135.955875 36.769553 238.159610 236.957802 143.683680 
230.000000 5.000000 3.000000 a 488.058398 149.013422 395.545193 400.064995 52.239832 59.816386 185.744448 306.365794 423.491440 313.209195 251.882909 162.640708 423.930419 416.790115 68.264193 247.315588 158.382449 234.480276 95.336247 350.827593 316.412705 353.967513 215.081380 389.755051 147.122398 420.173774 306.205813 135.358783 439.264157 298.357169 
148.000000 5.000000 4.000000 a 316.809091 257.157539 159.840546 184.556224 183.635509 212.849712 217.412051 243.846263 308.318018 221.054292 16.124515 222.191359 292.479059 372.667412 218.277347 165.529454 79.006329 294.496180 248.116908 218.185701 163.517583 298.650297 59.405387 156.543924 92.195445 274.767174 197.608198 289.352726 223.606798 107.563934 
176.000000 9.000000 2.000000 a 337.213582 65.795137 345.953754 302.165518 171.292148 224.396970 3.605551 127.279221 249.897979 145.437272 232.406971 25.612497 257.256681 230.221632 235.440014 101.493842 166.688332 74.652528 107.056060 196.173393 185.431928 168.940818 164.195006 326.216186 155.553849 261.093853 149.485785 113.216607 335.214856 205.360658 
196.000000 1.000000 2.000000 a 391.934944 204.413796 255.409475 275.800653 91.087870 116.361506 189.770915 265.152786 358.420145 254.656632 112.271991 182.849665 349.297867 394.126883 122.188379 186.077941 37.643060 265.843939 177.867929 271.679959 223.188261 321.024921 99.569072 253.102746 41.048752 337.241753 237.200337 224.142812 315.412428 183.534738 
262.000000 2.000000 4.000000 a 436.616537 91.411159 372.065854 362.167089 63.812225 107.689368 124.233651 246.586699 365.603610 255.876924 231.952581 100.960388 367.828765 355.135186 118.376518 192.753729 137.767921 175.025712 44.407207 296.986532 267.551864 292.933440 181.727818 361.795522 124.169239 366.001366 251.143385 91.547802 400.352345 258.681271 
284.000000 3.000000 3.000000 a 473.814310 156.697160 372.033601 380.138133 29.154759 42.720019 184.390889 300.188274 414.468334 304.113466 228.280529 163.355441 413.206970 415.289056 53.150729 236.448726 135.977939 240.208243 106.254412 338.657644 301.439878 349.954283 195.010256 367.164813 125.538839 407.942398 295.203320 150.269757 419.547375 279.546061 
150.000000 1.000000 1.000000 a 365.759484 174.774140 254.544692 260.601228 91.181138 131.244047 153.883072 228.492888 325.170724 219.538152 112.000000 149.013422 317.647603 357.022408 139.344896 150.266430 17.029386 230.867928 155.801155 240.168691 194.427364 284.176002 76.400262 247.648945 5.656854 307.234438 203.334699 199.912481 300.166620 162.265215 
204.000000 7.000000 1.000000 a 39.824616 427.480994 239.209114 143.586211 459.460553 505.641177 359.702655 251.047804 157.892368 220.465417 306.740933 384.079419 130.698125 281.760537 514.067116 265.198039 363.785651 391.492018 458.872531 166.027106 186.954540 253.570503 299.407749 211.149236 369.120577 111.000000 212.313448 474.823125 117.038455 214.597297 
288.000000 5.000000 3.000000 a 249.226804 178.179685 228.868958 184.219977 198.715878 249.128481 116.249731 112.538882 198.640379 95.189285 137.557261 134.003731 191.942700 242.596373 258.768236 33.615473 122.784364 182.082399 197.959592 115.121675 78.230429 168.267644 75.186435 207.480120 121.433109 183.806964 76.922038 222.766694 219.203102 85.906926 
167.000000 2.000000 2.000000 a 247.420694 424.166241 35.355339 100.687636 377.153815 405.408436 367.446595 325.345970 313.682961 289.458114 177.789201 382.039265 285.567855 424.603344 410.007317 277.800288 270.933571 433.170867 429.167799 247.552015 209.954757 363.589054 223.002242 44.643029 282.985865 258.278919 265.149015 464.284396 107.707938 166.688332 
183.000000 2.000000 1.000000 a 70.661163 473.629602 292.479059 200.489401 514.370489 561.506901 406.070191 290.303290 181.397354 263.400835 364.917799 431.189054 159.840546 297.566799 570.140334 314.841230 420.519916 430.642543 508.150568 212.132034 240.360146 283.049466 356.207805 265.746119 425.399812 148.060798 259.140888 521.047023 170.836179 272.001838 
295.000000 7.000000 2.000000 a 441.222166 123.761868 355.825800 355.077456 29.681644 77.006493 146.891116 262.967679 378.308076 267.925363 213.150182 126.396202 377.943117 377.669167 88.000000 201.159141 118.207445 205.078034 78.492038 304.322198 269.557044 312.385979 170.762994 348.122105 105.683490 373.676331 260.049995 125.419297 394.062178 252.715255 
122.000000 3.000000 1.000000 a 410.435135 43.324358 376.350900 352.800227 109.110036 156.416112 82.200973 208.470621 330.237793 222.791382 243.287895 56.603887 335.483234 309.932251 167.200478 166.412139 155.193428 126.003968 27.294688 269.057615 247.347933 250.912335 183.575598 362.233350 141.354165 336.657096 222.157602 60.745370 389.308361 249.929990 
183.000000 8.000000 4.000000 a 179.334882 303.059400 123.069086 60.016664 294.124123 335.600954 240.750909 189.023808 197.699267 153.525242 129.711218 259.001930 174.347354 295.269369 343.118055 145.344419 191.637679 300.567796 318.698917 117.345643 73.600272 229.897803 128.413395 94.493386 199.160739 150.850920 128.809938 346.975503 97.739450 44.011362 
157.000000 5.000000 1.000000 a 322.262316 336.435729 101.833197 168.908259 255.007843 275.347054 294.028910 301.837705 342.299576 273.250801 65.764732 300.536188 321.024921 425.229350 278.686203 229.732453 155.913438 369.855377 327.061156 255.409475 201.457191 353.305817 133.454112 113.070774 169.649639 298.543129 247.814447 368.765508 202.141040 138.827231 
102.000000 5.000000 3.000000 a 119.620232 285.973775 224.116041 130.230565 329.631613 379.423247 218.194867 116.619038 92.417531 82.024387 216.834038 242.668498 72.062473 195.207582 388.803292 125.095963 245.122418 253.789283 318.523155 26.000000 59.236813 138.798415 183.847763 193.341666 247.129521 55.154329 70.837843 333.325667 144.903416 115.069544 
136.000000 6.000000 4.000000 a 520.877145 217.919710 391.637588 414.391120 78.924014 25.806976 245.790561 358.407589 469.434767 359.577530 250.529439 225.282045 466.086902 476.119733 17.204651 290.511618 168.668314 302.081115 165.737745 389.979487 348.518292 409.542428 232.551070 391.541824 162.052461 458.713418 348.485294 206.828431 454.049557 318.454078 
162.000000 2.000000 4.000000 a 130.249760 303.323260 316.056957 217.623528 383.959633 436.946221 239.718585 113.278418 11.180340 102.956301 304.277834 265.887194 38.483763 115.836091 447.213595 172.235304 315.830651 245.977641 347.195910 88.204308 143.349224 91.219515 260.783435 284.908757 314.682380 64.637450 116.387285 349.425242 222.793626 204.921936 
221.000000 4.000000 3.000000 a 211.683726 347.867791 63.031738 55.362442 315.087289 349.744192 289.499568 248.646335 252.115053 213.459598 124.201449 305.045898 226.490618 354.611055 355.787858 198.881874 208.355465 354.302131 356.454766 176.400113 133.416641 289.968964 152.777616 34.985711 218.837840 200.860648 188.501989 389.328910 89.587946 87.931792 
168.000000 8.000000 1.000000 a 187.427319 223.215143 224.450440 153.160047 262.375685 312.947280 155.977562 86.452299 138.293167 53.009433 173.968388 179.025138 128.860390 204.088216 322.567822 58.694122 183.174780 203.541151 252.232036 51.478151 30.675723 132.924791 126.435754 197.273921 183.480244 120.000000 27.202941 270.118493 181.220860 84.314886 
201.000000 5.000000 5.000000 a 417.258912 296.298836 222.265607 276.524863 171.093542 172.742583 277.317508 333.901183 408.770107 315.838566 108.632408 273.001831 393.909888 464.262857 173.072239 253.213349 114.127122 354.746388 268.426899 318.713037 264.599698 389.960254 147.410990 231.354706 125.095963 376.595273 294.108823 315.220558 313.600064 209.353768 
277.000000 3.000000 4.000000 a 66.730802 336.435729 239.820766 137.382677 383.172285 432.601433 268.799182 157.003185 80.056230 127.129855 259.563094 293.846899 50.209561 202.711618 441.861969 178.216161 296.521500 297.511344 371.000000 74.793048 110.385687 162.975458 233.944438 208.463426 299.260756 22.803509 121.803120 383.859349 136.780847 157.965186 
151.000000 4.000000 5.000000 a 81.541401 321.547819 247.135590 146.123236 372.844472 423.001182 254.064952 140.427917 67.475922 111.427106 257.287777 279.342084 38.948684 187.771137 432.453466 165.423698 289.000000 281.049818 357.229618 61.220911 102.883429 146.112970 227.437904 215.761442 291.034362 13.038405 107.898100 368.957992 149.214611 155.193428 
157.000000 6.000000 1.000000 a 33.421550 373.048254 236.516384 133.506554 413.658071 461.815981 305.314592 194.648401 107.354553 164.560019 276.812211 330.103014 78.185676 232.228336 470.744092 212.849712 322.832774 335.167122 406.340990 111.085553 139.301831 198.456544 259.059839 205.827598 326.718533 55.443665 157.917700 420.459273 122.102416 177.991573 
230.000000 5.000000 1.000000 a 265.819488 152.793979 343.110769 273.651238 260.863949 314.879342 95.707889 45.398238 163.266653 79.404030 263.529884 120.569482 176.782352 137.480908 325.829710 92.800862 227.899100 95.603347 201.121854 135.133268 151.795916 73.783467 198.133793 317.279057 220.635446 187.480666 98.371744 197.648678 298.804284 198.217053 
108.000000 4.000000 1.000000 a 338.740314 144.059016 261.430679 249.899980 108.189648 157.632484 112.893755 186.424247 288.258564 180.249827 127.471565 111.865991 283.176623 314.025477 167.242339 110.367568 50.606324 190.800943 137.713471 206.634944 166.171598 241.671264 69.065187 249.393264 40.804412 275.274409 166.385095 176.646540 288.570615 146.931957 
170.000000 5.000000 5.000000 a 43.011626 387.195041 216.335388 115.017390 418.057412 464.569693 319.452657 214.525057 134.647688 182.321145 269.699833 343.547668 105.118980 259.393523 473.097242 224.129427 323.233662 354.132743 417.698456 126.905477 145.340978 222.804847 258.907319 186.386695 328.246858 80.653580 172.409396 434.457133 98.030607 174.837067 
135.000000 8.000000 4.000000 a 233.070805 195.345847 342.147629 262.733705 299.446155 353.566118 137.557261 32.449961 123.975804 66.219333 279.732015 162.828130 140.918416 102.004902 364.424203 110.860272 256.780062 132.823191 243.655494 114.825955 146.219014 31.780497 218.579505 314.229216 251.097591 155.463822 91.285267 239.835360 283.185452 201.534116 
261.000000 6.000000 5.000000 a 122.004098 443.906522 168.291414 96.674712 446.153561 486.497688 377.736681 289.637705 224.839943 254.232177 267.994403 399.361991 195.000000 349.084517 493.592950 279.028672 342.527371 424.057779 466.082611 198.841646 195.020512 307.065140 280.232047 145.413204 350.754900 169.068034 238.033611 489.902031 57.314920 195.880065 
166.000000 9.000000 3.000000 a 345.071007 168.961534 447.102896 375.682046 313.636733 364.396762 149.913308 141.509717 228.600087 178.272264 360.945979 163.085867 251.161303 137.306227 375.341178 193.932978 310.412629 83.150466 223.758799 230.766115 254.950976 127.098387 293.211528 421.245771 300.443006 269.267525 200.392116 197.648678 398.459534 302.026489 
271.000000 5.000000 4.000000 a 386.870779 214.133136 505.683696 431.128751 364.188138 412.952782 206.322563 196.977156 267.606054 233.529441 421.113999 216.314586 293.218349 156.518370 423.716887 253.899586 368.647528 132.698907 267.269527 283.386662 311.969550 171.723615 353.281757 479.262976 358.219207 314.213303 256.908544 233.944438 451.846213 361.088632 
172.000000 6.000000 2.000000 a 61.846584 459.709691 306.320094 209.847564 508.520403 557.000898 392.587570 273.386174 159.477271 248.845333 368.213253 418.114817 140.730238 271.974263 565.971731 304.428974 418.001196 412.752953 496.460472 200.419560 234.292552 261.818640 354.090384 278.217541 421.982227 133.093952 247.163913 507.024654 184.133104 271.825312 
247.000000 4.000000 5.000000 a 71.449283 383.271444 316.509084 213.190056 451.159617 502.569398 317.970124 193.313217 72.090221 175.413796 341.058646 344.061041 63.031738 181.339461 512.337779 239.726928 371.721670 328.823661 424.646912 138.571281 186.453748 173.657709 311.040190 285.497811 373.021447 72.111026 180.853532 429.944182 203.177263 239.075302 
189.000000 7.000000 5.000000 a 262.885907 289.276684 441.687672 349.313613 414.290961 468.061962 245.782424 151.855194 146.768525 175.692914 398.167050 267.858171 176.502125 24.207437 479.069932 232.398365 378.714932 207.386113 342.982507 202.425295 250.217905 96.462428 339.558537 411.534932 372.710343 202.785601 200.942778 326.352570 359.050136 311.353497 
296.000000 1.000000 4.000000 a 531.415092 224.321198 401.568176 424.948232 88.566359 36.235342 254.169235 367.865465 479.426741 369.476657 260.756591 233.205918 476.287728 484.830898 27.802878 300.536188 179.287479 309.001618 171.417619 400.281151 359.026461 418.686040 243.181003 401.741210 172.678893 469.068225 358.615393 211.284169 464.605209 329.083576 
144.000000 5.000000 1.000000 a 216.104142 272.919402 388.208707 295.570635 384.069004 438.187175 220.229426 109.041277 97.082439 126.846364 349.864259 244.626246 125.924581 29.732137 449.054562 189.169236 338.001479 198.698264 323.989197 149.030198 198.133793 53.600373 294.159821 357.951114 333.294164 151.182010 151.168780 314.534577 305.831653 259.955765 
227.000000 8.000000 3.000000 a 381.032807 421.734514 124.615408 223.080703 323.987654 333.150116 382.604234 389.683205 419.440103 359.634537 153.837577 387.743472 395.588170 510.365555 334.001497 319.214661 235.567400 459.027232 407.416249 336.310868 284.450347 439.738559 222.407284 152.210381 249.483466 370.951479 333.923644 451.128585 246.483265 222.827287 
247.000000 3.000000 2.000000 a 302.001656 383.631333 51.107729 144.000000 312.462798 334.200539 335.417650 323.233662 342.597431 290.833286 116.107709 345.079701 317.907219 438.736823 337.615166 259.416653 210.535033 408.344218 379.094975 262.122109 212.727525 370.255317 177.200451 74.330344 223.895065 292.769534 265.047166 418.896169 169.248338 153.912313 
231.000000 8.000000 2.000000 a 351.069794 111.462998 417.311634 356.349547 256.007812 306.471858 96.176920 132.185476 242.392244 166.147525 318.248331 106.230881 259.788375 176.819117 317.403529 160.555286 259.306768 25.495098 166.373075 222.056299 233.828997 141.767415 249.617708 393.776586 248.455227 272.904745 183.152942 143.600139 383.627423 271.911750 
295.000000 5.000000 5.000000 a 283.520722 131.552271 346.255686 282.001773 242.491237 296.339333 75.392307 62.968246 183.619171 93.343452 258.402786 99.764723 195.979591 156.208194 307.332068 90.906545 215.800834 78.638413 180.005555 149.335193 159.480406 94.868330 191.376592 321.599129 207.624661 205.272989 108.779594 176.581426 309.114865 200.663898 
198.000000 4.000000 5.000000 a 544.712768 186.123615 449.374009 457.148772 106.892469 87.664132 233.692105 357.794634 476.961214 367.081735 305.659942 208.856410 478.681523 462.329969 89.493016 302.654919 213.770905 271.646830 131.552271 406.616527 373.451469 402.889563 272.038600 444.920218 203.184645 475.887592 361.415274 159.201131 496.427235 355.710556 
223.000000 2.000000 2.000000 a 39.051248 423.108733 297.889241 197.022841 476.853227 526.307895 356.265351 235.868607 121.494856 212.325222 345.758586 381.955495 102.883429 236.177899 535.538981 270.083320 389.416230 374.893318 460.921902 165.849329 203.806281 223.787846 326.193194 268.225651 392.577381 97.200823 212.084889 470.340302 177.552809 246.546142 
143.000000 5.000000 2.000000 a 46.669048 420.689910 225.142177 129.541499 448.900880 494.535135 352.956088 247.267062 160.031247 215.557417 293.615395 377.000000 131.734582 284.677010 502.836952 257.390754 352.210165 387.218285 450.834781 160.327789 177.673859 252.907098 287.835022 197.017766 357.840747 109.895405 205.934456 467.936962 103.004854 202.632673 
212.000000 4.000000 3.000000 a 363.859863 150.000000 452.584799 385.659176 298.221394 347.765726 139.978570 153.587109 249.098374 189.907872 359.346629 149.616176 270.351623 162.409975 358.615393 196.697738 302.899323 66.287254 204.244951 244.182309 263.696796 146.812806 290.931263 427.775642 292.181450 287.062711 210.297408 175.353928 410.299890 306.991857 
Type de surveillance de chaque endroit(target):tab[nombre de target]
a a a a a a a a a a a a a a a a a a a a a a a a a a a a a a 