Nombre des capteurs:
150
Nombre des targets:
50
Nombre de type de surveillance:
1

Caracteristiques:
166.000000 3.000000 4.000000 a 413.091999 345.606713 220.581051 382.576790 296.339333 423.930419 232.422030 343.722272 444.325331 484.484262 234.335230 428.841463 117.991525 181.892826 119.816526 59.665736 459.213458 216.566387 349.184765 354.571572 479.001044 364.588809 437.356834 467.017130 398.734247 329.192953 232.245560 244.296950 413.309811 466.901489 215.824002 400.960098 282.179021 379.685396 333.520614 335.089540 509.230792 435.611065 302.557433 196.468827 312.678749 321.711050 473.329695 228.019736 239.927072 300.672579 183.600109 359.302101 436.647455 87.315520 
273.000000 3.000000 3.000000 a 315.558236 189.652313 129.073622 316.185072 174.633903 266.189782 221.882852 210.287898 296.568710 328.434164 229.706334 394.239775 44.294469 70.092796 188.000000 179.075403 383.897122 187.427319 294.838939 199.010050 342.242604 263.387547 316.267292 323.736004 255.837839 177.775139 74.632433 264.327448 386.358642 410.776095 188.403822 285.175385 199.922485 228.659135 308.311531 252.549005 377.327444 327.470609 166.736319 54.000000 161.058995 185.607112 338.119801 178.910592 97.020616 144.138822 184.317661 221.110832 382.655197 80.622577 
291.000000 1.000000 4.000000 a 128.705089 196.229458 300.482945 171.303824 294.294071 197.608198 208.542562 293.593256 134.718224 209.344214 218.194867 272.728803 243.852414 253.671047 282.874530 318.675383 212.981220 179.980555 175.601822 203.855341 149.893295 82.879430 113.070774 145.000000 83.648072 220.730605 168.237927 262.207933 276.703813 258.822333 182.214160 84.172442 98.716767 248.268000 225.641308 108.521887 179.203795 129.340636 40.853396 149.271565 90.609050 29.732137 143.655839 153.561063 223.089668 177.138364 215.872648 288.721319 238.296034 277.362579 
131.000000 3.000000 3.000000 a 45.000000 365.141069 464.331778 69.028979 465.575987 345.891602 228.035085 465.305276 236.966242 324.599754 232.819673 143.027969 383.231001 412.059462 347.332694 403.767260 42.720019 226.152603 107.898100 371.877668 187.066833 91.065910 114.756263 216.529444 205.730406 391.862221 334.320206 260.547500 159.201131 99.201814 227.560981 103.445638 156.540730 415.226444 164.048773 102.122475 177.290722 69.720872 211.227366 299.205615 261.938924 201.419959 178.137587 209.497017 391.219887 349.044410 266.557686 459.654218 92.135769 410.409552 
135.000000 5.000000 5.000000 a 202.543822 264.833910 273.651238 179.270745 305.996732 306.339681 89.269256 328.688302 273.879536 339.649820 98.994949 249.467433 165.918655 215.034881 142.635900 185.539753 253.179778 52.345009 152.541798 274.728957 287.702972 155.080624 233.944438 285.895086 223.002242 272.038600 170.308544 142.126704 241.118228 271.116211 54.230987 195.887723 71.568149 316.537518 163.465593 125.004000 311.481942 226.525937 132.423563 110.639053 175.137089 146.986394 280.492424 34.669872 222.643212 225.399645 77.472576 333.006006 241.867732 187.555325 
113.000000 3.000000 3.000000 a 400.031249 189.156020 36.769553 408.354013 108.171161 278.713114 314.865050 157.470632 343.821174 352.988668 322.200248 488.824099 90.476516 25.942244 261.541584 232.137890 473.329695 281.369863 388.733842 195.645087 401.659059 348.242731 389.354594 376.336286 312.577990 161.616831 113.039816 354.159569 481.178761 503.349779 282.226859 362.630666 292.063349 207.453609 403.112887 343.069964 440.113622 407.235804 238.379949 139.542108 212.339351 255.143097 399.245538 273.724314 75.584390 153.114336 274.344674 174.865663 475.748883 104.000000 
260.000000 6.000000 2.000000 a 177.200451 189.010582 249.545587 192.587642 258.801082 220.336107 170.660482 269.584866 191.107300 252.685575 180.709712 285.408479 178.137587 197.362610 222.703839 253.213349 251.563113 136.132289 182.408881 198.403629 216.944693 125.227792 179.047480 208.038458 141.484982 203.531324 121.823643 225.282045 283.778082 287.067936 138.278704 146.054784 83.725743 242.330353 217.635016 124.843903 247.194256 187.771137 46.043458 86.145226 90.049986 62.936476 211.101871 111.543713 179.449157 156.080108 164.711870 269.534784 261.816730 210.611016 
240.000000 1.000000 2.000000 a 260.679880 97.020616 172.130764 290.193039 162.800491 157.841693 257.815826 169.499263 190.420587 216.933169 267.570551 385.253164 155.206314 134.350288 272.904745 281.113856 342.604729 220.911747 282.391572 107.042048 245.521893 212.037732 237.200337 221.219348 156.460858 104.675690 44.147480 310.357858 383.942704 383.293621 222.766694 214.853438 183.847763 147.979728 316.741219 222.396043 284.015845 260.775766 91.923882 77.878110 56.222771 104.923782 243.100802 200.449495 91.760558 57.280014 238.134416 169.531708 359.435669 191.460179 
204.000000 1.000000 5.000000 a 239.269722 266.016917 444.041665 322.149034 398.005025 185.951607 422.995272 367.077648 96.602277 112.160599 431.956016 414.135244 437.393416 418.284592 504.179532 536.634885 307.040714 398.600050 348.816571 265.092437 87.091905 243.704739 162.505385 76.485293 142.435951 302.001656 329.880281 473.710882 428.509043 367.066751 400.800449 193.705963 311.191260 288.849442 409.542428 291.815010 98.310732 203.931361 239.436839 345.312902 232.312290 221.000000 96.301610 372.413748 363.609681 287.543040 436.371401 350.583799 363.727920 473.600042 
293.000000 7.000000 5.000000 a 400.312378 151.924323 33.837849 418.401721 60.530984 242.392244 341.796723 109.004587 320.505850 319.405698 349.905702 504.971286 130.648383 57.218878 301.517827 277.180447 478.483020 306.493067 402.865983 156.977705 383.631333 349.777072 380.315658 355.035210 295.147421 120.569482 106.437775 385.094794 499.379615 513.414063 307.631273 357.393341 303.710388 162.855764 423.803020 351.300441 423.448934 403.093041 233.053642 152.042757 196.786687 247.606543 382.259074 295.221950 51.419841 123.178732 305.083595 126.589889 487.124214 150.083310 
207.000000 5.000000 5.000000 a 273.766324 442.096143 427.931069 198.600101 474.453370 477.677716 88.277970 502.481840 421.864907 499.385623 78.409183 183.635509 303.151777 369.675533 155.618122 219.237314 265.480696 125.027997 160.552172 451.955750 410.951335 253.160028 339.779340 422.587269 371.948921 449.004454 344.431416 37.576588 162.117242 242.231294 123.178732 303.907881 191.379205 493.906874 105.152271 204.787695 420.519916 310.009677 297.946304 282.688875 348.173807 307.429667 402.124359 147.030609 392.237173 402.647489 117.618026 508.355191 215.406592 306.960910 
250.000000 2.000000 3.000000 a 386.120448 128.693434 57.008771 408.182557 51.662365 219.155196 340.343944 93.171884 299.107004 296.305586 348.833771 497.241390 140.228385 68.883960 308.561177 288.669361 465.966737 304.310696 394.568118 133.719856 363.411612 336.310868 362.829161 334.037423 275.363396 97.416631 94.021274 385.700661 492.659111 502.880702 305.591230 341.316569 294.884723 140.716026 418.600048 340.618555 403.517038 387.232488 217.809550 146.239530 178.263849 231.387122 362.327200 291.233583 36.400549 101.242284 306.066986 108.848519 477.247315 163.713164 
156.000000 5.000000 1.000000 a 139.713994 446.579220 519.065506 82.036577 533.278539 438.310392 217.589062 540.373945 335.049250 422.906609 218.082553 50.219518 420.048807 462.653218 341.211078 404.268475 66.483081 231.905153 101.769347 454.299461 287.174163 168.813507 214.462118 316.291005 299.816611 469.490149 396.137602 229.172424 72.180330 20.396078 232.441390 198.080792 196.697738 498.706326 122.053267 149.913308 275.530398 169.664375 284.871901 349.812807 340.260195 279.866039 278.258872 225.818511 453.715770 423.930419 265.062257 537.398362 12.806248 441.045349 
221.000000 9.000000 1.000000 a 358.620970 41.785165 157.841693 400.705628 94.047860 123.794184 374.585104 65.795137 226.046455 203.226475 384.193961 498.943885 222.171105 162.409975 374.221859 368.133128 444.815692 337.515926 396.913089 40.311289 297.892598 315.241178 316.526460 263.205243 217.368351 13.341664 122.147452 426.141995 499.144268 490.902231 339.284541 304.868824 300.101649 40.311289 434.099067 333.929633 339.001475 350.035712 196.817174 183.068293 141.767415 202.632673 299.040131 317.970124 99.984999 60.745370 351.199374 56.639209 469.200384 252.764713 
185.000000 8.000000 2.000000 a 224.396970 246.164579 422.427509 306.444122 378.132252 169.097605 402.180308 348.749194 73.348483 99.859902 411.254179 400.604543 414.160597 395.739814 481.627449 513.561097 296.057427 377.107412 331.615741 245.735630 72.062473 225.211012 147.105404 54.644304 119.331471 282.214457 307.058626 453.398280 414.135244 356.025280 379.316491 175.960223 290.227497 271.488490 391.945149 272.976189 92.309263 190.168346 216.300717 321.995342 209.172178 197.952014 81.154174 350.844695 341.672358 266.054506 414.502111 332.825780 351.012820 450.352084 
217.000000 5.000000 1.000000 a 287.987847 428.116806 401.606773 218.048160 451.890473 469.707356 80.324343 482.473833 422.692560 496.822906 70.576200 214.841802 275.481397 344.047962 121.605921 184.564352 288.958475 113.282832 178.891028 438.092456 417.968898 261.627598 349.360845 426.498535 372.001344 432.453466 325.677755 27.802878 194.126248 270.675082 111.157546 312.200256 191.449732 478.878899 129.691943 213.824695 430.743543 323.148573 291.796162 263.696796 338.868706 303.160024 409.395896 138.293167 370.741150 387.014212 95.126232 489.532430 242.720003 276.810404 
147.000000 3.000000 4.000000 a 236.934590 264.001894 441.743138 319.756157 396.000000 184.352922 420.229699 365.308089 93.914855 111.085553 429.196924 411.946598 434.719450 415.800433 501.351174 533.821131 305.080317 395.800455 346.301891 263.153947 84.646323 241.080899 160.099969 73.661387 139.628077 300.001667 327.330109 470.975583 426.244062 365.110942 398.001256 191.128229 308.415304 287.210724 407.000000 289.171230 96.690227 201.682919 236.630514 342.585756 229.671505 218.185701 93.861600 369.610606 361.247837 285.259531 433.557378 348.896833 361.610287 470.919314 
237.000000 8.000000 2.000000 a 310.581712 266.311847 199.123078 289.290511 255.642328 334.593784 160.704698 293.170599 341.263828 388.094061 166.424157 350.618026 72.718636 142.621878 105.004762 104.623133 363.880475 132.969921 259.976922 276.081510 372.993298 260.731663 331.217451 362.249914 294.287275 258.491779 150.572242 193.600103 338.746218 379.226845 133.093952 295.169443 181.044193 309.032361 257.934100 235.306184 402.852330 331.108743 197.496835 99.569072 213.845739 216.453228 367.179792 135.665029 180.002778 220.730605 115.312619 304.105245 349.435259 81.301906 
115.000000 9.000000 3.000000 a 377.690349 242.249871 118.376518 369.431996 189.282857 325.419729 251.644591 235.512208 364.516118 392.020408 257.577173 438.369707 27.073973 73.498299 181.430427 149.053682 440.810617 222.265607 343.704815 250.667110 410.907532 325.779066 383.337971 392.237173 324.450304 222.811580 135.207248 284.116173 427.691478 462.231544 222.623000 351.115366 255.225391 272.752635 347.282306 309.476978 445.808255 392.183630 234.968083 121.494856 228.667881 253.970471 406.735786 221.070125 132.483961 198.798893 206.494552 250.856533 433.056578 21.377558 
164.000000 6.000000 4.000000 a 224.200803 97.452553 248.163253 276.448910 217.043774 97.252249 293.736276 203.061567 105.905618 136.499084 303.779525 378.163986 239.985416 218.050453 337.521851 355.950839 311.567007 259.665169 280.558372 103.276328 168.193341 185.569394 178.717654 139.176147 81.608823 128.502918 129.448832 348.462337 382.078526 361.411123 261.818640 168.315181 194.658676 146.102704 327.818547 213.784939 208.626460 212.809774 83.006024 153.456834 38.013156 78.339007 167.529102 234.776489 166.300932 95.900991 287.179386 194.023194 342.476277 276.342179 
271.000000 4.000000 3.000000 a 374.531708 57.384667 193.981958 423.263511 121.671689 106.367288 409.132008 77.781746 222.800359 184.173831 418.896169 523.411884 263.797271 203.297811 414.290961 409.518009 461.841964 372.239170 422.711486 48.764741 296.952858 334.574356 325.213776 260.034613 223.651515 52.886671 161.644672 461.608059 525.120938 510.797416 374.092235 318.311169 328.420462 4.242641 463.341127 357.882662 337.675880 362.082863 220.476756 221.325552 163.710110 223.134489 299.362656 351.511024 141.421356 95.084173 388.185523 59.000000 490.707652 294.307662 
263.000000 5.000000 4.000000 a 41.194660 352.618774 464.663319 101.237345 459.787995 325.614803 254.031494 455.636917 211.539594 298.263306 259.624729 177.124250 391.829044 414.739677 370.000000 423.962262 68.593003 248.243832 138.773196 358.660006 156.160174 93.214806 87.846457 187.970742 185.647515 381.376454 333.001501 290.043100 193.878828 128.471787 249.839949 87.114867 171.058470 400.945133 196.987309 119.100798 143.401534 44.102154 206.613165 303.710388 252.982213 194.139125 147.502542 229.200785 388.753135 340.640573 289.456387 448.519788 125.447200 420.932299 
204.000000 8.000000 3.000000 a 181.333946 207.299301 251.962299 186.461792 268.126836 242.491237 149.120756 282.676494 212.809774 275.506806 159.154013 274.881793 169.578890 197.225759 200.771014 233.565837 250.283839 113.991228 171.944759 216.910120 235.127625 129.259429 192.093727 228.319951 162.689889 219.337639 129.556937 203.553433 271.602651 281.570595 116.107709 157.003185 72.138755 260.249880 202.141040 120.066648 263.592489 196.040812 68.600292 83.671979 111.646764 84.646323 228.844926 90.022219 186.676190 171.816763 141.873183 284.015845 255.049015 200.062490 
247.000000 1.000000 1.000000 a 81.221918 262.727996 395.385887 161.372240 378.831097 228.895173 269.150516 368.571567 115.433964 203.039405 277.346354 258.156929 344.104635 351.745647 365.833295 409.206549 162.926364 250.137962 186.601179 267.800299 75.392307 83.216585 13.601471 97.000000 89.872131 293.955779 263.696796 316.810669 270.223981 220.755521 252.210230 32.449961 161.074517 308.475283 247.341869 131.548470 87.965902 53.225934 138.177422 249.579647 171.470114 120.813906 66.309879 225.364150 315.317301 257.235301 290.656154 359.488526 210.867257 377.330094 
124.000000 3.000000 5.000000 a 114.424648 272.330681 332.866340 105.437185 347.276547 287.090578 124.851912 357.928764 221.054292 299.901651 133.689940 196.817174 242.787973 277.497748 222.827287 271.955879 171.711968 104.484449 94.031909 281.156540 216.300717 68.447060 153.052279 223.304725 171.292148 290.241279 209.423017 175.775425 196.104564 200.551739 106.526992 114.477072 16.763055 325.774462 136.132289 40.162171 233.692105 139.645981 110.440029 163.975608 166.973052 113.745330 208.060087 80.454956 266.917590 243.187171 145.426958 357.113427 174.140748 269.295377 
163.000000 8.000000 2.000000 a 95.036835 276.848334 346.953887 93.348808 357.896633 285.411983 139.703257 366.087421 211.740407 293.097253 148.054044 189.678676 260.317114 292.479059 241.505694 291.254185 155.241747 122.065556 88.955045 285.327882 201.695315 49.739320 135.948520 211.206061 163.248277 296.770955 221.144749 188.679623 191.191004 187.723200 124.036285 97.590983 36.138622 330.048481 138.090550 25.495098 217.092146 120.540450 113.595775 178.899413 170.425937 113.600176 193.214906 98.883770 278.772309 250.281841 163.370744 364.232069 162.640708 287.522173 
281.000000 6.000000 5.000000 a 59.682493 287.800278 414.985542 142.618372 401.646611 255.519080 263.964013 393.021628 141.152400 228.359366 271.562148 236.076259 357.358364 369.423876 366.896443 413.483978 137.266165 248.310290 171.397200 293.138193 92.913939 76.837491 18.110770 119.941652 116.275535 318.403832 282.809123 309.027507 249.359179 195.780489 250.281841 33.376639 160.524141 334.260378 232.647802 123.109707 94.578010 27.202941 155.724115 264.047344 193.744677 139.717572 83.725743 224.722051 335.863067 280.472815 289.558284 384.443754 187.451327 389.575410 
148.000000 4.000000 5.000000 a 134.614264 309.919344 352.502482 94.725920 375.133310 329.492033 87.783825 390.160223 264.092787 343.460332 95.482983 169.070991 250.599282 295.000000 199.223493 254.656632 170.355511 77.491935 68.264193 319.075226 255.162693 99.724621 187.544661 264.796148 214.646221 325.259896 236.457184 135.074054 164.295466 186.077941 79.056942 149.803204 39.051248 363.385470 96.135321 54.083269 269.001859 166.147525 150.920509 183.983695 206.421898 156.115342 246.594809 61.000000 292.856620 277.780489 118.680243 390.947567 157.012738 272.591269 
250.000000 5.000000 3.000000 a 492.541369 187.925517 124.257797 522.590662 71.505245 263.615250 459.882594 81.884064 372.323784 342.118401 468.274492 614.479454 248.712686 175.855054 420.195193 391.152144 575.816811 423.968159 511.478250 186.271308 444.020270 445.112345 458.415750 409.498474 361.769263 153.101274 210.109495 504.429381 610.803569 616.387054 425.229350 442.665788 411.661269 161.049682 537.762029 454.714196 485.126788 488.603111 324.427188 265.706605 275.811530 334.822341 444.946064 410.863724 154.029218 188.308258 424.524440 99.005050 591.882590 262.922042 
243.000000 9.000000 4.000000 a 481.231753 207.347534 67.742158 500.201959 76.118329 293.945573 417.910277 120.747671 388.085042 373.376486 425.516157 585.977815 194.239543 126.491106 364.001374 328.975683 560.132127 383.630030 484.195209 209.160226 455.259267 431.056841 457.901736 424.084897 368.306937 171.572142 187.800426 458.248841 579.829285 595.234408 384.610192 436.774541 385.292097 197.959592 503.294149 433.139700 495.827591 482.694520 313.177266 232.948492 272.985348 326.847059 454.739486 374.125647 131.034347 191.366141 378.335830 141.777995 568.862022 202.032176 
176.000000 3.000000 3.000000 a 205.156038 230.586209 403.298897 286.148563 362.084244 159.012578 377.986772 335.179057 50.960769 98.351411 387.118845 382.032721 391.126578 374.722564 456.869785 489.001022 280.166022 352.597504 310.006452 230.982683 55.785303 202.773272 128.003906 30.413813 94.810337 266.582070 285.440011 429.470604 394.792350 339.860265 354.809808 154.353490 265.994361 259.678648 369.943239 250.169942 85.428333 172.235304 191.815015 298.412466 186.681547 173.366663 64.132675 326.308137 322.020186 247.455046 389.852536 320.156212 333.294164 427.235298 
287.000000 1.000000 3.000000 a 336.203807 357.144229 284.344861 291.871547 346.873176 420.048807 132.242202 386.011658 409.859732 466.781533 132.230859 326.534837 158.069605 231.311478 14.422205 54.589376 369.173401 126.146740 255.440795 367.049043 429.057106 293.061427 375.095988 425.230526 359.973610 351.163779 242.425246 137.742513 309.724071 369.541608 124.739729 336.756589 208.002404 401.453609 231.482181 255.196003 453.193116 364.116740 264.440920 186.601179 293.264386 281.655818 422.001185 145.248064 273.065926 311.910243 86.469648 397.283274 339.377371 149.465715 
269.000000 2.000000 1.000000 a 368.392454 289.153938 180.737379 346.590537 250.449596 366.230802 209.995238 294.932196 387.547416 426.517292 214.226516 404.030939 63.245553 133.540256 122.188379 87.051709 421.602894 186.453748 316.284682 298.303537 424.645735 318.234190 386.601862 411.180009 342.778354 274.448538 174.837067 234.360833 390.877219 435.459527 186.252517 351.250623 239.075302 325.246061 309.945156 293.334280 456.142522 388.233177 247.388359 139.032370 255.049015 266.660833 419.314917 192.106741 186.903719 243.905719 161.755989 309.127805 405.488594 42.449971 
284.000000 1.000000 3.000000 a 242.101219 239.920820 226.631860 226.735529 264.425793 294.008503 126.562238 291.624759 282.143580 337.853519 135.148067 298.202951 117.200683 167.705098 134.825814 161.400124 299.147121 90.735880 201.246118 249.969998 307.668653 191.846293 262.786986 299.868304 233.111561 241.466354 134.164079 173.761331 289.394195 319.469873 91.923882 226.373585 114.127122 289.006920 210.793738 168.715737 335.907725 262.070601 136.488095 72.180330 165.027270 154.466825 301.405043 81.467785 181.617730 197.022841 96.628153 298.100654 290.408333 140.463518 
286.000000 3.000000 1.000000 a 320.887831 26.870058 161.276161 361.431875 114.756263 115.883562 337.511481 100.603181 200.212387 191.981770 347.224711 459.509521 201.405064 151.211772 343.991279 343.001458 406.601771 300.541179 357.468880 35.227830 269.235956 276.631524 281.966310 236.603043 185.162091 27.018512 91.760558 389.724261 459.709691 451.983407 302.367326 268.210738 260.800690 69.000000 395.001266 294.552203 310.203159 313.765836 157.610279 149.753130 103.237590 164.073154 269.519944 280.280217 88.005682 23.021729 316.128139 95.015788 430.029069 234.610315 
106.000000 5.000000 1.000000 a 284.481985 268.262931 220.410980 260.837114 271.189970 330.505673 133.734812 305.250717 327.053512 379.225527 140.035710 322.024844 97.000000 162.339151 98.493655 115.624392 335.764799 104.623133 231.224999 278.226526 354.153921 235.423024 308.765283 345.800521 278.625196 264.282046 154.935470 170.135240 310.412629 350.476818 104.847508 271.974263 154.116839 313.958596 229.706334 208.009615 382.393776 306.339681 181.686543 97.123633 204.980487 200.062490 347.922405 106.901824 192.052076 223.376364 90.443352 314.574316 320.664934 109.658561 
264.000000 1.000000 4.000000 a 111.072049 289.799931 435.876129 194.537914 412.680264 241.298570 316.783838 397.216566 118.190524 198.829072 324.624398 283.296664 391.777998 395.182236 416.038460 459.743407 176.343415 299.387708 224.948883 293.470612 49.979996 129.417928 41.868843 86.608314 114.389685 323.289344 305.722096 362.729927 298.303537 236.357780 301.423290 80.430094 210.601519 330.945615 286.216701 176.694652 40.496913 74.330344 183.698122 296.708611 209.121974 165.245272 42.485292 275.000000 354.611055 290.998282 340.219047 386.059581 232.622011 425.586654 
135.000000 1.000000 2.000000 a 460.193438 475.488170 365.547535 405.428169 440.109077 545.404437 242.637590 485.981481 541.867142 596.419316 238.449156 416.811708 254.442528 324.052465 130.602450 107.540690 481.175644 249.242853 366.656515 485.050513 560.839549 420.523483 504.777179 557.503363 492.154447 464.009698 359.434278 220.911747 396.247397 470.389201 247.412611 466.229557 336.238011 514.931063 327.989329 379.246622 583.915234 490.505861 396.285251 310.246676 422.095961 413.730589 553.637065 272.007353 378.021163 429.796463 207.663189 500.464784 441.418169 229.532133 
271.000000 3.000000 3.000000 a 344.444480 99.020200 94.429868 369.437410 82.219219 187.962762 312.533198 105.118980 258.774033 262.366156 321.512053 460.768923 137.058382 79.208585 295.169443 284.269239 425.264623 275.771645 357.761093 106.216760 321.622449 295.133868 320.112480 293.083606 233.238076 75.716577 56.612719 360.624458 457.300776 463.691708 277.245379 298.854480 257.945731 125.706006 385.264844 301.628911 361.509336 344.818793 175.823775 115.693561 135.591298 188.957667 320.315469 260.284460 15.620499 62.936476 282.311884 114.039467 438.682117 167.358896 
150.000000 7.000000 1.000000 a 250.976094 78.434686 198.040400 290.504733 174.897113 123.891081 278.179798 170.531522 157.496032 180.712479 288.140591 389.138793 191.400104 166.388101 304.171005 315.626361 336.043152 242.002066 287.600417 87.641314 217.112874 205.779008 217.635016 190.055255 128.471787 98.081599 78.294317 332.001506 389.991026 380.931752 244.000000 200.142449 192.657728 131.912850 327.621733 223.877198 256.780062 246.107700 86.608314 111.516815 33.286634 93.434469 215.594527 219.447032 116.038787 54.405882 263.471061 166.066252 359.005571 227.622494 
277.000000 9.000000 1.000000 a 225.441788 314.192616 305.000000 183.024589 345.939301 357.328980 45.486262 372.607032 321.076315 389.463734 53.665631 233.225213 186.196133 246.008130 107.540690 162.496154 260.192237 16.124515 148.758193 324.154284 328.805414 184.200977 269.016728 330.478441 269.981481 319.476134 214.441134 93.380940 220.676233 266.728326 15.524175 230.417013 100.209780 365.234171 139.789127 144.312162 349.057302 254.468073 182.362277 152.777616 226.126071 195.920902 321.054513 35.805028 263.153947 273.541587 29.698485 378.355653 236.516384 199.491854 
200.000000 3.000000 1.000000 a 158.644256 332.146052 361.415274 105.385008 389.720413 356.050558 61.911227 407.906852 293.465501 372.228424 68.410526 161.697248 252.620268 302.971946 180.623919 239.534966 182.701943 62.128898 70.576200 341.531843 284.318483 127.914034 215.745220 294.333145 243.823707 345.411349 251.644591 106.018866 153.055545 189.187737 63.031738 178.404036 65.069194 385.440008 77.103826 80.610173 297.195222 191.942700 176.408617 195.532606 230.670761 183.098334 275.688230 55.946403 306.662681 297.880849 100.129916 409.913405 159.110025 271.206563 
123.000000 5.000000 1.000000 a 299.474540 298.077171 240.337263 267.904834 295.940872 360.501040 125.896783 332.019578 354.278139 408.388296 130.357202 320.326396 113.648581 183.774318 68.658576 90.210864 344.326880 103.580886 235.423024 308.021103 378.312041 252.335095 329.479893 371.710909 305.196658 293.342803 184.141250 153.912313 306.843608 354.035309 103.160070 291.926361 168.466614 343.273943 225.942471 220.537979 405.030863 323.760714 208.626460 127.129855 234.388566 226.556836 371.748571 113.070774 218.661839 253.049402 78.006410 342.093554 323.878063 117.413798 
178.000000 7.000000 3.000000 a 145.413204 187.664594 280.845153 179.178682 278.425933 199.251098 197.408207 280.871857 149.843251 219.146070 207.280004 278.705938 221.531036 232.793900 264.594029 298.291803 227.079281 166.628329 178.639301 195.941318 170.950285 96.400207 135.236829 163.600122 99.020200 209.442116 148.929514 251.803495 280.864736 269.816604 168.860889 105.076163 92.005435 240.651200 224.414795 113.176853 201.201392 149.402142 24.839485 127.098387 81.006173 26.076810 165.024241 140.388746 204.824315 164.201096 200.481919 277.366184 247.606543 255.001961 
236.000000 6.000000 3.000000 a 58.728187 329.220291 408.208280 38.275318 417.306842 326.075145 164.176734 422.952716 234.002137 320.563566 169.955877 140.730238 319.781175 353.747085 280.930596 336.573915 94.556861 159.364362 58.309519 337.083076 203.666394 55.108983 128.875909 223.600089 191.908833 351.877820 281.602557 202.180612 147.800541 128.003906 160.853971 98.310732 91.219515 381.608438 119.507322 37.000000 207.272767 95.000000 167.263266 240.154117 222.750982 162.603813 194.486503 142.144293 339.200531 306.414752 200.202398 419.795188 105.209315 345.557521 
137.000000 3.000000 5.000000 a 284.184799 78.089692 262.469046 344.477866 209.344214 23.769729 367.295521 178.373204 116.297033 90.824006 377.344670 446.870227 287.088836 248.163253 404.210341 416.329197 371.651719 332.777704 351.693048 76.059187 190.766873 251.803495 225.887140 153.404694 124.631457 113.534136 171.125685 421.972748 452.200177 424.905872 334.905957 225.568172 268.419448 102.883429 400.791716 284.494288 231.244459 266.204808 157.000000 212.325222 107.489534 151.076140 193.662077 308.228811 186.935818 109.772492 358.710189 162.984662 408.270744 322.592622 
194.000000 3.000000 4.000000 a 321.459173 125.431256 104.043260 339.072264 118.701306 208.278659 272.728803 146.328398 260.249880 277.189466 281.538630 427.151027 102.396289 63.560994 254.442528 246.343256 398.923552 236.211769 324.581269 134.238594 316.697016 270.573465 305.630496 291.972601 227.635674 110.385687 28.442925 320.024999 422.480769 434.004608 237.606818 280.492424 225.019999 161.307160 348.638782 271.812435 355.090129 325.775997 155.769060 76.661594 127.393092 171.607109 314.229216 221.923410 35.355339 81.394103 241.366941 155.206314 407.946075 135.871263 
111.000000 6.000000 5.000000 a 477.126818 186.775266 88.119237 501.980079 56.320511 269.670169 430.633255 90.520716 370.567133 349.124620 438.727706 591.249524 214.282524 142.442971 385.659176 354.830946 558.471127 395.294827 488.611297 187.130970 440.051133 428.228911 448.307930 407.237032 354.970421 150.748134 187.768474 473.601098 586.467390 596.524937 396.445457 429.783667 388.931871 170.229257 511.786088 434.308646 480.983368 475.848715 308.366665 239.434751 263.592489 320.432520 440.202226 383.635243 130.230565 178.058979 393.547964 111.000000 571.112949 226.735529 
271.000000 1.000000 2.000000 a 231.467060 408.208280 408.727293 158.445574 449.471912 439.368866 58.668561 474.258368 379.827592 458.380846 50.803543 159.113167 287.506522 349.812807 160.056240 225.197691 228.554151 94.936821 119.632771 417.929420 367.923905 210.116634 296.770955 379.869715 330.219624 417.403881 315.778403 38.118237 140.160622 211.624668 93.520051 260.862032 150.442680 460.722259 69.641941 161.743624 377.584428 267.478971 259.277843 255.001961 311.194473 267.686384 359.089125 112.805142 366.400055 370.418682 101.237345 478.802673 183.120179 296.233016 
252.000000 2.000000 2.000000 a 270.601183 139.713994 154.777259 285.833868 169.614268 206.903359 226.450878 190.192008 232.312290 265.324330 235.722294 374.252589 108.784190 104.923782 227.015418 232.215417 346.457790 189.422807 271.532687 149.682998 280.446073 219.155196 260.693306 260.255644 192.865238 138.057959 31.780497 276.371127 370.028377 380.800473 191.018324 232.819673 171.863318 186.453748 297.321375 218.661839 316.796465 277.252592 109.293184 32.062439 96.602277 127.003937 276.848334 172.722321 87.114867 95.036835 200.212387 195.248560 354.684367 145.120639 
198.000000 9.000000 1.000000 a 130.080744 213.714763 358.912246 204.198433 334.892520 175.650221 286.750763 320.713268 66.189123 153.730283 295.846244 304.507800 322.595722 320.126537 369.499662 405.790586 214.953483 262.001908 223.517337 218.048160 63.560994 114.982607 64.443774 60.901560 38.013156 246.418343 230.000000 338.178947 314.574316 271.648670 264.200681 72.006944 174.794165 257.419890 282.024822 160.801119 97.867257 106.174385 114.162165 227.336755 131.855982 94.868330 58.523500 235.841048 277.346354 213.152528 300.015000 310.412629 259.563094 357.561184 
169.000000 9.000000 1.000000 a 362.498276 441.311681 375.446401 300.341472 438.097021 497.462561 142.056327 476.379051 471.220755 536.660973 135.679770 305.026228 249.467433 322.721242 78.409183 120.432554 374.300681 159.289045 261.047888 451.328040 478.474660 328.434164 415.577911 481.066523 420.186863 438.214559 328.867755 110.602893 284.297380 359.873589 157.136883 377.180328 248.243832 487.828863 217.816436 283.402541 496.632661 395.409914 329.771133 269.948143 367.314579 344.723077 470.507173 185.151289 363.137715 396.872776 121.247680 487.001027 331.368375 239.081576 
198.000000 7.000000 4.000000 a 334.068855 113.899078 94.894678 354.919709 99.859902 200.204895 292.159203 126.751726 261.396251 272.000000 301.014950 444.387219 116.777566 65.863495 273.183089 263.045623 413.088368 255.566038 341.591862 122.024588 321.006230 283.809795 314.356486 294.431656 232.008621 94.810337 40.804412 339.638043 440.190868 449.624288 256.984435 290.946731 241.834654 145.499141 367.016348 287.360401 360.168016 336.618478 166.571306 95.713113 132.306462 181.231896 319.076793 240.881714 16.970563 72.670489 261.013410 136.033084 423.992924 148.408221 
264.000000 5.000000 2.000000 a 394.366581 275.960142 145.003448 379.348125 219.856772 358.520571 249.899980 267.441582 393.554316 424.057779 254.701786 441.865364 52.839379 106.042444 164.638999 123.166554 452.832199 224.055797 351.027064 284.431011 437.049196 343.052474 405.463932 420.077374 351.893450 256.628136 167.475371 276.551984 429.610289 470.230794 224.075880 371.845398 268.001866 306.497961 348.691841 322.591072 470.814188 411.311318 259.886514 146.731046 258.182106 279.120046 432.459247 226.832537 166.207701 232.280003 202.408004 283.351372 440.546252 16.552945 
245.000000 8.000000 2.000000 a 280.862956 361.166167 323.340378 228.319951 375.406446 411.533717 65.490457 408.049017 381.368588 447.778963 64.031242 257.701378 197.091349 266.030073 59.135438 123.357205 305.181913 71.217975 190.538710 371.214224 389.647276 242.738542 328.746103 391.371946 330.324083 362.067673 253.505424 72.470684 240.852652 302.026489 69.202601 290.172363 160.206117 410.121933 162.778991 200.084982 409.239539 311.785182 240.607564 192.065093 280.558372 255.156815 381.837662 96.176920 295.367568 318.190195 31.400637 416.260736 272.000000 199.361481 
276.000000 9.000000 5.000000 a 218.277347 424.699894 437.138422 139.387948 474.085435 449.284988 87.692645 496.214671 380.716430 462.312665 81.835200 125.063984 318.201194 378.107128 195.494245 260.633843 203.629566 120.801490 103.227903 434.203869 361.883959 204.707108 288.452769 377.275761 332.579314 436.405774 338.189296 72.339477 105.304321 180.767807 119.808180 254.615396 158.154987 477.800167 43.931765 157.190967 367.763511 255.180328 269.898129 278.772309 324.138859 276.028984 352.835656 133.719856 390.749280 389.011568 134.033578 499.555803 153.443801 328.746103 
280.000000 2.000000 2.000000 a 422.052129 224.376915 56.044625 424.417248 136.565003 313.847097 318.924756 187.882942 376.268521 387.765393 325.465820 500.145979 88.459030 52.611786 252.239965 215.204554 492.101616 287.506522 402.170362 230.867928 432.144652 369.943239 416.156221 408.049017 343.222960 196.664689 143.013985 354.005650 491.009165 518.844871 288.105883 387.778287 308.223945 241.867732 411.534932 360.846228 469.958509 431.566913 264.756492 159.201131 243.115199 282.299486 429.348343 283.001767 110.535062 187.843020 275.408787 206.312869 490.505861 88.865066 
219.000000 1.000000 1.000000 a 58.008620 365.217743 451.260457 35.000000 458.254296 354.396670 196.061215 461.806236 252.517326 340.330722 200.382135 119.016806 363.320795 397.146069 316.947945 374.833296 50.960769 196.725697 74.094534 372.613741 210.052374 86.400231 135.133268 236.103791 215.983796 389.651126 323.694300 226.894248 132.230859 89.872131 197.989899 114.756263 134.629120 416.750525 130.138388 80.653580 204.978048 92.395887 205.769288 283.584203 259.669020 198.841646 200.900473 182.024724 381.188930 345.114474 236.323930 457.665817 73.082146 388.746704 
267.000000 4.000000 2.000000 a 231.400086 127.738013 302.001656 297.865742 258.936286 71.400280 343.017492 233.653590 57.584720 75.179785 352.933421 400.184957 303.698864 277.751688 397.518553 418.809026 317.984276 311.168764 309.762812 128.786645 131.487642 204.782812 168.404275 94.921020 69.856997 163.624570 191.407941 397.524842 407.534048 373.172882 313.383152 172.307864 236.457184 161.449683 363.049583 242.825040 172.235304 210.304541 132.400906 217.276322 101.118742 120.070812 134.111894 285.271800 221.711524 145.523194 342.187083 219.829479 358.622364 340.036763 
269.000000 8.000000 1.000000 a 194.653538 422.839213 448.206426 113.225439 480.433138 441.300351 105.190304 499.553801 365.715737 449.288326 101.636608 96.187317 332.897882 389.278820 221.054292 285.959787 173.925271 133.304163 80.230917 432.085640 341.919581 186.783297 267.402319 359.680414 319.061123 436.945077 342.848363 101.044545 78.102497 150.153255 132.774244 235.342304 152.315462 476.254134 19.416488 141.152400 345.249185 231.767125 263.973484 285.427749 319.682655 268.039176 332.773196 140.868733 397.175024 389.405958 153.844077 501.614394 122.776219 346.151701 
234.000000 5.000000 5.000000 a 415.954324 223.080703 59.841457 417.731971 139.283883 312.169826 311.854133 190.078931 372.542615 385.502270 318.399121 493.189619 81.394103 48.764741 245.692898 209.458827 485.627429 280.446073 395.323918 229.804265 427.701999 363.824133 410.823563 404.022277 338.868706 196.155551 138.755180 347.001441 484.004132 512.103505 281.042701 382.154419 301.582493 242.095023 404.500927 354.316243 465.318171 425.793377 259.433999 153.052279 238.882816 277.115499 424.794068 276.007246 108.756609 185.647515 268.365423 208.146583 483.720994 82.565126 
271.000000 5.000000 1.000000 a 271.906234 354.682957 321.179078 220.238507 371.651719 403.887361 58.034473 403.416658 372.522483 439.382521 57.558666 252.073402 195.576072 263.463470 66.030296 129.259429 297.235597 62.008064 182.718363 364.725924 380.465504 233.565837 319.532471 382.320546 321.460729 356.275175 248.068539 71.449283 235.722294 295.169443 60.000000 280.957292 150.986754 404.011138 156.894869 191.062817 400.020000 302.696217 232.165889 186.386695 272.800293 246.531945 372.645945 86.977008 291.054978 312.025640 22.472205 411.254179 265.067916 199.529446 
246.000000 6.000000 4.000000 a 359.201893 341.866933 250.888421 322.055896 318.025156 411.254179 167.693172 360.169405 413.569825 463.836178 169.097605 363.824133 128.003906 201.121854 55.865911 29.068884 399.211723 155.003226 287.250762 351.525248 439.701035 313.081459 391.126578 432.224479 365.168454 332.001506 225.807440 178.734440 347.908034 403.744969 154.003247 353.477015 228.569464 382.844616 268.493948 279.270478 466.721544 384.551687 268.242428 176.173210 289.394195 286.581577 433.232039 169.705627 248.917657 296.184064 119.364986 372.973189 373.483601 113.053085 
298.000000 9.000000 5.000000 a 386.462159 403.603766 312.083322 337.136471 381.020997 470.124452 174.264167 423.618933 463.440395 519.065506 171.944759 361.166167 191.211924 264.001894 53.665631 46.173586 414.035023 175.114248 299.376018 413.363037 482.744239 344.843443 427.926396 479.037577 413.672576 394.872131 287.767267 165.060595 342.463137 409.312839 173.458929 389.477856 260.017307 445.633257 268.029849 305.308041 506.478035 415.496089 317.907219 235.261557 345.027535 335.276006 475.635365 196.328806 312.405186 358.005587 133.794619 436.479095 379.527338 173.401269 
107.000000 9.000000 5.000000 a 88.283634 396.808518 477.980125 42.755117 487.672021 386.566941 202.704218 492.489594 283.584203 371.445824 205.548048 90.796476 385.576192 422.906609 326.105811 386.374171 38.078866 209.021530 77.646635 404.309288 238.102919 118.152444 164.195006 265.830773 247.951608 420.743390 352.001420 226.384628 106.901824 58.258047 210.002381 146.294224 157.581725 448.537624 122.641755 106.000000 229.654088 120.016666 236.444497 309.355782 290.951886 230.228148 229.054579 197.716969 409.609570 375.825757 246.519776 488.746355 41.593269 409.337269 
191.000000 1.000000 3.000000 a 255.691220 67.742158 232.647802 307.688154 193.380454 75.272837 317.762490 174.865663 122.147452 131.209756 327.807871 409.184555 240.709368 209.308385 352.642879 365.875662 343.118055 282.704793 310.864922 72.622311 190.633156 217.117480 208.086520 158.145503 108.240473 101.019800 125.670203 372.292895 412.688745 393.021628 284.803441 199.424171 222.611770 114.690889 356.759022 244.393126 231.639807 243.507700 110.643572 161.718892 57.140179 108.503456 191.086368 258.627145 152.315462 76.321688 307.610143 164.514437 373.965239 276.739950 
286.000000 1.000000 1.000000 a 329.369094 228.589151 147.135992 320.128099 204.533616 304.538996 207.241405 244.131112 329.074460 365.198576 213.925221 390.397234 23.853721 90.443352 155.167651 140.730238 391.520114 175.931805 294.762616 237.924358 370.325532 277.650860 338.280948 354.383973 286.024474 216.002315 113.441615 244.073759 380.370872 413.090789 176.479461 304.945897 205.936884 266.923210 300.408056 260.249880 403.714008 345.013043 192.924856 80.529498 194.989743 212.200377 365.578993 172.887246 132.098448 183.087411 164.614702 256.322063 384.010417 51.351728 
145.000000 4.000000 5.000000 a 333.138109 20.099751 166.517266 375.868328 112.040171 109.786156 354.451689 90.426766 203.767024 187.970742 364.177155 474.536616 215.448370 161.928997 360.471913 358.407589 419.386457 317.498031 372.786802 24.186773 274.608813 289.932751 291.398353 240.684441 192.782261 16.492423 107.935166 406.724723 475.117880 465.717726 319.330550 279.401145 276.682128 52.009614 411.130150 309.316990 315.702392 324.612076 171.968020 166.589315 116.516093 177.341479 275.436018 297.121187 98.290386 40.049969 333.150116 82.134037 444.221791 247.951608 
119.000000 8.000000 4.000000 a 442.411573 135.856542 113.652981 475.430331 35.014283 214.000000 422.413305 32.557641 320.390387 293.138193 431.230797 569.253898 225.035553 152.052622 394.351366 372.484899 526.501662 385.834161 466.181295 134.536240 391.873704 395.790349 406.647267 357.513636 309.622351 100.900942 166.868211 469.391095 566.633921 568.520888 387.253147 391.637588 366.619694 112.871608 495.549190 407.590481 432.976905 437.476857 275.070900 225.887140 224.964442 284.613773 392.759468 370.785652 114.586212 137.306227 390.233264 52.810984 544.694410 245.489307 
228.000000 2.000000 5.000000 a 233.520877 298.015100 283.804510 197.428468 325.640907 344.894187 66.610810 353.293079 315.496434 380.623173 74.431176 252.685575 165.096941 224.828824 102.902867 151.832144 274.065686 34.985711 164.939383 308.025973 328.032011 189.362087 271.679959 327.200244 264.609146 301.809543 195.563289 112.089250 240.786212 283.781606 35.227830 233.238076 104.278473 348.367622 160.065612 153.055545 350.486804 260.541743 173.539621 133.645052 213.740497 188.480768 320.624391 43.289722 243.100802 256.439077 37.656341 359.562234 253.692728 179.234483 
284.000000 9.000000 4.000000 a 126.562238 302.398743 452.659916 209.570990 427.200187 249.098374 335.936006 409.939020 125.251746 200.878072 343.653896 294.984745 411.004866 413.010896 436.033256 479.867690 185.132385 319.076793 241.373155 305.565050 51.662365 148.553021 61.611687 90.520716 128.576825 336.507058 323.222833 381.274180 310.934077 245.051015 321.099673 100.209780 230.417013 341.716257 302.557433 195.345847 25.317978 89.442719 202.548760 315.824318 225.621364 183.883115 47.010637 294.821980 371.117232 305.851271 360.000000 398.076626 243.528232 444.991011 
206.000000 2.000000 4.000000 a 230.054341 92.357999 223.109838 274.235300 198.929636 117.443603 275.408787 191.470624 133.929086 164.939383 285.448769 374.370138 210.304541 190.044732 311.708197 327.844475 316.115485 240.201998 274.167832 100.344407 192.041662 186.807387 193.424404 165.604952 103.310212 117.515956 100.578328 329.874218 376.490372 362.840185 242.293211 177.530279 182.660888 145.013792 317.505905 208.856410 231.624696 223.277854 71.867934 124.523090 15.297059 74.404301 190.444218 216.279911 141.127602 77.369245 265.113183 185.267374 341.983918 246.661712 
236.000000 3.000000 1.000000 a 212.433519 108.245092 251.031870 263.427409 223.933026 110.072703 281.305883 212.461761 106.254412 145.086181 291.341724 365.034245 235.925836 218.082553 327.739226 347.972700 299.606408 247.523736 267.254560 114.629839 164.149322 172.887246 169.593632 137.462722 75.802375 137.844115 128.316016 336.047616 368.827873 348.906864 249.689808 157.289542 181.466250 158.050625 314.498013 200.524313 203.982842 202.252318 70.028566 146.986394 30.805844 65.000000 162.788206 222.445499 169.026625 102.142058 275.757140 204.276773 329.684698 272.259068 
253.000000 7.000000 3.000000 a 104.752088 418.884232 502.493781 66.760767 511.528103 405.685839 223.087427 515.589953 299.340943 387.093012 225.284265 86.005814 410.007317 447.487430 346.975503 408.044115 29.068884 231.423854 99.005050 426.203003 249.451398 140.089257 177.552809 279.329554 266.159726 443.463640 376.215364 243.181003 105.815878 37.161808 232.310138 163.783394 182.156526 470.243554 137.083916 130.510536 237.217200 132.517923 259.532272 333.928136 313.464512 252.622248 240.601330 221.117616 433.802951 398.898483 268.046638 511.478250 33.541020 433.520472 
205.000000 6.000000 5.000000 a 246.172704 257.122539 237.697286 224.831048 278.770515 310.987138 113.207774 307.293020 296.379824 353.831881 121.313643 291.398353 122.873919 178.664490 118.726577 149.251466 298.879574 78.746428 197.022841 267.172229 319.239722 197.131936 271.486648 312.929705 246.829901 258.278919 150.472589 158.432951 281.440935 316.026898 79.649231 234.360833 116.004310 306.040847 201.791972 170.144057 346.236913 268.128700 150.814456 88.566359 181.603965 168.291414 312.699536 73.925638 196.420467 214.084096 80.230917 314.213303 286.539701 142.337627 
207.000000 4.000000 3.000000 a 37.107951 353.162852 448.116056 56.080300 451.004435 337.675880 211.404825 452.040927 232.441390 320.301421 216.474017 141.127602 365.636431 395.384623 329.951512 386.036268 54.561891 208.597699 93.605555 360.173569 187.451327 76.216796 113.017698 214.525057 198.153981 379.019788 318.662831 245.464865 155.193428 105.190304 210.038092 95.859272 138.610966 403.887361 151.855194 84.148678 181.603965 69.462220 196.939077 282.304800 248.901587 188.111669 178.339564 191.637679 375.777860 335.529432 249.176644 446.947424 92.913939 392.611768 
257.000000 7.000000 2.000000 a 169.546454 276.725496 303.949009 143.680200 330.647849 308.185009 83.432608 349.276395 261.296766 333.304665 93.391648 217.412051 200.531793 245.979674 167.215430 216.011574 217.517815 53.535035 118.207445 286.331975 266.587697 124.482931 207.460840 269.016728 210.237960 288.085057 192.605815 138.079687 210.722566 236.088966 55.758407 168.908259 39.395431 329.645264 136.180028 90.354856 287.062711 195.724296 128.724512 136.780847 179.011173 139.560023 258.816537 27.202941 247.620678 240.659511 91.934759 351.774075 207.099010 223.080703 
167.000000 5.000000 5.000000 a 440.241979 230.008695 50.000000 444.091207 131.228808 320.220237 339.423040 183.611002 388.181659 395.627350 345.937856 520.458452 108.931171 67.268120 271.130965 231.905153 511.238692 308.021103 422.234532 235.815606 445.943943 388.207419 432.348239 420.743390 356.876729 200.249844 157.028660 374.241900 511.426437 538.647380 308.622747 404.753011 327.812446 243.082291 432.009259 380.148655 484.264391 448.910904 281.064050 177.730133 256.632032 298.224747 443.451237 303.402373 118.595953 196.163197 295.785395 203.002463 510.416497 107.424392 
277.000000 1.000000 5.000000 a 206.155281 282.780834 286.693216 175.413796 321.711050 323.987654 71.589105 345.508321 288.724782 356.103917 81.215762 239.453545 174.794165 227.798156 131.745968 179.323730 250.966133 34.525353 145.784087 292.684130 299.474540 161.003106 242.853866 299.365997 237.693079 289.663598 187.032083 124.145076 229.804265 265.005660 36.345564 204.430917 75.960516 334.400957 150.748134 126.435754 321.659758 232.331659 148.929514 126.574089 192.844497 162.791277 292.000000 21.954498 238.415604 243.148103 61.400326 350.184237 235.304059 193.693056 
160.000000 6.000000 5.000000 a 182.877008 361.653149 380.196002 118.330047 413.320699 388.000000 47.000000 434.004608 325.775997 404.783893 49.030603 152.085502 265.836416 321.278695 171.046777 233.548710 194.030925 66.573268 79.404030 371.171120 314.707801 157.257750 244.609894 325.926372 276.278845 373.466197 276.421779 77.794601 139.291062 190.378570 66.370174 208.019230 97.416631 414.738472 58.523500 109.041277 325.829710 217.793480 208.086520 218.048160 261.612309 215.334623 305.954245 73.006849 329.984848 326.038341 94.540996 436.945077 160.199875 280.743655 
151.000000 6.000000 3.000000 a 73.783467 341.983918 471.072181 148.600135 457.683297 303.288641 294.294071 447.973213 182.784026 266.101484 300.672579 224.877745 410.010975 424.852916 405.631606 456.316776 112.641023 284.450347 184.783657 346.883266 117.987287 116.661905 66.287254 153.844077 167.600716 373.359076 338.834768 333.664502 242.243679 172.290452 286.225436 87.132084 201.121854 386.998708 244.264201 154.304893 98.005102 45.541190 211.518321 317.907219 249.881972 195.880065 110.308658 263.153947 392.135181 336.304921 326.033741 438.772150 172.696265 441.290154 
261.000000 7.000000 1.000000 a 384.005208 281.902465 160.252925 366.073763 233.070805 362.314780 233.420222 279.427987 391.624820 425.734659 237.966384 426.391839 54.561891 117.388245 146.632193 106.794195 440.263557 208.556947 336.875348 290.681957 432.477745 333.121599 398.128120 416.965226 348.588583 264.486295 170.449406 258.990347 413.726963 456.127175 208.482613 363.736168 256.222560 314.858698 332.777704 310.757140 465.318171 402.196469 254.943131 143.125819 257.163372 274.249886 427.569877 212.551170 174.957138 237.421566 185.564005 294.640459 426.305055 22.561028 
289.000000 9.000000 5.000000 a 454.103512 154.379403 99.040396 483.694118 32.802439 235.172277 423.066189 55.081757 338.892313 314.515500 431.613253 575.736051 217.441946 144.006944 388.310443 363.005510 537.112651 386.897919 472.712386 153.941547 409.498474 406.433266 421.335970 375.832409 325.852727 118.663389 171.478862 468.540286 572.223732 577.499784 388.212571 404.754246 372.907495 134.974072 499.576821 415.817268 450.551884 450.750485 285.800630 227.923233 237.901240 296.487774 410.046339 373.180921 115.965512 150.721598 388.854729 75.610846 552.986437 235.076583 
148.000000 3.000000 4.000000 a 250.784768 171.417619 180.277564 257.947669 203.324863 231.216349 191.018324 225.550438 239.676866 282.985865 200.282301 342.982507 106.705201 125.239770 197.362610 209.618701 322.187833 154.003247 240.919074 181.463495 279.546061 198.657998 250.449596 263.865496 195.450761 172.568827 67.067131 241.033193 337.752868 353.073647 155.589203 219.146070 142.200563 220.020454 263.651285 192.023436 313.356028 261.612309 102.357218 12.165525 108.903627 121.564798 274.898163 137.742513 120.104121 128.062485 165.435788 230.672929 326.075145 141.209065 
158.000000 3.000000 3.000000 a 265.949243 150.233152 160.654910 278.425933 179.178682 215.603803 215.671046 200.860648 236.129202 272.237029 224.902201 365.607713 104.785495 108.521887 216.633331 223.342786 340.371855 178.675684 263.104542 160.227963 281.836832 214.189169 259.123523 262.992395 195.112788 149.083869 42.379240 265.414770 360.972298 373.503681 180.249827 230.097805 163.685674 197.365144 287.642139 211.624668 317.455509 273.979926 108.041659 21.213203 101.242284 126.396202 277.908258 162.348391 96.213305 105.801701 189.169236 206.155281 347.051869 140.890028 
206.000000 9.000000 3.000000 a 52.773099 279.803502 373.751254 91.482239 375.202612 272.904745 185.283566 376.893884 182.332115 268.091402 193.072525 193.961336 297.946304 322.280933 289.375189 338.422812 130.249760 169.743925 106.470653 287.250762 160.124951 2.236068 90.027773 175.148508 138.812824 304.384625 243.417337 231.631172 201.069640 175.205594 171.679935 53.000000 83.384651 331.470964 165.196852 46.141088 171.493440 73.054774 121.264174 210.318806 174.315805 113.454837 151.238223 146.768525 300.308175 260.249880 211.151604 372.392266 155.708060 327.343856 
156.000000 1.000000 5.000000 a 197.121790 170.510997 338.079872 269.564464 300.241569 113.863954 334.846233 277.346354 15.132746 88.051122 344.472060 370.724965 326.465925 308.753947 402.464905 430.202278 281.703745 305.897042 286.062930 172.351385 86.764048 178.070211 128.502918 51.195703 43.416587 205.975727 219.535874 388.346495 380.006579 338.681266 308.133088 138.740765 224.216413 206.167408 342.593053 220.818930 127.632284 172.235304 133.958949 235.002128 121.334249 117.200683 89.358827 279.508497 256.532649 183.002732 340.424735 264.068173 326.455204 362.703736 
265.000000 1.000000 2.000000 a 468.509338 458.946620 338.614825 418.914072 415.178275 532.515727 255.765518 462.524594 537.085654 587.177145 252.857667 438.010274 233.790505 300.567796 135.558106 94.847246 495.609725 257.256681 380.864805 468.274492 560.779814 426.240542 508.296174 554.927923 488.328783 445.138181 343.455965 241.000000 418.269052 488.807733 255.624725 470.005319 341.228662 495.944553 346.698716 387.361588 585.969282 497.144848 391.567363 298.402413 412.819573 409.685245 553.968411 278.001799 357.212822 413.415046 216.002315 477.880738 459.309264 205.766858 
218.000000 1.000000 4.000000 a 199.123078 487.591017 538.814439 124.723695 562.337977 488.992842 207.617437 575.028695 392.942744 480.553847 204.963411 22.360680 429.638220 480.618352 324.778386 389.755051 134.082064 231.572883 123.146255 495.993952 350.321281 217.862342 276.000000 377.224071 353.824815 507.134105 423.680304 202.548760 26.000000 80.709355 231.458420 254.892134 222.423020 540.712493 106.887792 186.943842 341.298989 232.215417 324.299245 371.231734 381.047241 322.684056 341.247711 233.212350 480.337381 460.257537 256.632032 574.227307 72.567210 445.785823 
243.000000 3.000000 4.000000 a 450.941238 225.718852 40.311289 457.866793 117.923704 316.189816 357.341573 170.552045 390.089733 392.919839 364.071422 536.210779 127.283149 76.550637 291.405216 252.517326 523.717481 325.318306 437.123552 230.789948 450.089991 399.111513 439.829512 423.532761 361.034624 194.177754 162.889533 393.207324 527.713938 552.698833 325.995399 413.473095 341.505490 234.401365 448.728203 393.113215 489.016360 458.154996 289.088222 189.770915 261.007663 305.635404 448.000000 319.715499 118.532696 195.000000 314.378752 190.591186 524.785671 127.769323 
237.000000 7.000000 1.000000 a 181.515840 285.378696 451.110851 265.001887 415.502106 218.247566 379.885509 391.520114 100.806746 157.206870 388.252495 353.307232 426.001174 417.770272 471.492312 510.114693 244.131112 359.221380 294.552203 286.677519 41.677332 194.427364 107.823931 64.280635 127.475488 321.043611 327.391203 428.042054 368.708557 304.059205 361.348862 143.694120 270.174018 317.653900 355.787858 242.689102 34.132096 144.920668 218.769285 331.108743 227.264163 199.461776 48.414874 333.781366 369.163920 297.544955 398.931072 377.318168 302.152279 461.381621 
122.000000 9.000000 5.000000 a 208.904284 178.213355 350.525320 283.571860 309.362247 112.893755 352.953255 283.769272 13.601471 74.330344 362.542411 384.011719 343.118055 323.210458 421.046316 448.486343 291.892103 324.260698 301.479684 179.078195 85.428333 193.093242 137.233378 46.872167 61.098281 214.112120 234.695547 406.306535 393.996193 349.721318 326.496554 151.462867 242.043385 210.021427 358.708796 236.907155 124.867930 181.892826 152.502459 252.388589 137.767921 135.801325 89.827613 297.860706 269.453150 194.504499 358.949857 269.462428 338.693076 379.415340 
152.000000 8.000000 5.000000 a 307.546744 313.847097 252.174543 272.090059 309.743442 376.192770 123.693169 346.636697 368.419598 423.557552 127.015747 319.732701 125.004000 196.451012 52.952809 78.790862 349.000000 105.683490 238.314918 323.785423 390.858030 261.520554 340.348351 385.161005 319.037615 308.868904 199.744837 146.386475 305.308041 356.091280 104.938077 302.491322 176.920886 358.882989 224.722051 227.721321 416.773320 332.987988 222.766694 142.940547 249.735860 240.453738 384.131488 118.511603 233.308808 268.782440 74.732858 357.012605 325.848124 124.963995 
240.000000 9.000000 3.000000 a 282.639346 176.113600 361.137093 357.805813 305.334243 87.572827 419.952378 269.029738 87.572827 8.062258 429.754581 458.193191 378.726814 345.353442 477.669342 498.321182 364.281485 389.221017 375.161299 172.791782 146.485494 267.000000 209.200860 109.658561 131.973482 210.646624 263.882550 474.081217 468.236052 422.739873 391.448592 225.621364 310.942117 189.042323 431.675804 309.930637 179.287479 254.261676 211.539594 295.655205 180.277564 197.772597 153.417730 363.071618 285.112259 207.576492 421.379876 251.097591 412.510606 414.849370 
253.000000 6.000000 1.000000 a 364.540807 193.145023 81.492331 367.662889 142.000000 278.485188 269.712810 185.951607 327.633942 347.896536 277.001805 445.600718 48.259714 25.179357 219.456146 195.829007 434.715999 236.444497 346.446244 201.221271 379.769667 312.416389 360.272119 357.740129 291.430952 172.235304 93.407708 309.040450 437.373982 462.335376 237.261459 331.074010 251.340407 221.923410 358.810535 303.591831 416.659333 374.518357 209.021530 101.651365 192.346042 227.035240 376.470450 229.538668 81.633327 150.986754 229.172424 200.591625 434.264896 71.867934 
245.000000 9.000000 2.000000 a 273.089729 217.892175 401.642876 352.567724 348.304465 131.095385 431.431339 313.001597 88.769364 52.153619 440.964851 450.111097 411.316180 382.687862 498.811588 524.046754 349.676994 403.011166 374.065502 215.244048 125.399362 265.668967 196.499364 95.005263 139.556440 253.023714 298.303537 484.538956 462.108212 409.274969 405.246838 219.658826 320.156212 233.173755 432.838307 311.512440 151.158857 241.197015 230.204257 324.322370 208.060087 214.114455 133.753505 376.605895 323.975308 246.400081 437.666540 295.243967 402.047261 447.643832 
139.000000 2.000000 1.000000 a 286.434984 98.671171 144.013888 311.873372 139.387948 172.246916 266.308092 152.502459 216.584856 237.033753 275.769832 404.649231 135.771867 107.280007 268.343064 270.118493 367.016348 229.200785 301.572545 108.521887 273.309349 236.915597 265.113183 248.243832 184.219977 96.187317 19.849433 317.163995 402.100734 405.843566 230.893915 242.043385 202.002475 144.419528 332.180674 244.002049 312.000000 287.835022 118.105885 74.108029 84.023806 132.189258 271.029519 210.952601 64.257295 53.366656 241.828452 155.595630 381.162695 171.405951 
133.000000 3.000000 5.000000 a 276.000000 225.337525 409.200440 356.025280 355.609336 138.231690 437.082372 320.006250 94.371606 59.008474 446.578101 453.009934 418.799475 390.302447 505.451284 531.075324 351.573605 408.944984 378.117707 222.611770 126.921235 269.862928 199.123078 98.183502 145.361618 260.409293 305.870888 490.036733 465.310649 411.300377 411.180009 223.293529 325.640907 240.074988 437.155579 316.028480 150.880748 243.593924 236.812162 331.615741 215.371772 220.537979 135.484316 382.531044 331.581061 254.001968 443.849073 302.134076 404.598566 455.131849 
177.000000 9.000000 3.000000 a 244.429949 388.320744 376.968168 178.941331 421.236276 426.063376 35.227830 448.555459 376.324328 451.136343 25.179357 193.256306 253.938969 318.323735 123.939501 189.010582 253.001976 71.175839 139.617334 398.208488 371.694767 215.870331 303.710388 379.971052 325.711529 394.898721 290.394559 19.646883 175.328264 242.095023 69.260378 266.281806 144.996552 439.965908 100.044990 168.439900 385.161005 278.890660 247.131544 228.729097 295.819202 257.815826 363.166628 94.339811 338.732933 348.604360 66.843100 454.278549 212.720474 261.038311 
203.000000 4.000000 4.000000 a 303.065999 38.600518 164.347193 342.200234 126.826653 119.016806 318.487048 118.258192 191.041880 191.449732 328.239242 440.010227 191.206694 147.027208 328.161546 329.730193 388.346495 281.575922 337.881636 48.507731 257.782854 258.102693 266.542680 226.638479 171.840042 46.324939 77.820306 370.951479 440.092036 433.110840 283.425475 251.286689 241.107860 87.367042 375.310538 275.181758 298.492881 297.060600 138.538803 133.003759 85.146932 145.725770 257.513106 261.030650 86.005814 8.602325 298.001678 114.017543 410.907532 225.499446 
106.000000 9.000000 2.000000 a 168.000000 237.976890 277.252592 161.623018 297.513025 269.673877 121.198185 313.336879 229.368699 297.674319 131.240238 246.109732 185.064853 220.907220 187.768474 228.089895 229.582229 87.931792 143.683680 247.523736 242.695282 117.515956 191.191004 240.682363 178.353581 250.353750 158.836394 175.931805 241.913208 256.561883 90.138782 153.792067 45.276926 291.046388 171.303824 98.030607 267.366789 187.920196 91.214034 108.004630 140.003571 103.870111 235.601358 62.369865 215.336945 202.832443 120.739389 314.930151 229.093867 212.360542 
232.000000 6.000000 2.000000 a 370.623798 374.300681 284.121453 326.459798 352.005682 441.744270 166.003012 394.220750 438.406204 492.016260 165.366260 358.719946 162.027775 235.053185 42.296572 25.000000 403.744969 160.853971 289.836161 384.033853 460.466068 326.955654 408.142132 455.229612 389.116949 365.301246 258.381501 166.355042 341.256502 403.209623 159.452187 369.943239 241.867732 416.079319 264.070066 289.689489 485.585214 398.155748 292.742207 206.651881 317.705839 310.517310 453.609965 179.621825 282.842712 328.671569 121.061968 406.960686 373.108563 145.715476 
290.000000 4.000000 5.000000 a 260.679880 367.005450 342.211923 203.843077 390.287074 411.866483 40.853396 420.345096 373.363094 443.441090 37.336309 229.869528 217.506322 284.059853 86.700634 151.211772 280.174945 58.668561 165.423698 377.011936 376.591290 225.610283 312.800256 380.864805 322.273176 370.563085 263.531782 48.600412 212.960090 275.016363 56.435804 274.448538 146.219014 417.346379 135.074054 180.886705 393.935274 292.957335 236.579796 201.556444 280.643902 249.617708 368.480664 85.088190 308.804145 325.393608 32.984845 427.365183 245.099980 222.748737 
116.000000 1.000000 5.000000 a 207.663189 334.282814 336.400059 156.416112 374.339418 370.621100 20.223748 398.647714 323.360480 396.557688 30.265492 200.384630 219.100434 277.366184 129.247824 189.042323 233.683547 20.000000 120.037494 344.104635 323.445513 171.703232 258.940148 329.028874 272.459171 342.317104 240.168691 74.966659 187.472665 236.177899 19.104973 220.635446 93.477270 386.378053 106.550458 127.318498 340.136737 239.353295 191.801981 179.513231 240.468293 202.881739 315.226902 39.012818 291.139142 295.548642 49.091751 403.267901 205.912603 232.776717 
178.000000 6.000000 4.000000 a 300.323159 419.233825 383.099204 234.367233 436.261390 465.224677 83.600239 468.770733 424.876453 496.257997 75.166482 238.209991 256.259634 326.266762 97.185390 159.326708 307.327187 110.860272 195.010256 429.262158 424.609232 270.296134 358.134053 430.889777 373.871636 421.574430 313.536282 43.011626 218.009174 292.222518 108.632408 320.315469 195.274166 469.026652 150.136604 223.463644 439.591856 334.520552 289.665324 251.795552 333.995509 302.332598 416.252327 137.083916 356.202190 377.021220 84.095184 476.731581 263.685419 255.454497 
244.000000 2.000000 1.000000 a 177.544361 165.084827 248.284111 205.883462 247.693359 190.163088 200.691305 252.875463 162.689889 221.819747 210.736803 302.952141 192.398025 200.444506 252.406418 280.058922 257.841036 166.715326 200.960195 174.040225 194.794764 127.624449 166.012048 182.236111 114.402797 183.382115 116.468880 255.409475 303.295236 298.399062 168.881615 137.295302 106.320271 218.563492 241.373155 138.405202 227.774011 181.912067 17.492856 97.164808 61.522354 36.674242 189.763010 141.718030 172.707846 136.824705 195.724296 250.768818 274.972726 226.770809 
102.000000 8.000000 5.000000 a 290.518502 417.010791 385.966320 223.707398 437.452855 461.091097 75.802375 468.931765 418.168626 490.580269 66.850580 227.140925 259.538051 328.671569 104.623133 167.839209 296.386572 105.361283 184.358347 427.018735 416.427665 261.428767 349.292141 423.430041 367.250596 420.297514 312.832223 31.953091 207.038644 281.042701 103.160070 311.642423 187.800426 467.274010 138.974818 214.282524 430.759794 324.969229 284.480228 250.922299 329.960604 296.654681 408.001225 131.244047 356.770234 375.299880 82.298238 476.428379 252.517326 260.203766 
233.000000 5.000000 2.000000 a 354.153921 39.623226 197.752370 403.609960 130.648383 90.049986 393.357344 92.048900 203.393707 169.106475 403.193502 504.048609 257.650927 201.019900 403.219543 401.340255 441.512174 356.624452 403.707815 30.083218 277.308492 314.529808 304.731029 240.692750 203.216633 47.010637 150.864177 446.296986 506.083985 490.722936 358.521966 297.833846 310.220889 16.278821 445.252737 338.545418 318.135191 341.568441 201.357890 208.753443 144.506055 203.420746 279.544272 335.310304 137.800581 81.743501 374.012032 75.312682 470.851357 289.499568 
236.000000 5.000000 3.000000 a 55.542776 270.185122 369.545667 103.812331 368.408740 260.931025 195.243438 368.598698 169.295599 255.125459 203.295352 206.196508 297.741499 319.156701 296.445611 343.912780 137.974635 178.002809 119.507322 277.418456 148.222805 11.000000 79.931220 162.360710 126.019840 295.601083 238.398826 242.621104 213.721782 185.270073 180.000000 41.868843 90.049986 321.435841 178.101095 58.180753 161.245155 68.883960 114.039467 208.278659 165.469030 104.661359 139.430987 154.236831 294.823676 252.126952 219.146070 363.551922 166.820263 328.006098 
254.000000 3.000000 1.000000 a 77.233412 243.261177 357.463285 139.086304 349.040112 227.308161 222.800359 344.988406 133.375410 219.146070 231.449779 241.124449 297.378547 310.465779 315.734065 358.669765 164.623814 201.526673 155.389832 249.833945 118.228592 47.000000 61.032778 128.160056 90.426766 270.946489 225.197691 272.530732 249.329100 216.122650 203.646753 27.294688 112.449989 293.081900 213.410403 92.179173 137.637204 72.449983 97.718985 204.088216 142.056327 83.630138 109.986363 176.241312 279.658721 229.712864 241.497412 338.422812 199.812412 329.757487 
255.000000 7.000000 5.000000 a 74.545288 267.091745 353.793725 99.764723 357.794634 266.790180 170.182255 361.581250 184.967565 268.419448 178.507703 201.308221 276.101431 301.617307 270.025925 317.770357 148.111445 151.818971 106.677083 274.963634 171.405951 23.086793 105.759160 182.167505 138.177422 290.024137 224.321198 218.835555 206.041258 189.095214 153.837577 67.268120 63.631753 319.507433 161.697248 40.012498 186.724396 94.111636 105.550936 189.171880 160.654910 100.498756 162.864975 127.863208 281.554613 244.920395 192.854868 357.994413 167.287178 305.368630 
199.000000 8.000000 1.000000 a 209.570990 142.720006 310.452895 276.929594 272.106597 93.230896 327.940543 249.839949 43.011626 88.600226 337.769152 379.117396 303.145180 282.418130 387.918806 412.292372 296.060805 297.112773 289.836161 144.899965 113.652981 183.983695 146.649241 79.246451 48.104054 178.025279 193.940713 382.172736 386.846223 351.385828 299.340943 150.479234 219.658826 180.099972 344.036335 223.181540 154.728795 188.366664 120.066648 213.600094 97.943861 105.702412 115.394974 270.957561 229.106962 155.012903 329.596723 237.008439 337.099392 339.483431 
206.000000 6.000000 3.000000 a 220.422322 458.877979 481.698038 137.083916 515.585105 476.422082 134.316790 535.314861 398.015075 482.501813 129.034879 88.543774 364.407739 422.689011 241.960741 307.084679 186.681547 165.559657 109.658561 468.113234 370.600863 218.073382 295.411577 390.274263 352.278299 472.966172 378.318649 117.175083 65.969690 151.716842 164.793811 265.198039 188.223272 512.298741 53.600373 174.103418 371.231734 257.386868 299.696513 320.370098 355.557309 303.356226 361.400055 175.316856 432.268435 425.428020 181.394597 537.532325 128.600156 375.825757 
287.000000 9.000000 3.000000 a 465.150513 200.259831 47.707442 482.312140 72.917762 288.646843 398.045224 122.413235 378.160019 367.729520 405.602022 567.208075 174.132134 106.606754 344.058135 309.741828 543.173085 363.896963 465.671558 202.980295 443.939185 414.614279 443.960584 413.696749 356.270964 165.130252 171.283391 438.179187 560.789622 577.405404 364.856136 421.816311 367.049043 196.063765 483.958676 415.481648 484.247870 467.607742 297.692795 214.336185 259.514932 311.926273 443.081257 354.701283 115.520561 180.399557 358.286198 143.450340 550.800327 182.439031 
221.000000 8.000000 1.000000 a 279.256155 60.008333 173.288776 316.622804 146.321564 126.253713 294.090122 142.842571 180.005555 192.213423 303.907881 414.161804 181.727818 147.078210 309.090602 314.606103 363.917573 257.316925 311.969550 70.000000 242.909448 233.413796 246.077224 214.084096 155.029030 72.201108 65.764732 346.975503 414.161804 407.921561 259.208410 228.779370 215.188290 111.803399 349.481044 249.467433 283.049466 274.754436 113.278418 113.529732 61.911227 121.511316 241.867732 236.241402 91.662424 26.172505 275.219912 139.617334 385.440008 217.221086 
205.000000 5.000000 2.000000 a 167.047897 234.200769 397.031485 247.945559 363.049583 174.255559 343.642256 341.211078 51.000000 126.763559 352.574815 344.001453 373.202358 363.594554 427.375713 462.672670 243.386524 319.695167 272.124971 236.222353 24.083189 165.411608 90.049986 14.866069 73.763134 269.462428 273.247141 394.315863 356.618844 302.828334 321.885073 116.417353 231.924557 269.742470 332.280002 213.178329 63.953108 134.629120 167.764716 278.729259 173.118457 148.606864 29.681644 293.613692 315.057138 244.086050 357.945527 327.963413 295.548642 408.825146 
264.000000 9.000000 5.000000 a 200.960195 156.320184 323.047984 270.601183 285.567855 104.350371 328.420462 263.433103 30.149627 89.805345 338.155290 372.425832 312.656361 293.954078 392.413048 418.645435 286.776917 298.518006 285.142070 158.483438 100.089960 178.126360 135.665029 65.764732 41.194660 191.603758 204.924376 382.325777 380.847739 342.825028 300.752390 142.003521 218.826415 193.383040 340.476137 219.036527 141.152400 178.238604 123.810339 221.882852 107.331263 108.046286 101.965681 272.214989 241.513975 168.011904 332.085832 250.539418 329.400971 348.941256 
114.000000 3.000000 1.000000 a 221.183182 190.444218 366.460093 298.026844 322.304204 117.686023 372.339898 294.187015 29.732137 64.404969 381.871706 397.456916 362.581025 340.931078 441.512174 468.965884 302.062907 344.061041 317.516929 190.394328 86.214848 208.959326 146.996599 48.020829 80.498447 226.497241 253.102746 425.462102 408.240125 360.679913 346.296116 165.148418 261.090023 218.288800 375.506325 253.842471 122.576507 192.093727 173.002890 272.398605 157.280005 156.208194 92.357999 317.647603 285.944050 210.011904 379.056724 278.921136 351.024216 398.909764 
210.000000 1.000000 4.000000 a 188.875620 142.214627 242.785914 225.290923 234.093998 164.103626 226.735529 234.797785 144.402216 197.959592 236.782601 324.228315 200.810856 199.303788 274.854507 299.127063 272.356384 192.587642 223.224103 150.791246 184.816125 141.675686 166.373075 167.720005 99.317672 163.220709 110.819673 281.442712 325.631694 315.990506 194.743421 142.442971 131.026715 195.494245 265.843939 158.808060 220.483559 188.308258 21.400935 106.230881 36.400549 32.572995 180.825883 167.725967 163.865799 118.105885 220.771375 231.138487 293.819673 236.315467 
264.000000 3.000000 5.000000 a 421.099751 178.639301 7.211103 435.459527 75.133215 269.081772 350.142828 127.094453 346.902003 346.273014 357.794634 519.373661 129.034879 58.830264 300.306510 270.473659 497.607275 315.830651 418.083724 183.480244 409.274969 370.028377 403.926974 381.188930 320.563566 146.710599 127.757583 390.959077 512.762128 530.589295 316.809091 379.885509 319.820262 187.256509 435.807297 368.989160 448.874147 425.329284 255.211677 166.817265 221.531036 270.484750 407.707003 306.537110 76.164296 149.933319 310.961412 146.239530 503.703286 142.225174 
167.000000 1.000000 1.000000 a 175.513532 451.707870 499.795958 95.084173 523.974236 456.715448 170.762994 537.506279 365.443566 452.434526 168.834238 26.172505 390.786387 441.575588 290.337734 354.970421 125.431256 193.238195 86.313383 460.287953 328.100594 187.106921 252.786471 352.410272 324.001543 470.340302 385.292097 171.000000 16.155494 85.959293 193.204555 228.002193 184.491192 505.000000 69.570109 152.161099 323.109888 210.829315 288.591407 332.367267 345.444641 288.045135 318.912214 194.249839 441.779357 423.263511 219.783985 537.142439 64.350602 407.357337 
247.000000 3.000000 2.000000 a 80.324343 394.807548 481.876540 53.084838 489.001022 381.093164 215.538860 492.154447 275.278041 363.089521 218.769285 103.585713 392.475477 427.537133 338.421335 397.986181 24.331050 220.145406 90.470990 402.044774 227.035240 116.180893 154.175225 256.007812 241.615397 419.748734 354.492595 240.840196 120.904921 61.741396 221.226129 139.283883 163.810867 446.004484 137.844115 110.571244 216.843261 109.370928 236.211769 313.944263 289.663598 228.790297 218.082553 207.542767 411.992718 375.474367 258.414396 487.755061 52.153619 417.163038 
250.000000 4.000000 2.000000 a 271.911750 114.337221 154.806331 294.431656 157.003185 182.043951 247.145706 171.732350 215.058132 242.639651 256.639825 386.287458 129.402473 112.071406 252.509406 257.497573 351.140997 210.038092 283.218997 124.338248 267.800299 221.652882 254.656632 244.965304 179.047480 114.738834 22.561028 298.221394 383.418831 388.741559 211.747491 229.686743 183.504768 162.049375 313.063891 226.631860 305.530686 275.118156 104.995238 57.070132 79.555012 120.619236 264.915081 191.650724 78.549348 70.178344 223.378602 174.897113 363.675680 165.653252 
132.000000 1.000000 1.000000 a 30.463092 311.102877 404.352569 67.007462 407.001228 300.832179 190.559702 408.729740 203.415830 290.657874 197.200406 167.886867 324.692162 352.090897 302.497934 355.123922 98.407317 180.941980 91.547802 318.402261 170.496334 32.526912 95.634722 191.269443 163.713164 336.090762 274.614275 231.948270 177.341479 144.222051 182.660888 66.121101 101.597244 362.463791 152.712148 50.695167 174.416169 63.639610 153.153518 239.384628 205.973299 145.096520 161.307160 160.654910 331.689614 292.104433 222.463480 404.085387 126.317061 352.841324 
145.000000 6.000000 4.000000 a 209.570990 445.583887 469.890413 126.562238 502.977137 463.158720 124.036285 522.352371 385.406279 469.665839 119.364986 88.283634 353.441650 410.911183 235.051058 300.188274 179.877736 154.155765 97.514102 454.809850 359.005571 205.664776 283.975351 378.132252 339.425986 459.787995 365.531120 111.462998 67.067131 148.647233 153.482898 253.211374 174.888536 499.011022 40.311289 161.251357 360.451106 246.629276 286.356421 307.858734 342.217767 290.056891 349.817095 163.003067 419.687979 412.248711 171.842952 524.454955 123.822454 365.624124 
291.000000 4.000000 1.000000 a 158.230844 471.601527 548.616442 110.602893 561.281569 459.344098 247.370168 567.063489 352.097998 439.691938 247.517676 65.764732 450.557433 492.476395 370.653477 434.036865 74.813100 262.429038 132.400906 479.066801 299.549662 192.854868 229.444983 330.854953 319.738956 495.503784 424.699894 256.532649 89.067390 16.643317 262.937255 217.313138 226.338242 523.244685 150.119952 178.103902 284.000000 184.328511 311.096448 379.415340 365.759484 305.040981 290.903764 256.493665 482.320433 450.439785 295.149115 563.498004 42.953463 471.699057 
222.000000 9.000000 3.000000 a 68.242216 317.279057 392.390112 49.406477 402.731921 317.762490 152.322027 409.469169 230.488611 316.014240 158.685223 150.083310 303.295236 337.675880 266.896984 321.636441 111.018017 145.151645 58.309519 325.356727 205.387439 50.249378 132.003788 222.685877 186.324985 339.013274 266.450746 193.051807 154.987096 142.523682 146.731046 98.351411 74.732858 369.995946 117.720007 20.615528 212.174457 102.532922 154.508899 224.075880 210.622886 151.182010 196.308431 126.921235 324.075608 293.138193 186.335719 406.807080 118.342723 329.086615 
184.000000 4.000000 4.000000 a 389.606211 146.239530 41.303753 407.603974 66.007575 236.636853 332.051201 111.682586 311.924670 312.968049 340.242561 494.328838 124.064499 51.156622 294.159821 271.665235 467.680446 296.588941 392.168331 151.818971 374.342090 339.023598 370.109443 346.174811 285.700893 116.249731 95.707889 375.825757 488.836373 502.610187 297.754933 346.919299 292.965868 160.527256 413.436815 340.489354 414.016908 392.577381 222.497191 141.484982 186.959889 237.191905 372.839107 285.000000 41.436699 115.316955 295.873284 128.156155 476.341264 145.526630 
240.000000 3.000000 5.000000 a 129.541499 438.718589 514.488095 76.400262 527.193513 428.990676 219.057070 533.401350 324.778386 412.617256 220.056811 60.539243 417.310436 458.455014 343.001458 405.544079 55.362442 231.657074 100.000000 446.323873 276.260746 160.377679 203.796467 305.628860 290.146515 462.127688 390.512484 233.205918 81.835200 19.313208 232.297223 188.162164 192.283645 490.637341 125.928551 143.934013 264.382299 158.911925 277.584221 345.314350 332.604871 272.029410 267.366789 224.323427 448.130561 416.838098 265.911639 530.090558 12.369317 439.055805 
184.000000 3.000000 1.000000 a 24.166092 312.187444 426.625128 107.563934 419.869027 287.088836 241.223962 415.215607 176.527618 264.170400 248.032256 199.123078 358.615393 377.878287 350.823317 401.294156 102.156742 229.895628 139.086304 318.276609 129.556937 61.983869 55.081757 156.818366 146.812806 340.929612 294.592939 282.899275 212.720474 159.624560 231.708869 46.690470 146.102704 360.693776 200.192407 100.169856 126.716218 13.038405 167.547008 268.307659 212.727525 154.353490 120.415946 208.254652 349.802802 300.374766 271.488490 408.060045 150.479234 389.005141 
205.000000 9.000000 2.000000 a 86.278618 335.196957 401.329042 37.121422 415.781192 339.092908 137.800581 424.848208 253.712436 339.001475 143.178211 131.125894 306.543635 345.398321 256.602806 313.823199 110.453610 135.793962 35.057096 343.534569 228.238910 73.552702 154.304893 246.000000 209.117192 355.562934 278.217541 174.642492 134.082064 132.075736 137.116739 121.457812 79.259069 388.247344 94.556861 34.438351 233.754144 122.286549 171.918585 232.165889 228.589151 170.308544 219.125535 121.004132 335.752885 309.103543 175.846524 423.052006 105.261579 330.389164 
195.000000 2.000000 2.000000 a 264.612925 376.001330 350.538158 205.548048 399.111513 420.475921 44.102154 429.334369 380.770272 451.453209 38.626416 227.407124 225.488359 292.499573 89.269256 154.275727 281.368086 66.211781 166.760307 386.005181 382.832862 230.794281 318.248331 387.737024 329.705930 379.616912 272.574760 41.036569 209.880919 274.262648 63.976558 280.014285 152.610616 426.380112 133.240384 185.413052 399.515957 297.405447 244.761108 210.601519 289.276684 257.559702 374.646500 92.574294 317.720003 334.432355 41.976184 436.395463 244.524027 229.941297 
277.000000 3.000000 3.000000 a 69.296465 329.461682 403.555448 37.202150 414.656484 329.256739 153.417730 421.627798 240.133296 326.153338 159.154013 138.159328 312.833822 348.531204 270.601183 326.663435 101.636608 149.164339 49.729267 337.523333 212.228650 60.033324 137.884009 231.036794 196.824795 351.216457 278.145645 191.441897 143.610585 130.728727 150.615404 105.990566 84.118963 382.154419 110.494344 31.622777 216.953912 105.261579 166.715326 234.957443 222.811580 163.294213 203.081265 132.544332 335.773733 305.321142 189.842040 419.004773 106.216760 337.977810 
246.000000 2.000000 4.000000 a 179.479804 213.377600 256.019531 182.222392 273.358739 248.243832 143.171226 288.383425 216.778689 280.494207 153.209008 269.742470 171.172428 200.830775 196.900990 231.036794 247.000000 108.189648 166.901168 222.991031 237.453153 127.565669 192.720004 231.536174 166.424157 225.304239 134.714513 197.648678 266.204808 277.353565 110.317723 157.089147 67.208630 266.317480 196.331353 116.297033 265.228204 195.256242 73.355300 87.235314 117.515956 88.814413 231.008658 84.053554 191.658551 177.792013 136.693087 289.862036 250.601277 201.002488 
152.000000 9.000000 2.000000 a 228.536649 271.149405 447.180053 311.661676 403.124050 193.310631 415.781192 373.498327 96.462428 121.642920 424.623363 402.751785 436.811172 419.863073 499.289495 533.075980 295.000000 392.154306 339.033922 270.667693 77.252832 234.829726 152.200526 71.840100 139.517024 307.197005 330.847397 465.988197 417.412266 355.005634 394.342491 184.491192 304.231820 295.940872 399.932494 283.091858 85.708809 192.844497 236.349318 343.956393 232.331659 217.623528 86.377080 366.083324 366.285408 290.877981 430.391682 357.418522 352.115038 472.908025 
178.000000 2.000000 5.000000 a 309.316990 235.091472 170.176379 296.939388 223.376364 306.197649 182.570534 260.232588 321.174407 362.862233 189.380569 365.820994 48.600412 112.307613 138.000000 133.296662 369.157148 151.092687 270.795126 244.754980 358.231769 258.017441 322.218870 344.535920 276.139458 226.061938 119.037809 220.383756 355.630426 389.405958 151.644321 287.793329 183.763435 276.739950 275.601161 238.287641 390.225576 326.553212 180.834178 73.593478 189.842040 200.124961 353.022662 148.354306 147.013605 189.409609 140.616500 271.090391 360.173569 70.710678 
109.000000 3.000000 3.000000 a 426.356658 110.059075 143.209637 465.241873 61.854668 180.709712 425.329284 10.198039 292.195140 259.094577 434.534233 561.749054 242.860042 172.244013 408.099253 391.603115 512.015625 388.329757 459.017429 106.620823 365.087661 381.861231 385.323241 329.514795 285.954542 78.873316 167.287178 474.489199 560.651407 556.736922 389.908964 373.277377 360.513523 78.025637 492.480456 397.836650 406.148987 418.600048 262.091587 228.842741 208.655218 269.416035 366.616966 371.206142 123.199026 122.788436 396.658543 16.031220 534.176001 267.059918 
193.000000 2.000000 1.000000 a 411.442584 153.075145 35.383612 431.074240 49.040799 243.238566 356.033706 99.764723 326.038341 321.161953 364.166171 518.332905 144.256716 70.859015 315.379137 290.027585 490.360072 320.669612 416.069706 157.305435 390.571376 361.221539 389.560008 361.088632 302.524379 120.016666 117.991525 399.410816 512.957113 526.008555 321.819825 367.522788 316.741219 159.201131 437.639121 363.803518 430.683178 413.358198 243.583661 165.614009 205.221831 257.608230 389.493261 309.200582 61.326992 128.062485 319.401002 118.431415 499.916993 162.443836 
208.000000 7.000000 5.000000 a 193.214906 131.244047 279.064509 250.587310 251.097591 114.542569 284.985965 237.402612 80.956779 132.913506 294.923719 352.956088 259.855729 245.283509 341.211078 365.580361 280.855835 252.982213 258.288598 136.499084 136.091881 158.094908 144.506055 110.217966 47.853944 162.889533 155.128979 339.558537 358.376897 332.415403 255.196003 136.029409 179.627392 178.190909 309.012945 191.023559 175.923279 179.694185 74.323617 168.359734 55.362442 62.169124 134.729358 227.107904 197.063442 129.541499 284.200633 228.002193 314.884106 296.055738 
246.000000 3.000000 3.000000 a 302.839892 305.353893 245.936984 269.417891 302.420237 367.679208 124.326184 338.851000 360.624458 415.270996 128.280942 319.640423 118.966382 189.736660 61.392182 85.000000 346.092473 103.942292 236.315467 315.296686 383.860652 256.222560 334.200539 377.708883 311.387219 300.541179 191.366141 150.013333 305.722096 354.581443 103.368274 296.492833 171.959298 350.502496 224.928878 223.450218 410.186543 327.685825 214.960461 134.406101 241.364869 232.768125 377.216118 115.039124 225.499446 260.317114 75.802375 349.051572 324.376325 120.966938 
175.000000 6.000000 4.000000 a 216.566387 258.069758 258.897663 195.327929 293.470612 303.916107 98.671171 317.844302 278.145645 340.800528 107.967588 265.188612 149.833241 200.112468 135.793962 174.413302 268.962823 61.684682 168.671278 268.046638 295.800609 168.121980 244.730464 292.056501 227.668619 263.370462 159.380049 149.482440 256.462473 287.271648 63.245553 207.077280 86.052310 309.012945 178.190909 140.089257 321.048283 239.384628 134.301899 98.488578 172.800463 150.206524 288.875406 48.795492 210.202284 217.329243 78.644771 322.939623 258.017441 171.452617 
279.000000 1.000000 3.000000 a 287.043551 236.400085 189.433366 273.232502 237.360485 302.274709 161.335055 271.016605 308.402335 354.919709 168.600119 342.379906 71.867934 130.698125 130.862523 137.611773 345.684828 128.724512 247.040483 246.288449 341.755761 236.076259 302.687958 329.984848 261.847284 230.956706 121.823643 201.717624 332.469547 365.636431 129.402473 267.525700 160.461833 280.959072 252.691512 215.034881 372.549326 305.286750 165.342070 67.119297 180.623919 184.447825 336.181499 124.867930 157.835357 191.125613 121.655251 280.401498 336.407491 93.941471 
110.000000 6.000000 4.000000 a 260.654944 181.218101 175.236982 263.956436 204.071066 243.895469 187.552659 229.401395 254.096438 296.892236 196.512086 346.301891 93.648278 118.511603 186.010752 196.010204 330.001515 150.880748 245.051015 191.230228 293.492760 208.482613 263.007604 278.167216 209.745083 180.011111 71.847060 236.019067 340.136737 358.949857 152.315462 231.000000 147.665162 228.492888 264.560012 199.060292 326.974005 272.809457 116.090482 10.000000 123.044707 135.358783 288.736904 136.751600 120.768373 136.937942 158.823802 235.732900 331.440794 127.577427 
101.000000 1.000000 1.000000 a 130.602450 191.175312 319.311760 190.244579 302.848147 174.289988 247.814447 294.925414 94.936821 174.152232 257.303323 292.720003 275.829658 277.259806 323.857994 358.508019 218.213199 220.383756 201.717624 197.294197 111.400180 97.123633 90.138782 103.947102 44.643029 220.417785 188.175450 300.847137 299.487896 269.920359 222.611770 74.330344 136.488095 240.010416 256.195238 135.059246 144.069428 119.402680 66.940272 180.488227 95.078915 47.853944 106.042444 193.981958 238.899560 181.648011 256.813162 287.210724 253.031619 310.483494 
166.000000 1.000000 2.000000 a 416.688133 227.622494 65.115282 417.388308 144.668587 316.526460 309.715999 195.450761 375.692694 389.560008 316.140791 492.025406 79.208585 52.201533 241.867732 204.841402 485.721113 278.648524 394.555446 234.437625 430.276655 364.533949 412.534847 406.941028 341.533307 200.997512 141.598023 344.245552 482.610609 511.614112 279.206017 383.532267 301.358590 247.145706 402.934238 354.317654 467.713588 426.976580 261.191501 153.805071 241.677471 279.016129 427.271576 274.694376 113.159180 189.789357 265.851462 213.490047 483.120068 78.434686 
133.000000 4.000000 5.000000 a 106.000000 403.837839 475.681616 38.183766 489.418022 398.647714 185.528973 496.789694 299.816611 387.517742 187.541995 71.063352 378.556469 419.547375 309.523828 371.005391 60.464866 195.243438 62.649820 411.708635 257.939915 127.632284 183.133831 284.063373 261.721226 426.203003 352.302427 205.572372 84.723078 58.137767 196.022958 161.789987 153.394915 456.228013 100.184829 106.066017 251.509443 140.035710 241.602980 306.471858 297.329783 237.227739 248.805145 186.510053 409.890229 380.443163 231.019480 494.049593 31.112698 400.675679 
145.000000 3.000000 4.000000 a 127.863208 322.800248 368.266208 80.504658 390.288355 339.418621 92.649879 404.604745 269.215527 350.304154 99.201814 153.456834 266.176633 310.800579 209.093281 266.180390 157.012738 88.119237 52.478567 331.832789 255.894510 98.473347 186.024192 267.777893 220.655841 338.992625 251.606836 135.591298 149.201206 170.660482 89.442719 149.214611 51.894123 376.288453 83.952367 50.447993 267.372399 161.198635 162.274459 199.649693 218.403297 166.090337 247.129521 74.545288 308.183387 291.588751 128.316016 405.030863 141.439033 287.784642 
110.000000 4.000000 5.000000 a 338.753598 51.971146 228.973798 393.649590 164.012195 57.706152 397.125925 125.035995 176.385940 136.000000 407.099496 495.297890 279.580042 227.688384 416.889674 419.686788 426.410600 361.001385 396.944581 43.011626 250.928277 302.476445 284.260444 213.358853 182.439031 75.451971 167.764716 451.001109 498.838651 477.797028 363.000000 281.016014 307.174218 45.276926 441.901573 330.551055 291.302249 323.233662 195.760057 221.289403 139.832042 194.640695 253.870045 338.289817 164.048773 97.493590 381.701454 107.298649 459.471435 312.833822 
152.000000 4.000000 3.000000 a 249.929990 190.672494 372.075261 327.024464 322.349190 108.853112 398.923552 290.167193 57.870545 40.311289 408.544979 426.357831 377.510265 350.783409 464.400689 489.391459 330.092411 369.855377 346.389954 189.095214 110.535062 237.842385 175.171345 74.330344 107.224064 226.433213 265.243285 452.385897 437.224199 388.958867 372.091387 194.126248 288.175294 211.747491 404.183127 282.448225 143.401534 220.292987 195.880065 289.882735 173.666347 180.094420 117.630778 343.483624 293.204707 215.935175 403.981435 273.514168 379.717000 413.859880 
147.000000 8.000000 2.000000 a 182.200439 483.679646 546.452194 117.136672 565.254810 478.949893 226.808289 574.913037 377.524834 465.386936 225.390772 31.064449 441.823494 489.004090 347.381635 411.885907 108.189648 247.000000 126.253713 491.687909 330.218110 208.146583 257.419890 359.233907 341.287269 505.222723 427.101861 228.054818 51.971146 50.328918 247.163913 240.110391 225.621364 536.280710 125.928551 183.806964 318.147764 212.680512 320.894064 377.584428 377.043764 317.294816 321.305151 245.252931 484.381048 459.009804 275.682789 572.880441 52.392748 460.193438 
Type de surveillance de chaque endroit(target):tab[nombre de target]
a a a a a a a a a a a a a a a a a a a a a a a a a a a a a a a a a a a a a a a a a a a a a a a a a a 