Nombre des capteurs:
200
Nombre des targets:
30
Nombre de type de surveillance:
1

Caracteristiques:
203.000000 8.000000 1.000000 a 464.889234 265.819488 329.296219 47.507894 298.303537 338.496676 238.801173 497.883521 66.910388 276.210065 232.800344 300.146631 417.269697 387.769261 249.996000 458.132077 288.461436 428.210229 194.537914 99.488693 462.173128 164.073154 353.022662 374.038768 279.406514 272.802126 407.887239 279.508497 93.941471 391.920910 
293.000000 4.000000 4.000000 a 396.070701 178.644899 344.583807 128.003906 170.026469 240.503638 239.641399 451.054320 70.802542 251.113520 296.070937 273.543415 301.761495 263.486243 193.793705 397.216566 352.754872 338.694553 61.392182 47.074409 402.355564 171.236678 221.027148 315.006349 157.003185 173.415686 409.695009 218.661839 100.463924 352.278299 
148.000000 6.000000 5.000000 a 419.147945 295.237193 192.937814 159.110025 389.512516 362.845697 160.078106 415.322766 214.536710 215.083705 60.207973 231.311478 460.544243 455.580948 244.444268 401.382610 104.177733 421.294434 320.000000 267.217140 403.193502 142.523682 450.584065 330.006061 360.406715 317.241233 273.790066 267.031833 177.019773 315.944615 
175.000000 2.000000 2.000000 a 106.526992 112.614386 219.111844 318.284464 211.747491 87.143560 178.885438 170.299736 308.248277 124.907966 301.014950 115.870618 164.754363 198.949742 111.427106 108.466585 326.741488 84.202138 262.101126 330.387651 113.991228 215.856434 248.340492 39.458839 187.515333 127.455875 222.643212 81.932899 267.082384 101.390335 
258.000000 7.000000 4.000000 a 401.061093 190.682983 312.409987 72.862885 213.178329 260.583960 209.976189 445.748808 18.248288 232.568270 248.676497 256.320112 334.260378 302.874561 188.281704 398.197187 305.983660 354.558881 111.825757 49.497475 402.839919 135.366170 268.508845 314.014331 194.504499 193.403723 383.437087 216.510970 54.009258 342.511314 
247.000000 2.000000 2.000000 a 306.022875 90.553851 273.056771 150.083310 135.074054 159.398871 169.499263 360.138862 117.630778 168.023808 256.281096 188.732615 237.018987 213.215853 104.278473 306.360898 308.483387 254.023621 84.053554 131.034347 311.448230 119.816526 195.880065 223.957585 108.258949 92.417531 329.969696 127.863208 97.514102 262.545234 
288.000000 2.000000 3.000000 a 486.963038 284.318483 354.830946 72.801099 307.883095 356.046345 264.092787 521.878338 79.762146 300.660939 256.719691 324.655202 431.588925 399.281855 271.884167 480.936586 311.841306 447.599151 200.878072 98.898938 485.086590 189.021163 360.469139 396.676190 291.061849 289.499568 433.433963 301.293876 115.965512 416.082924 
114.000000 6.000000 3.000000 a 187.445992 37.656341 218.178826 242.860042 159.477271 75.591005 141.605085 244.233495 228.352797 101.833197 262.834549 109.772492 174.642492 183.534738 43.680659 187.768474 300.486273 145.910932 186.045693 249.479458 192.961136 151.953940 209.859477 106.850363 129.653384 62.201286 249.851956 28.301943 190.055255 154.259522 
112.000000 4.000000 1.000000 a 307.006515 211.426110 452.080745 395.297356 117.881296 169.496313 372.796191 398.453259 349.150397 336.602139 487.336639 342.299576 101.493842 53.310412 271.029519 328.493531 531.048962 216.002315 224.891085 330.800544 334.432355 357.022408 67.601775 290.998282 141.439033 185.456194 472.339920 263.001901 345.774493 353.277511 
139.000000 6.000000 5.000000 a 193.186438 200.631503 70.263789 293.846899 325.296788 224.875521 102.649890 175.570499 312.569992 78.262379 186.593140 59.033889 315.158690 341.115816 148.030402 170.064694 192.761511 229.139695 329.086615 354.153921 170.496334 178.002809 375.680716 122.319254 294.762616 227.560981 85.094066 139.269523 258.971041 81.614950 
234.000000 2.000000 4.000000 a 220.988687 243.298171 48.270074 315.925624 368.169798 268.078347 127.121989 185.326738 340.753577 117.038455 181.466250 100.806746 357.200224 384.360508 189.060837 195.133288 174.562310 266.956925 367.544555 385.190862 194.365635 203.494472 419.028639 160.639348 337.440365 270.431137 46.840154 182.167505 286.434984 110.018180 
236.000000 6.000000 3.000000 a 418.551072 212.228650 312.750699 50.774009 240.054161 283.557754 213.337760 458.978213 8.944272 241.629882 238.018907 265.663321 359.673463 329.369094 204.022058 414.200435 295.426810 375.857686 138.224455 59.135438 418.627519 136.970800 295.411577 329.802971 221.000000 216.933169 386.746687 232.997854 54.203321 354.419243 
129.000000 1.000000 5.000000 a 189.662859 205.664776 72.732386 301.657090 330.080293 227.705951 110.453610 169.097605 320.257709 85.146932 192.587642 65.069194 316.809091 344.001453 154.012986 165.894545 197.017766 228.600087 335.638198 361.668356 166.090337 185.800969 379.827592 121.823643 299.723206 232.398365 79.511006 144.183910 266.700206 77.665951 
256.000000 2.000000 2.000000 a 325.121516 322.456199 75.802375 325.000000 445.839657 360.646641 170.751281 279.732015 364.786239 192.130164 142.358702 185.800969 454.457919 475.572287 263.036119 298.605090 104.019229 370.202647 423.170179 415.393789 297.405447 233.019313 501.355164 263.402733 414.161804 350.178526 105.118980 265.324330 312.084924 214.709106 
214.000000 2.000000 2.000000 a 133.663757 341.162718 294.183616 518.811141 433.170867 305.286750 336.264777 67.675697 522.690157 290.172363 425.281084 266.810794 336.086298 391.322118 324.052465 121.198185 419.754690 222.925997 491.097750 552.501584 115.412304 403.390630 456.991247 200.232365 412.843796 356.366384 228.035085 297.087529 474.321621 173.925271 
245.000000 4.000000 2.000000 a 291.358885 74.027022 275.535842 169.955877 118.848643 140.456399 174.040225 348.969913 137.102152 166.108398 268.029849 185.310550 217.020736 193.961336 97.744565 293.081900 318.750686 236.237169 85.702975 147.275253 298.328678 131.893897 179.913868 211.936311 90.553851 73.082146 328.390012 118.105885 117.085439 253.948814 
284.000000 3.000000 3.000000 a 215.002326 160.822884 379.684079 378.191750 130.648383 96.829747 313.193231 306.652898 342.422254 269.235956 434.234959 270.207328 12.727922 48.301139 213.714763 236.763595 471.807164 124.000000 236.239285 338.115365 242.668498 314.610871 121.757957 205.341180 134.372616 141.890803 390.466388 197.800404 324.784544 267.346217 
204.000000 5.000000 2.000000 a 242.390181 31.064449 275.769832 225.019999 96.384646 82.855296 184.740358 308.650288 195.028203 159.062881 295.311700 172.386194 162.003086 147.648231 86.539009 247.729691 340.653783 180.313616 123.004065 203.118192 253.339693 165.496224 153.101274 171.773106 64.845971 15.231546 315.545559 92.195445 171.143215 222.596047 
161.000000 1.000000 1.000000 a 134.406101 303.488056 216.898594 457.055795 410.365691 283.924286 269.007435 42.720019 467.206592 228.422853 349.521101 204.364870 337.035606 385.572302 274.570574 108.683025 341.492313 222.200360 452.238875 501.861535 103.077641 340.442359 443.704857 162.086397 385.933932 323.273878 149.013422 250.906357 416.249925 116.211015 
100.000000 3.000000 1.000000 a 370.936652 363.235461 120.216471 342.463137 485.247360 404.598566 206.693009 322.415881 387.046509 234.136712 150.372870 229.730277 499.345572 518.811141 303.265560 344.158394 98.843310 416.427665 455.724698 439.028473 342.794399 261.396251 541.908664 309.607816 453.488699 390.861868 147.091808 307.709278 336.251394 260.894615 
134.000000 1.000000 5.000000 a 432.603745 390.978260 171.230838 321.697062 506.723791 442.330193 229.455878 392.474203 373.246567 269.903687 131.605471 271.830830 540.224028 552.261713 331.170651 407.280002 75.643903 468.162365 460.770008 426.382457 406.605460 264.764046 566.007950 362.249914 475.243096 417.699653 218.229237 341.855233 327.757532 320.677408 
117.000000 5.000000 2.000000 a 106.000000 116.249731 253.160028 335.721611 196.389918 68.308125 209.093281 184.352922 320.207745 156.262599 332.099383 149.003356 132.483961 171.210397 131.240238 116.691902 359.599778 55.009090 260.209531 337.360341 122.711043 239.353295 226.373585 68.883960 175.801024 123.907223 254.939208 103.174609 283.028267 130.782262 
125.000000 7.000000 1.000000 a 137.931142 134.836939 148.838839 291.218131 254.786185 144.585615 122.690668 161.928997 294.159821 68.447060 239.150580 51.156622 232.862620 260.756591 98.615415 124.064499 259.724854 151.158857 278.919343 326.400061 127.236001 177.991573 300.562805 48.373546 226.055303 159.028299 158.596973 76.537572 245.576872 59.941638 
275.000000 4.000000 5.000000 a 443.514374 288.522096 244.182309 104.623133 365.034245 360.855927 185.000000 452.452207 163.082801 237.446836 120.933866 257.769277 454.511826 440.844644 247.291326 429.252839 170.449406 432.028934 281.655818 213.412746 431.885401 138.177422 425.318704 351.445586 338.545418 306.320094 326.252969 274.000000 138.224455 348.569936 
295.000000 1.000000 2.000000 a 447.662820 253.503452 306.150290 26.925824 295.480964 326.974005 216.836344 478.016736 66.730802 255.828067 209.876154 279.635477 409.059898 382.576790 233.465201 439.955680 265.830773 414.323545 195.880065 109.480592 443.846820 143.010489 352.012784 356.186749 274.590604 262.550947 385.019480 263.007604 79.075913 371.873634 
175.000000 8.000000 2.000000 a 285.786634 103.324731 350.228497 263.045623 21.931712 112.729765 257.934100 363.207929 219.428804 233.418080 363.675680 245.943083 142.442971 102.004902 161.003106 297.168302 411.526427 207.200386 105.361283 208.753443 303.136933 229.381778 81.344945 230.982683 10.000000 76.295478 388.005155 164.550904 213.018779 287.503043 
287.000000 7.000000 2.000000 a 44.922155 258.642611 267.267656 452.620150 345.023188 217.494828 282.280003 58.821765 449.845529 230.338881 387.494516 209.389589 249.050196 303.145180 249.803923 39.661064 393.672453 134.729358 407.456746 475.346190 35.777088 340.851874 368.245842 124.036285 325.576412 271.530845 221.720545 221.144749 404.654173 121.696343 
256.000000 9.000000 4.000000 a 321.179078 117.277449 249.339126 112.111552 178.630904 190.646269 144.222051 365.329988 92.913939 156.262599 217.186556 179.337670 275.230812 255.211677 107.628992 317.674362 271.130965 279.546061 114.232220 123.174673 322.270073 82.280010 239.384628 233.420222 151.611345 127.015747 313.614413 136.033084 58.008620 262.800304 
115.000000 5.000000 1.000000 a 212.174457 275.230812 89.888820 362.774034 398.694118 289.799931 173.118457 158.151826 386.467334 156.179384 223.785612 136.367151 372.228424 405.389936 225.179928 184.024455 209.308385 272.470182 406.960686 429.913945 181.835090 249.647752 446.265616 170.988304 368.879384 301.405043 17.888544 213.759210 332.284517 111.040533 
170.000000 3.000000 4.000000 a 281.641616 88.362888 218.449079 143.586211 177.519013 162.111073 114.586212 324.228315 133.060137 117.643529 207.171427 140.014285 253.491617 241.944208 67.007462 277.238165 257.110871 244.965304 138.610966 163.932913 281.737466 72.470684 238.304427 192.875608 147.186956 105.304321 277.834483 95.963535 90.824006 221.815238 
235.000000 1.000000 5.000000 a 190.947637 143.405021 108.226614 250.798724 268.402683 176.819117 70.092796 201.645729 262.255601 22.203603 185.129684 3.000000 272.347205 291.564744 89.089842 174.642492 208.146583 202.249845 270.407100 300.647634 177.079078 134.465609 320.702354 102.489024 237.446836 170.792271 144.031247 83.006024 210.237960 95.524866 
237.000000 3.000000 1.000000 a 176.229963 75.026662 288.639914 303.117139 124.595345 4.123106 219.665655 255.978515 276.799566 176.105082 341.222801 178.664490 96.254870 112.294256 121.247680 188.509947 378.207615 101.237345 197.190263 284.887697 194.537914 226.046455 157.155973 130.552671 105.475116 67.067131 307.156312 104.201727 248.973894 191.689854 
107.000000 7.000000 3.000000 a 420.058329 400.475967 165.000000 353.069398 519.986538 446.310430 240.301893 372.055103 402.198956 274.133179 159.452187 272.347205 542.517281 559.034883 340.260195 393.489517 102.122475 463.181390 481.981327 455.096693 392.220601 285.553848 578.024221 356.395847 488.267345 427.803693 196.756194 347.522661 354.290841 309.472131 
186.000000 5.000000 3.000000 a 348.080450 329.341768 90.210864 311.372767 450.889122 372.464763 172.011628 306.571362 354.407957 201.022387 122.384640 197.994949 468.123915 486.013374 269.258240 322.237490 77.794601 388.579464 421.047503 406.044333 321.362723 227.125516 507.831665 281.859894 419.125280 356.910353 133.033830 274.614275 303.006601 236.617835 
290.000000 2.000000 4.000000 a 120.507261 137.360839 300.166620 365.016438 185.399569 68.264193 253.001976 210.009524 343.139913 201.444782 376.430604 195.509591 91.093359 139.057542 167.361883 140.003571 405.642700 33.286634 266.595199 353.827642 146.000000 276.463379 203.246156 113.406349 171.592541 135.532284 299.686503 141.876707 311.237851 173.556907 
136.000000 1.000000 2.000000 a 322.034160 107.424392 278.115084 135.148067 145.825238 176.465294 173.487752 374.400855 100.662803 177.053664 252.800316 198.655481 253.017786 227.343353 116.970082 321.753011 306.349474 271.035053 80.280757 114.865138 326.759851 117.200683 205.973299 238.849325 120.813906 109.384642 338.023668 142.003521 83.815273 275.481397 
231.000000 1.000000 3.000000 a 171.026314 112.871608 144.013888 254.890172 237.118114 140.868733 93.434469 198.070694 258.172423 38.832976 214.895323 34.058773 236.326046 255.994141 66.407831 159.314155 241.962807 170.329093 249.569630 291.564744 162.788206 142.351677 287.501304 78.644771 206.813926 139.445330 172.290452 51.351728 209.229539 94.201911 
163.000000 6.000000 1.000000 a 236.932480 152.121662 383.208820 360.624458 103.469802 98.473347 310.111270 327.000000 322.024844 269.675731 428.869444 273.212372 41.725292 22.090722 208.827680 257.001946 469.132178 146.372812 211.248669 314.682380 263.007604 304.573472 93.295230 217.572976 110.765518 129.769026 399.881232 196.580772 307.951295 279.866039 
177.000000 5.000000 4.000000 a 91.400219 249.230817 198.040400 413.392066 355.275949 229.058944 230.412673 38.470768 419.486591 184.401735 324.376325 160.897483 286.024474 332.543230 223.432316 62.681736 325.075376 172.661519 398.548617 451.860598 58.412327 297.617204 389.251846 107.205410 330.847397 268.479049 147.472031 198.436388 369.968918 68.249542 
256.000000 6.000000 5.000000 a 243.895469 74.625733 190.044732 177.538728 187.627290 142.172431 92.179173 283.748128 172.817823 80.752709 202.871881 101.651365 239.175668 237.406824 29.410882 238.075618 247.072864 214.580987 170.423003 204.482273 242.406683 82.200973 246.223476 153.687996 155.926265 99.247166 242.909448 58.872744 127.263506 181.231896 
209.000000 2.000000 1.000000 a 166.928128 121.593585 138.293167 261.583639 245.540221 146.823023 95.000000 190.507218 266.112758 40.012498 214.767316 29.410882 241.124449 262.457616 75.584390 153.941547 239.776980 171.081852 258.785626 300.108314 157.178243 148.030402 295.357411 75.325958 215.390343 147.959454 163.771182 60.133186 216.670256 85.912746 
288.000000 4.000000 4.000000 a 107.466274 299.294170 245.953248 469.774414 398.361645 270.431137 286.274344 19.416488 475.194697 240.800748 375.996011 217.267117 313.517145 365.231433 277.850679 86.579443 372.264691 198.204440 449.323937 506.522458 80.504658 354.012712 427.094837 156.780101 376.001330 316.483807 183.883115 251.813423 426.075111 124.631457 
171.000000 6.000000 3.000000 a 488.829214 285.881094 357.065820 75.000000 308.663247 357.513636 266.281806 523.927476 81.049368 302.760632 258.874487 326.759851 432.760904 400.211194 273.748059 482.871619 313.958596 449.221549 201.427406 99.005050 487.031826 191.175312 361.049858 398.598796 292.027396 290.903764 435.660418 303.145180 117.885538 418.150691 
144.000000 3.000000 2.000000 a 298.115749 271.154937 35.902646 277.027074 393.573373 313.600064 116.914499 267.366789 313.856655 142.200563 108.853112 139.344896 409.518009 427.141663 211.255769 273.788239 92.655275 332.555259 369.242468 363.671555 273.607383 180.136060 449.899989 226.353706 361.835598 298.800937 106.437775 215.800834 260.499520 186.034943 
161.000000 5.000000 3.000000 a 94.403390 222.283603 341.329753 447.478491 264.546782 154.693245 316.537518 183.896710 428.412185 261.919835 437.339685 249.595673 138.578498 198.406149 244.106534 123.227432 458.541165 58.940648 352.200227 440.236300 127.412715 352.036930 270.601183 151.476071 254.750859 221.948192 320.003125 215.928229 394.239775 195.274166 
271.000000 6.000000 3.000000 a 80.280757 240.750909 202.121251 409.802391 345.175318 218.552053 229.026199 41.725292 414.366987 181.397354 326.332652 158.294030 274.417565 321.222664 217.082933 51.400389 329.024315 160.962729 390.417725 445.731982 47.423623 294.552203 378.428329 98.234414 321.124586 259.383885 155.347996 191.384430 365.483242 65.368188 
113.000000 8.000000 5.000000 a 408.270744 350.018571 146.659470 276.723689 463.624848 404.421810 189.021163 377.000000 327.649203 233.257369 85.726309 237.951676 503.035784 512.275317 290.766229 384.426846 30.805844 436.729894 415.292668 380.763706 384.365711 219.647445 523.345010 332.415403 432.306604 376.311042 207.800385 303.463342 281.886502 296.346081 
251.000000 7.000000 5.000000 a 371.615393 356.179730 116.516093 329.862092 477.419103 399.449621 198.156504 326.171734 375.000000 228.035085 137.317151 224.899978 494.976767 513.031188 296.057427 345.272356 85.428333 414.391120 445.633257 427.141663 344.139507 250.639183 534.562438 307.585760 445.654575 383.719950 151.076140 301.623938 324.556621 260.756591 
295.000000 2.000000 4.000000 a 291.247318 301.942047 55.108983 328.420462 426.502052 335.041788 159.113167 245.097940 363.683929 171.233758 157.724443 161.533278 426.878203 450.823691 243.813453 264.461717 129.247824 339.064891 411.757210 412.641491 263.136847 228.116198 480.360281 232.551070 395.060755 329.620994 71.028163 242.870336 309.864487 181.617730 
209.000000 3.000000 2.000000 a 195.256242 321.753011 171.420536 439.055805 439.055805 318.611048 247.800323 113.070774 458.248841 220.084075 305.131119 197.091349 386.151525 428.714357 280.765026 166.739317 287.501304 275.087259 463.993534 498.643159 162.249807 323.760714 479.670720 192.150982 411.588387 345.305662 91.787799 262.800304 404.813537 132.003788 
234.000000 1.000000 5.000000 a 172.307864 68.264193 278.028775 296.952858 130.249760 7.211103 209.403916 249.815932 272.325173 165.517371 331.209903 168.047612 106.329676 122.674366 111.615411 183.174780 367.828765 101.607086 197.344876 282.294173 189.156020 217.366051 165.592874 122.102416 109.123783 64.007812 297.112773 93.813645 242.860042 182.718363 
118.000000 6.000000 3.000000 a 154.402073 362.008287 307.327187 537.562089 454.120028 326.266762 353.638233 86.452299 542.373488 308.600065 439.556595 285.043856 355.825800 411.491191 344.145318 142.214627 431.856458 243.199507 511.981445 572.712843 136.418474 421.808013 477.561514 220.800815 433.859424 377.344670 238.113418 317.403529 493.624351 192.426609 
263.000000 9.000000 4.000000 a 465.241873 254.950976 359.555281 82.054860 265.188612 323.975308 261.705942 507.704639 51.662365 290.833286 276.115918 314.865050 393.753730 358.113111 251.606836 461.806236 333.001501 418.779178 156.284996 51.865210 466.347510 185.180993 315.824318 377.482450 250.647162 256.493665 434.750503 280.223125 103.174609 403.407982 
218.000000 5.000000 1.000000 a 188.279048 242.596373 86.492774 342.052628 365.715737 256.672944 150.801194 147.122398 362.096672 126.921235 218.634398 105.721332 340.083813 372.389581 193.837561 161.245155 212.849712 242.621104 376.494356 403.803170 159.890588 226.876618 413.039950 139.269523 336.043152 268.570289 47.169906 181.223619 308.369908 81.394103 
134.000000 7.000000 2.000000 a 230.488611 162.496154 87.091905 225.397427 285.727143 207.386113 35.000000 234.343765 244.658946 34.828150 145.000000 43.185646 305.163890 319.214661 102.883429 213.063371 170.472872 241.281993 272.029410 287.689068 215.139490 109.402925 341.353190 142.688472 254.080696 190.184121 144.806768 107.712581 190.766873 130.034611 
239.000000 2.000000 5.000000 a 259.370392 62.649820 220.655841 169.097605 161.400124 136.180028 120.702113 306.569731 154.777259 111.449540 224.162887 131.594073 228.484135 219.544984 48.259714 256.534598 271.449811 219.529041 139.606590 180.712479 261.268062 93.536089 221.269067 172.586210 130.096118 81.437092 273.731620 74.966659 115.801554 206.661559 
201.000000 1.000000 2.000000 a 392.184905 341.989766 130.049990 282.007092 457.790345 394.097704 180.479916 359.050136 331.074010 222.002252 88.277970 225.177708 492.293612 503.462014 282.242803 367.934777 31.000000 423.066189 413.729380 384.011719 367.724081 217.313138 517.000967 318.025156 426.282770 368.676010 189.084637 293.410975 283.584203 280.130327 
248.000000 2.000000 5.000000 a 159.154013 218.036694 106.301458 337.456664 339.418621 227.059464 147.410990 129.522199 352.512411 112.871608 231.905153 89.442719 308.729655 342.252831 173.441633 133.150291 233.053642 210.760528 356.854312 391.471583 132.438665 220.907220 384.984415 107.615055 310.412629 243.131652 78.816242 157.457931 299.821614 49.819675 
173.000000 5.000000 5.000000 a 327.665988 184.317661 161.644672 121.803120 282.856854 252.699426 73.817342 342.211923 155.029030 122.429572 103.773792 144.086779 349.864259 345.059415 135.148067 314.331036 157.699081 317.227048 227.437904 205.477493 317.233353 33.241540 343.758636 235.372046 252.723169 206.518764 239.250914 159.906223 102.176318 236.603043 
158.000000 9.000000 5.000000 a 255.704908 267.217140 31.384710 314.391476 392.135181 297.659201 133.660016 216.057863 344.702771 137.277092 161.446586 125.399362 388.881730 413.656863 210.278387 229.595296 146.112970 301.106294 383.157931 391.695034 228.659135 207.280004 444.935950 194.489074 360.916888 294.767705 52.697249 207.238992 290.341179 144.903416 
232.000000 5.000000 2.000000 a 363.989011 287.308197 113.322549 223.573254 399.676119 344.200523 127.640119 345.094190 270.667693 175.801024 31.016125 184.048907 443.211011 450.041109 228.674441 342.422254 33.286634 383.356231 352.308104 323.394496 343.176340 156.108936 459.526931 282.072686 368.415526 313.255487 190.078931 243.238566 222.272355 254.125953 
183.000000 8.000000 2.000000 a 369.640366 330.478441 107.517440 288.916943 448.910904 379.272989 169.499263 334.215499 335.214856 206.649462 95.707889 207.624661 476.707457 490.453871 270.336827 344.889837 44.654227 403.673135 410.780964 387.682860 344.488026 214.560015 507.303657 297.847276 417.228954 357.604530 163.487003 279.315234 285.686892 257.561643 
133.000000 6.000000 5.000000 a 250.059993 234.776489 14.142136 278.856594 359.200501 270.835744 96.176920 224.294449 307.702779 104.000000 139.283883 96.020831 365.001370 385.861374 176.459627 226.214500 137.178716 284.717404 346.417378 354.358575 226.274170 170.141118 413.401742 178.238604 327.731598 262.482380 82.800966 176.298043 253.300217 138.079687 
138.000000 3.000000 5.000000 a 208.959326 178.443268 388.919015 398.664019 152.502459 110.535062 326.906715 301.797946 363.792523 281.016014 448.929839 280.303407 12.165525 65.946948 228.989083 232.467202 484.846367 118.869677 258.373760 360.111094 238.214189 332.039154 139.946418 209.057408 156.467249 161.111762 395.294827 211.151604 345.057966 270.236933 
218.000000 4.000000 3.000000 a 208.806130 108.673824 139.463257 217.506322 232.690782 155.415572 62.769419 234.183689 223.680576 23.194827 186.252517 43.011626 254.125953 265.580496 50.000000 197.385410 219.718001 201.400099 228.484135 260.000000 200.823305 104.278473 287.570861 116.211015 201.201392 136.400147 185.132385 54.561891 173.254149 128.701204 
165.000000 3.000000 4.000000 a 43.324358 257.108926 299.100318 463.855581 330.650873 206.118898 303.151777 98.858485 456.039472 249.272943 414.030192 230.375780 222.461233 279.427987 257.707198 61.400326 424.199246 113.088461 402.355564 477.423292 61.392182 355.787858 347.850543 135.977939 314.249901 266.112758 258.992278 228.254244 413.823634 149.856598 
107.000000 9.000000 4.000000 a 263.410326 223.617978 445.179739 432.379463 164.984848 162.606888 378.635709 356.736598 391.931116 335.089540 499.064124 335.894329 66.400301 71.007042 278.490574 288.138855 537.409527 175.000000 275.426941 380.821480 293.743085 376.808970 130.146072 267.200299 179.279112 202.232539 453.361886 263.472959 380.089463 328.415895 
167.000000 2.000000 3.000000 a 350.463978 295.677189 91.021975 254.283307 412.698437 347.236231 134.182711 323.890414 299.001672 175.205594 64.845971 179.011173 445.458191 456.799737 235.773196 327.249141 36.013886 377.641364 373.148764 351.205068 327.452287 176.920886 471.501856 273.408120 381.083980 322.530619 161.755989 246.564393 248.805145 238.882816 
128.000000 4.000000 3.000000 a 364.166171 258.234390 136.824705 174.562310 363.675680 321.099673 108.908218 357.844938 221.995495 163.085867 21.931712 177.180699 420.010714 421.058191 202.714084 345.485166 78.644771 371.710909 308.577381 274.869060 347.086445 115.000000 424.322990 276.586334 333.066060 282.605732 218.487986 221.923410 174.642492 259.262415 
255.000000 8.000000 1.000000 a 94.810337 124.807852 218.661839 328.539191 222.804847 97.020616 184.317661 158.483438 319.530906 129.711218 305.439028 118.595953 169.685002 206.649462 121.741529 96.260064 329.243071 81.024688 274.302752 342.235299 101.788997 224.555116 258.069758 31.780497 199.040197 139.542108 217.745264 92.195445 277.722883 93.984041 
137.000000 3.000000 1.000000 a 115.883562 259.023165 181.220860 410.670184 369.510487 245.032651 223.832527 52.009614 420.218991 181.738824 310.742659 157.724443 306.882714 351.573605 227.975876 87.005747 307.936682 194.794764 406.863614 454.925269 82.975900 294.164920 406.019704 119.941652 343.925864 279.892837 125.000000 204.919496 369.380563 69.462220 
201.000000 1.000000 4.000000 a 192.854868 39.000000 266.377552 267.469624 120.066648 35.057096 189.623311 264.168507 242.870336 150.602125 309.316990 157.063681 129.618671 134.617978 88.752465 200.369658 348.644518 129.139460 172.904598 254.025589 206.167408 190.800943 164.711870 130.230565 93.941471 36.796739 293.402454 77.006493 213.354166 187.042776 
220.000000 7.000000 5.000000 a 394.194115 382.796290 142.270868 350.570963 503.912691 425.865002 224.501670 345.028984 397.283274 254.615396 156.719495 251.191162 521.149691 539.586879 322.665461 367.396244 101.414989 439.300580 470.880027 449.752154 366.012295 275.305285 561.143475 332.469547 472.149341 410.329136 169.779268 328.210298 347.666507 284.121453 
240.000000 8.000000 3.000000 a 284.184799 88.277970 332.380806 241.569866 42.520583 112.200713 238.069318 357.805813 199.424171 216.205920 341.989766 230.054341 156.923548 121.696343 143.293405 293.482538 390.406199 210.154705 92.130342 192.002604 299.347624 207.280004 103.276328 223.141211 13.601471 63.198101 373.230492 149.753130 191.039263 277.346354 
187.000000 7.000000 5.000000 a 35.777088 184.504742 236.782601 385.067527 274.184245 146.102704 226.883230 107.563934 378.651555 172.284648 341.915194 155.029030 194.164878 242.167298 179.387848 38.897301 357.530418 81.154174 333.282163 402.273539 44.922155 277.016245 302.273055 57.489129 253.160028 197.496835 214.014018 150.096636 335.393798 88.836929 
105.000000 1.000000 1.000000 a 197.770069 46.572524 202.141040 227.055059 171.563399 96.150923 121.659361 247.735746 216.333077 85.000000 242.365427 96.046864 195.133288 202.277038 23.345235 195.289529 280.665281 163.355441 185.994624 241.132744 200.142449 132.306462 224.615227 111.865991 140.687597 74.000000 238.891189 16.492423 175.162781 152.279349 
289.000000 6.000000 4.000000 a 234.181554 317.630288 122.494898 402.335681 440.447500 328.726330 214.441134 165.109055 428.074760 199.582063 252.200317 179.713661 407.427294 443.427559 268.419448 205.236449 229.165879 303.151777 450.370958 472.289106 201.972770 290.766229 486.805916 206.421898 410.951335 343.493814 41.340053 256.281096 373.751254 144.461067 
233.000000 6.000000 5.000000 a 207.280004 86.330759 318.698917 305.132758 93.477270 39.204592 243.287895 289.705022 272.660962 203.835718 362.227829 208.856410 81.884064 81.215762 142.003521 221.436221 402.304611 125.670203 179.047480 274.191539 227.501648 239.927072 122.065556 165.680415 79.931220 67.082039 340.824002 130.384048 251.336428 226.717886 
262.000000 7.000000 2.000000 a 214.767316 71.867934 310.266015 288.173559 86.023253 42.059482 231.311478 294.205710 255.691220 194.249839 348.862437 200.960195 98.615415 91.967386 129.556937 227.059464 390.155097 136.883162 164.195006 257.846854 233.077240 224.697575 122.808794 166.012048 67.801180 50.695167 336.168113 120.673112 234.418429 225.718852 
102.000000 4.000000 4.000000 a 204.198433 123.130013 346.394284 342.374064 110.344914 61.619802 276.602603 292.385020 308.561177 234.061958 397.075560 236.484672 44.283180 58.463664 176.490793 222.575830 435.459527 115.433964 208.556947 307.416655 228.632894 276.920566 119.641130 179.688620 106.437775 104.737768 361.835598 161.721984 288.693609 241.960741 
114.000000 1.000000 3.000000 a 317.959117 122.147452 232.860473 107.280007 194.023194 196.163197 127.882759 357.798826 98.290386 144.138822 198.957282 167.725967 284.270997 267.441582 102.927159 312.833822 252.764713 281.368086 132.608446 134.617978 317.200252 63.906181 255.000000 228.431609 166.012048 135.340312 298.904667 132.230859 54.083269 253.917309 
136.000000 4.000000 4.000000 a 251.509443 199.822421 53.037722 237.760384 322.605022 243.961062 52.469038 241.919408 264.514650 71.505245 122.200655 72.945185 341.123145 356.454766 140.003571 231.054106 138.351003 271.935654 304.029604 310.742659 232.260629 126.873953 378.613259 169.097605 290.903764 227.481867 123.470644 144.941367 210.090457 143.683680 
277.000000 7.000000 4.000000 a 184.531840 139.635239 348.037354 364.001374 138.032605 69.354164 285.376944 275.089076 332.483082 239.436839 407.590481 239.069028 31.112698 74.545288 188.042548 205.087786 443.233573 93.904207 235.696839 333.352666 211.059233 292.441447 143.000000 171.758551 133.843192 125.015999 357.102226 169.614268 310.014516 233.734893 
232.000000 6.000000 3.000000 a 314.534577 102.693719 265.092437 132.457540 153.169840 173.902271 160.449369 364.683424 103.464970 164.711870 241.151405 186.574382 254.196774 231.458420 106.508216 313.312943 294.278779 266.552059 93.171884 123.044707 318.210622 105.118980 213.843401 229.897803 126.625432 107.912001 325.345970 132.548104 79.429214 264.801813 
287.000000 4.000000 1.000000 a 142.762040 211.728600 370.060806 440.447500 228.547588 138.278704 330.643312 235.034040 414.738472 278.016187 453.811635 269.883308 91.525953 152.013157 245.985772 170.417135 480.767095 71.561163 325.382851 420.234458 175.308300 355.028168 225.787511 178.353581 224.189652 204.714435 358.509414 220.635446 386.380641 231.276890 
216.000000 7.000000 5.000000 a 421.900462 218.288800 308.172030 39.357337 250.569352 290.368731 210.380607 460.045650 20.808652 241.118228 229.368699 265.198039 368.266208 339.135666 206.929940 416.750525 286.698448 381.473459 149.816554 69.856997 421.058191 133.843192 306.426174 332.362754 230.828941 224.243172 383.293621 236.171548 53.075418 354.970421 
249.000000 1.000000 5.000000 a 479.817674 271.412969 364.917799 82.969874 284.253408 341.216940 269.453150 519.977884 65.863495 301.318768 275.327078 325.399754 412.243860 377.064981 265.414770 475.600673 331.603679 435.289559 175.385290 70.604532 480.026041 193.051807 334.905957 391.203272 269.475416 273.879536 441.530293 294.350132 113.278418 415.077101 
164.000000 9.000000 1.000000 a 276.045286 211.066340 441.661635 411.951453 140.014285 156.847059 369.655245 368.756017 369.510487 328.896640 488.123960 331.748399 70.830784 49.979996 268.307659 299.252402 528.674758 185.690603 250.287834 356.113746 305.045898 362.415507 101.636608 270.296134 157.165518 187.664594 455.070324 255.988281 360.471913 332.338683 
293.000000 7.000000 3.000000 a 284.015845 145.660564 391.945149 324.040121 49.010203 121.412520 306.726262 369.871599 279.485241 274.985454 418.163843 283.635329 102.591423 47.539457 205.876176 300.695860 463.608671 196.420467 159.380049 265.120727 306.778422 286.204472 40.049969 247.891105 69.462220 118.406081 420.329633 202.148460 273.996350 308.734514 
287.000000 5.000000 1.000000 a 411.257827 194.733151 386.104908 175.727061 151.380316 245.904453 281.028468 473.861794 117.413798 286.148563 344.379152 307.293020 291.926361 246.174735 222.389298 415.701816 400.765517 345.249185 46.861498 77.388630 421.170987 216.529444 193.002591 336.481797 147.597425 182.630775 447.353328 243.823707 149.465715 379.637985 
234.000000 8.000000 1.000000 a 404.400791 393.021628 152.898659 357.201624 513.907579 436.405774 234.367233 354.381151 404.654173 265.047166 163.150238 261.767072 531.751822 550.044544 332.866340 377.514238 106.920531 449.882207 479.876026 457.265787 376.077120 284.017605 571.273140 343.052474 482.147280 420.529428 179.270745 338.634021 355.489803 294.496180 
102.000000 9.000000 4.000000 a 357.643677 141.834410 348.127850 179.047480 109.004587 192.439601 244.239636 421.636099 126.649122 242.002066 322.913301 261.772802 243.870867 202.987684 174.416169 362.527240 377.307567 291.796162 9.055385 107.168092 368.050268 188.480768 160.561515 284.200633 98.371744 128.887548 404.268475 193.597521 138.600144 329.473823 
218.000000 2.000000 5.000000 a 154.324334 341.470350 257.437371 500.344881 443.843441 316.180328 312.416389 63.953108 509.789172 271.532687 390.888731 247.503535 360.449719 412.205046 315.626361 133.375410 380.320917 245.165250 491.057023 543.624871 127.318498 383.762948 473.688716 198.929636 420.773098 359.912489 185.283566 291.034362 459.152480 158.050625 
148.000000 2.000000 5.000000 a 76.687678 268.419448 237.075937 445.694963 365.928955 237.951676 266.242371 16.763055 448.528706 217.974769 363.049583 195.133288 282.023049 333.073565 249.777901 54.147945 364.111247 166.676333 418.502091 478.264571 48.093659 330.945615 394.575722 126.491106 343.803723 284.917532 183.926616 222.912539 400.499688 102.415819 
175.000000 7.000000 1.000000 a 394.770820 209.059800 254.578082 29.206164 269.742470 283.086559 162.111073 423.001182 72.034714 200.683831 171.493440 224.450440 370.621100 350.406906 182.186717 386.120448 228.875512 365.953549 183.251194 125.171882 389.874339 87.783825 329.236997 302.775494 244.969386 221.903132 332.051201 211.558503 40.706265 316.809091 
284.000000 3.000000 3.000000 a 322.456199 136.367151 218.659553 98.615415 214.804562 210.152326 114.725760 356.931366 101.788997 138.405202 178.134780 162.431524 300.842151 286.386103 108.268186 315.456812 232.417727 291.430952 152.712148 144.201248 319.530906 44.721360 275.835096 231.354706 186.386695 152.082215 287.784642 137.786066 50.249378 251.733987 
296.000000 5.000000 2.000000 a 447.403621 397.416658 185.310550 316.140791 511.062618 451.029932 236.241402 409.585156 369.157148 279.234668 130.613935 282.630501 549.416054 559.518543 338.044376 422.512722 78.243211 480.320726 461.091097 422.291369 422.018957 266.187904 570.831849 374.989333 479.770779 423.769985 236.008474 350.184237 325.405900 335.335653 
161.000000 3.000000 1.000000 a 266.317480 175.855054 412.098289 373.879660 103.585713 128.128841 336.043152 357.089625 331.746891 297.558398 453.017660 302.134076 63.568860 12.806248 234.292552 287.085353 494.886856 175.410946 214.032708 319.507433 293.061427 325.719204 75.073298 248.583990 119.218287 151.433154 430.442795 224.089268 322.406576 310.871356 
152.000000 9.000000 2.000000 a 194.833262 173.002890 377.637392 396.102260 157.622968 102.693719 318.025156 287.656045 362.994490 271.090391 440.556466 269.536639 15.620499 76.006579 221.386540 218.332316 475.398780 104.737768 261.122577 361.386220 224.075880 325.960120 149.843251 196.114762 158.826950 157.457931 382.468299 202.319055 342.246987 257.005837 
188.000000 2.000000 3.000000 a 428.588381 231.417372 298.439274 17.000000 272.523393 304.647337 204.831638 461.841964 46.097722 240.520269 211.059233 264.518430 386.020725 359.389761 213.775583 421.773636 268.007463 393.001272 174.152232 94.021274 425.819210 129.189783 329.358467 337.681803 251.431899 239.835360 375.704671 243.304336 57.939624 355.983146 
116.000000 9.000000 4.000000 a 415.650093 326.810343 164.149322 224.899978 432.897216 387.856932 172.235304 396.692576 278.212149 223.600089 49.648766 233.805475 486.963038 489.802001 270.201776 394.324739 44.687806 432.380619 374.593113 331.308014 395.126562 183.741666 493.592950 332.613890 402.349351 351.548005 237.876018 287.600417 235.847408 306.080055 
121.000000 9.000000 1.000000 a 407.011056 298.750732 170.000000 184.295958 399.696135 363.323547 152.610616 397.280757 237.775104 206.813926 36.055513 220.581051 461.989177 460.956614 244.675295 387.743472 74.094534 415.427491 336.774405 290.836724 389.158066 150.146595 460.665822 320.057807 369.718812 322.280933 249.359179 264.864116 196.400102 300.815558 
267.000000 9.000000 2.000000 a 318.097469 141.661569 387.881425 281.391187 18.248288 146.164291 293.942171 398.246155 232.690782 271.330057 396.146438 284.253408 155.080624 102.883429 198.640379 331.144983 445.468293 235.669260 107.298649 213.283848 337.170580 260.461130 54.230987 267.800299 47.539457 114.756263 426.469225 202.980295 234.565556 325.186101 
136.000000 9.000000 1.000000 a 176.555940 172.817823 94.625578 283.557754 297.121187 195.862196 96.041658 173.072239 297.329783 57.706152 197.063442 34.785054 286.803068 312.078516 122.409150 156.156972 210.523158 204.083316 305.124565 336.362899 157.537297 166.883193 346.913534 97.943861 266.822038 199.461776 112.294256 111.305885 244.804003 69.856997 
285.000000 9.000000 5.000000 a 191.094218 156.208194 97.308787 258.862898 281.186771 187.608635 73.409809 195.726850 272.360056 33.241540 182.617086 13.601471 282.136492 302.866307 102.122475 173.118457 202.249845 208.146583 283.171326 311.713009 175.137089 142.214627 333.142612 105.536723 250.297823 183.521116 131.015266 95.519631 219.804459 90.470990 
128.000000 5.000000 3.000000 a 181.220860 139.057542 115.883562 257.099203 263.878760 169.011834 79.429214 194.486503 266.627080 28.017851 195.317690 7.280110 263.759360 284.285068 87.206651 165.420676 218.103187 192.200416 269.948143 303.764712 168.002976 141.240929 315.192005 92.347171 233.205918 166.138496 146.577624 77.884530 215.257985 88.232647 
122.000000 3.000000 4.000000 a 187.552659 228.162223 79.006329 326.559336 351.813871 245.018367 135.247921 154.434452 346.070802 110.860272 208.139376 89.944427 330.605505 361.088632 178.404036 161.607549 206.038831 236.326046 360.767238 387.659645 160.853971 211.116082 400.026249 131.137333 321.885073 254.418946 58.189346 166.676333 292.405540 77.175126 
206.000000 7.000000 1.000000 a 426.648567 407.456746 172.002907 358.201061 526.854819 453.379532 247.194256 378.001323 407.718040 281.192105 164.878743 279.415461 549.586208 566.083033 347.241991 400.005000 107.466274 470.124452 488.360523 460.665822 398.694118 291.892103 584.946151 363.329052 495.141394 434.771204 202.763409 354.572983 360.099986 316.185072 
277.000000 8.000000 3.000000 a 257.000000 181.110464 412.656031 384.796050 117.711512 127.800626 339.713114 348.633045 343.909872 299.347624 458.132077 302.676395 51.623638 23.021729 238.321212 278.718496 498.727380 166.003012 227.982455 333.096082 284.634854 332.777704 90.785461 244.393126 131.244047 157.943028 427.987149 226.278589 332.794231 306.648007 
240.000000 1.000000 2.000000 a 78.108898 263.129246 228.054818 437.824166 362.604468 234.829726 257.660630 17.464249 441.316213 209.773688 354.018361 186.796681 281.937936 332.006024 242.991769 53.235327 355.090129 166.736319 413.185189 471.606828 47.381431 322.845164 392.474203 120.739389 339.948526 280.235615 175.570499 216.462468 392.970737 93.941471 
267.000000 4.000000 4.000000 a 289.927577 153.687996 400.005000 329.892407 53.338541 128.763349 314.696679 376.350900 284.606746 283.047699 425.868524 291.671048 104.737768 47.169906 213.901847 307.026058 471.476404 201.762236 163.049072 269.001859 313.107010 293.639234 33.541020 255.227350 76.026311 126.400158 428.210229 210.202284 280.223125 316.218279 
200.000000 3.000000 4.000000 a 235.815606 55.470713 302.775494 258.627145 74.108029 64.443774 216.640255 310.220889 224.877745 185.593642 330.080293 195.818794 128.035151 111.507847 115.676272 245.307970 374.113619 163.416645 135.247921 226.947130 251.199124 201.556444 123.975804 176.918060 47.296934 28.319605 336.025297 113.885908 205.182845 233.308808 
142.000000 5.000000 3.000000 a 447.966517 248.853370 316.632279 33.541020 283.853836 321.645768 224.200803 481.684544 52.810984 260.353606 224.891085 284.344861 401.100985 372.490268 233.019313 441.389850 281.300551 411.144743 181.859836 92.097774 445.466048 148.822041 339.377371 357.240815 264.196896 256.134730 394.461658 262.520475 76.922038 375.832409 
264.000000 5.000000 1.000000 a 317.804972 277.146171 57.008771 263.910970 397.548739 323.904307 118.067777 289.761971 303.797630 151.320851 87.692645 151.822265 421.070065 435.835978 216.933169 294.110523 70.114193 348.427898 366.749233 354.682957 294.159821 173.649071 455.057139 243.074063 365.789557 304.540638 129.282636 224.403654 251.390135 205.922315 
136.000000 9.000000 1.000000 a 122.065556 155.724115 149.966663 313.523524 273.065926 157.562686 139.713994 138.657852 317.529526 87.464278 251.336428 66.708320 240.216569 272.611445 122.114700 105.019046 267.327514 149.030198 301.504560 350.000000 107.563934 199.323857 316.469588 42.201896 245.165250 178.809955 147.248090 99.161484 268.575874 36.769553 
285.000000 7.000000 4.000000 a 360.848999 143.840189 315.192005 129.294238 151.211772 207.966343 210.085697 415.473224 80.230917 217.720004 277.319311 239.703984 274.925444 241.298570 158.518138 361.697387 332.866340 305.276923 55.901699 77.897368 366.816030 146.321564 207.183494 279.401145 133.033830 140.431478 377.732710 183.098334 88.459030 317.036276 
299.000000 1.000000 5.000000 a 124.535136 99.362971 204.501834 298.077171 207.407811 88.887569 158.685223 180.679274 289.558284 105.304321 281.320102 98.270036 175.547714 204.313485 91.285267 123.166554 308.585482 104.139330 249.435362 313.427823 128.316016 194.815297 248.338479 43.657760 181.176709 117.643529 214.767316 61.741396 247.309523 100.124922 
299.000000 8.000000 4.000000 a 298.202951 90.027773 324.784544 216.480946 62.769419 129.417928 226.770809 367.555438 173.487752 210.601519 325.153810 226.638479 182.222392 147.573710 137.931142 305.378454 375.261242 228.641641 70.000000 166.628329 311.102877 189.179809 123.458495 231.041122 39.204592 70.213959 370.714176 149.405489 166.769302 281.902465 
147.000000 2.000000 2.000000 a 426.229985 309.958062 191.880171 177.609121 406.532901 376.406695 169.434353 418.389770 233.265943 224.182961 57.775427 239.052296 474.573493 471.110390 257.751819 407.505828 92.282176 431.918974 338.421335 285.895086 409.059898 158.372977 467.603464 338.332677 377.160443 332.555259 271.311629 279.308074 195.685973 321.029594 
196.000000 1.000000 1.000000 a 256.462473 110.258786 355.787858 301.628911 48.083261 88.141931 271.707563 339.524668 261.231698 238.907932 384.948048 247.388359 97.308787 60.876925 170.414201 271.182595 429.284288 172.235304 150.572242 253.339693 277.252592 254.890172 74.148500 214.084096 49.365980 83.486526 384.376118 165.945774 249.815932 274.235300 
182.000000 6.000000 4.000000 a 294.852506 228.805594 461.345857 424.952939 149.856598 176.476627 388.239617 387.778287 380.916001 348.183859 506.003953 351.391520 90.520716 66.037868 286.681007 318.441517 547.220248 204.841402 259.069489 365.110942 324.197471 379.056724 104.560987 290.408333 169.799882 204.707108 475.184175 275.087259 374.156384 352.434391 
160.000000 9.000000 3.000000 a 92.703829 306.444122 290.441044 495.101000 393.005089 265.699078 318.851062 58.309519 494.862607 269.228527 416.984412 246.965585 292.441447 348.208271 294.920328 85.702975 417.432629 180.055547 455.579850 521.844805 80.622577 381.533747 414.773432 169.177422 373.871636 319.788993 233.452351 266.790180 448.416101 155.080624 
220.000000 9.000000 3.000000 a 447.414796 256.877403 299.095303 28.160256 303.349633 330.650873 212.150890 475.463984 76.843998 253.001976 199.744837 276.626101 414.391120 389.344321 234.093998 438.949883 255.327241 416.454079 205.428820 121.210561 442.712096 139.807010 360.489944 355.534808 281.684220 267.067407 378.600053 263.577313 82.298238 369.226218 
129.000000 5.000000 2.000000 a 296.556909 295.296461 47.413078 313.408679 419.314917 331.602171 147.979728 254.786185 349.675564 164.584325 141.449638 156.984076 424.944702 446.838897 236.393739 270.416346 114.236597 340.411516 401.004988 399.091468 269.429026 214.932548 474.093873 233.600086 387.731866 323.024767 83.186537 237.286746 296.082759 185.607112 
195.000000 5.000000 1.000000 a 280.315893 240.958503 30.479501 255.264569 363.147353 284.985965 86.884981 258.435679 288.877137 112.805142 104.923782 112.004464 381.681805 397.816541 180.966848 257.526698 105.380264 308.585482 339.699868 337.675880 257.939915 153.182897 419.611725 203.538694 331.404587 268.570289 112.538882 186.316934 234.955315 169.070991 
165.000000 6.000000 2.000000 a 234.957443 39.812058 287.758579 244.131112 85.906926 68.505474 200.062490 305.655034 212.607620 170.578428 312.929705 181.892826 142.593829 128.631256 99.644368 242.470617 357.207223 167.609666 131.529464 217.910532 248.243832 184.447825 139.118654 170.329093 56.080300 12.083046 323.426962 100.169856 190.378570 224.510579 
221.000000 7.000000 5.000000 a 183.991848 37.161808 251.031870 264.518430 135.003704 42.059482 176.400113 252.001984 243.261177 135.723985 297.215410 141.523850 140.431478 149.305057 76.922038 189.678676 335.310304 126.716218 181.400110 257.660630 195.358645 182.222392 180.499307 116.661905 107.912001 45.650849 277.605836 62.289646 210.641876 172.235304 
251.000000 1.000000 1.000000 a 153.003268 344.383507 265.631323 506.332894 445.112345 317.238081 319.014106 65.145990 514.965047 277.315705 398.898483 253.337719 359.112796 411.588387 319.915614 133.360414 388.857300 244.000000 494.191259 548.206166 127.279221 389.835863 473.903999 201.725060 422.497337 362.310640 194.030925 294.898288 464.634265 163.027605 
139.000000 7.000000 1.000000 a 226.417755 60.108236 304.711339 270.362719 78.409183 53.823787 221.515236 302.768889 237.305710 187.800426 336.881285 196.573142 116.211015 103.469802 119.854078 236.947252 379.748601 152.029602 147.200543 239.585058 242.892981 210.202284 123.328829 171.172428 55.036352 35.355339 334.964177 114.934764 216.748702 229.000000 
204.000000 6.000000 5.000000 a 253.308113 119.753914 147.488983 173.833253 235.002128 181.176709 45.310043 277.418456 184.715998 55.901699 158.091746 79.981248 279.973213 282.708330 62.649820 242.161103 200.142449 240.351825 209.537586 225.204352 245.578908 59.506302 293.646045 160.654910 203.324863 145.670862 208.597699 83.952367 132.280006 171.327172 
114.000000 2.000000 1.000000 a 143.753261 322.386414 236.239285 478.305342 427.162732 300.028332 290.222329 50.487622 488.215117 249.617708 369.390038 225.568172 348.862437 399.031327 294.898288 120.266371 359.901375 233.565837 471.580322 522.533253 114.354711 361.697387 458.835482 180.277564 403.372037 341.540627 165.773942 270.795126 437.378555 136.824705 
273.000000 3.000000 4.000000 a 312.246697 185.299757 137.083916 146.372812 291.343440 250.008000 53.310412 322.024844 178.664490 105.905618 93.338095 125.872952 348.462337 347.932465 131.308796 297.410491 143.031465 307.883095 243.846263 228.372503 300.000000 47.539457 351.745647 220.782699 260.461130 209.401528 214.755675 153.052279 125.159898 217.186556 
229.000000 4.000000 5.000000 a 155.708060 189.095214 364.802686 417.387110 198.977386 115.069544 317.554720 249.088338 389.515083 266.602701 441.045349 260.862032 62.649820 123.166554 228.089895 181.515840 470.970275 71.561163 296.971379 393.178077 186.903719 336.441674 196.657062 175.385290 195.358645 179.694185 359.912489 204.533616 363.240967 232.544619 
136.000000 9.000000 4.000000 a 280.000000 333.097583 103.160070 385.129848 457.918115 354.877444 206.813926 217.112874 417.326012 206.072803 217.903648 190.625287 440.113622 471.038215 278.603661 251.445819 186.386695 341.774780 455.004396 464.723574 248.809164 280.146390 508.213538 239.384628 427.244661 360.173569 53.009433 271.884167 363.044074 180.277564 
174.000000 6.000000 2.000000 a 393.284884 230.436542 219.401459 73.006849 308.781476 303.065999 141.198442 409.810932 124.723695 189.475592 121.066098 211.539594 396.309223 382.925580 191.041880 380.969815 178.025279 376.585980 231.140650 177.789201 384.037759 82.492424 369.431996 300.682557 281.575922 248.080632 300.041664 218.586367 87.005747 304.179223 
108.000000 9.000000 2.000000 a 426.016432 208.278659 383.692585 155.900609 176.705970 264.401210 278.729259 484.809241 97.349884 289.088222 332.776201 311.191260 315.686553 271.626582 229.421010 428.855454 389.771728 363.631682 68.154237 51.865210 434.165867 210.085697 220.020454 347.932465 170.469939 199.150697 448.397145 252.960471 136.561342 387.827281 
135.000000 1.000000 2.000000 a 379.332308 192.065093 247.913291 41.880783 254.468073 266.092089 151.990131 409.503358 70.000000 187.683244 173.611636 211.624668 353.747085 334.089808 166.027106 371.238468 230.982683 349.292141 171.213317 122.494898 375.095988 76.059187 314.311947 287.600417 229.157151 204.978048 323.834834 195.478899 26.870058 303.461694 
289.000000 8.000000 4.000000 a 196.987309 22.847319 249.435362 250.744890 129.757466 53.460266 170.082333 262.682318 228.965063 132.853303 289.306066 141.031911 149.693019 153.456834 68.818602 201.645729 329.083576 141.031911 168.928979 243.515913 207.234167 171.026314 178.731642 126.194295 101.004950 35.171011 280.174945 59.539903 196.786687 179.354398 
186.000000 4.000000 2.000000 a 219.146070 283.487213 92.005435 367.836920 407.062649 298.343761 178.899413 162.594588 392.451271 163.624570 225.177708 144.170038 380.663894 413.929946 233.077240 190.829767 208.520982 280.529856 414.560008 436.331296 188.480768 255.360529 454.754879 179.387848 377.196235 309.725685 13.000000 221.995495 338.189296 119.201510 
192.000000 3.000000 4.000000 a 351.271974 154.175225 250.251873 74.545288 213.412746 227.969296 147.363496 389.073258 68.242216 171.819673 197.448728 195.800919 313.438989 292.720003 136.191042 345.637093 253.653307 314.696679 135.665029 111.570605 349.905702 73.552702 273.541587 261.275716 187.771137 165.109055 320.814588 165.604952 20.615528 284.344861 
114.000000 7.000000 4.000000 a 316.627541 147.705789 394.974683 293.615395 22.847319 146.112970 302.398743 398.393022 245.055096 278.095307 406.208075 290.243002 147.271857 93.037627 205.769288 330.650873 455.000000 232.561820 119.507322 225.435135 336.703133 270.867126 42.047592 269.670169 54.561891 120.332872 431.653796 208.585714 246.531945 328.001524 
115.000000 2.000000 3.000000 a 345.635646 129.529919 299.041803 128.160056 149.576068 195.923454 194.000000 399.011278 85.023526 200.683831 265.228204 222.625246 267.080512 236.662207 141.661569 345.897384 320.156212 292.181450 65.368188 91.607860 350.955838 132.280006 207.646334 263.250831 128.413395 128.316016 360.901649 166.604322 82.200973 300.166620 
183.000000 6.000000 5.000000 a 156.706732 122.036880 316.077522 350.374086 150.658554 48.010416 257.614052 245.130577 323.542887 209.678325 380.663894 207.819633 63.820060 104.172933 163.600122 175.231276 414.247511 68.942005 237.693079 329.710479 181.276033 270.844974 166.865215 138.224455 139.387948 113.507709 323.630963 142.351677 296.233016 200.242353 
251.000000 4.000000 2.000000 a 139.057542 148.097941 324.445681 376.818259 177.730133 74.732858 274.089401 230.627405 351.525248 223.617978 397.573893 218.835555 68.066144 120.507261 184.621234 160.798010 428.253430 48.093659 266.810794 358.620970 166.676333 293.218349 188.557683 138.405202 168.014880 141.682744 324.679842 160.853971 322.744481 198.436388 
127.000000 9.000000 5.000000 a 114.546934 106.831643 250.233891 326.643537 189.282857 61.392182 202.773272 190.905736 310.821492 150.615404 326.032207 144.585615 132.306462 168.077363 122.690668 124.064499 354.650532 63.126856 251.213057 327.940543 130.034611 231.138487 221.056554 70.228199 167.943443 114.865138 255.031371 95.005263 273.853976 132.517923 
172.000000 7.000000 4.000000 a 214.704448 213.925221 415.061441 435.555967 186.625293 143.735869 358.421540 308.038959 400.780489 310.644491 481.202660 308.025973 49.010203 94.873600 262.392835 240.651200 515.264980 129.691943 294.090122 396.547601 246.032518 367.042232 166.604322 229.584407 192.634369 197.587955 415.600770 242.851807 381.886109 288.780193 
147.000000 6.000000 2.000000 a 125.004000 209.121974 139.441744 352.029828 326.001534 207.509036 166.355042 102.956301 361.863234 123.044707 261.082362 99.035347 283.114818 320.488689 172.307864 99.040396 265.544723 180.543624 353.860142 397.464464 98.488578 235.592869 367.887211 82.540899 298.429221 232.243407 108.903627 151.528875 310.774838 20.248457 
116.000000 1.000000 4.000000 a 198.962308 329.229403 178.616908 447.040267 446.135630 325.207626 255.800704 114.629839 466.309983 228.122774 312.128179 205.104851 391.655461 434.802254 288.600069 170.672200 293.656262 280.028570 471.780669 506.693201 166.012048 331.789090 486.334247 198.728458 418.807832 352.642879 98.386991 270.445928 412.869229 139.032370 
278.000000 2.000000 3.000000 a 188.265770 151.584960 102.303470 258.311827 276.537520 182.608872 74.672619 195.166596 270.756348 30.886890 185.973116 9.055385 277.185858 297.874134 98.020406 170.836179 206.494552 203.789107 279.594349 309.535135 173.002890 141.767415 328.324535 101.788997 245.703073 178.843507 135.092561 90.757920 218.487986 89.442719 
274.000000 3.000000 4.000000 a 328.207252 211.627030 129.529919 155.926265 318.152479 275.118156 68.029405 331.158572 194.743421 123.004065 66.468037 140.292551 373.871636 374.444923 156.524758 311.636006 117.183617 329.293182 268.330021 246.073160 313.805672 72.013888 378.593449 238.170107 287.308197 236.019067 210.375854 176.785180 143.013985 228.359366 
275.000000 6.000000 2.000000 a 61.220911 220.531177 207.330654 398.282563 322.256109 195.166596 222.656686 59.481089 399.906239 172.191754 326.291281 150.233152 250.343764 297.053867 200.897984 32.756679 333.178631 137.295302 370.552291 429.348343 31.016125 284.411673 354.622334 78.032045 298.760774 238.077718 169.097605 174.002874 352.330810 60.530984 
297.000000 8.000000 4.000000 a 355.394147 228.177562 154.029218 138.462991 328.146309 294.721903 94.894678 359.389761 183.221178 149.482440 61.684682 167.705098 392.745465 389.771728 176.173210 339.299278 118.359621 353.503890 269.295377 235.849528 341.562586 78.517514 389.073258 264.756492 298.062074 251.113520 235.705325 198.640379 134.937022 256.470271 
118.000000 1.000000 5.000000 a 283.386662 226.684803 50.219518 233.634330 347.247750 274.798108 68.352030 268.495810 267.059918 102.303470 92.962358 105.990566 372.633869 385.845824 166.469216 262.093495 105.109467 305.158975 319.939057 315.981012 263.001901 131.643458 404.604745 202.200396 315.483756 254.064952 131.643458 174.656806 213.178329 174.011494 
228.000000 8.000000 5.000000 a 437.851573 296.627713 224.401426 132.003788 381.356788 367.200218 177.386583 440.545117 189.707670 231.698079 95.268043 250.263861 462.992441 453.154499 250.714978 421.858981 141.315250 432.781700 303.534183 241.167991 424.099045 143.136299 442.150427 346.873176 353.638233 316.425347 306.104557 275.748073 159.176003 338.600059 
218.000000 6.000000 1.000000 a 76.576759 294.159821 311.579845 495.298900 370.411933 245.458754 327.493511 89.005618 490.229538 275.118156 432.945724 254.530941 260.837114 318.472919 290.688837 83.216585 438.292140 152.846328 440.709655 513.474439 80.361682 384.731075 387.408054 166.003012 353.725883 304.356699 261.965647 261.543495 446.413485 167.200478 
164.000000 4.000000 2.000000 a 133.633828 321.160396 248.386795 484.096065 422.739873 295.025423 297.634003 42.755117 492.061988 254.950976 380.757140 231.041122 339.649820 391.127856 296.664794 112.218537 373.065678 224.321198 470.923561 525.023809 106.169676 367.722722 452.478729 178.518907 399.809955 339.265383 180.177690 271.582400 441.946829 140.121376 
219.000000 1.000000 3.000000 a 243.823707 150.000000 106.677083 201.675482 270.601183 202.039600 17.029386 254.527012 220.065899 38.000000 139.785550 56.920998 300.935209 310.427125 89.810912 228.484135 173.002890 246.000000 250.449596 263.229938 231.041122 85.276022 327.757532 153.209008 238.838858 177.282261 168.961534 101.019800 166.207701 148.922799 
186.000000 3.000000 2.000000 a 472.217111 255.344865 398.001256 134.937022 237.394187 317.447633 295.677189 524.123077 85.287748 316.241996 326.810343 339.666012 374.813287 332.280002 265.663321 472.381202 384.173138 415.784800 127.577427 37.589892 477.385588 220.954746 281.001779 389.343036 229.314195 250.491517 469.055434 292.099298 138.462991 423.052006 
180.000000 4.000000 5.000000 a 392.011479 212.190952 243.287895 39.924930 278.657496 286.085652 153.521985 417.234946 86.348133 194.733151 157.318149 218.213199 375.506325 357.351368 181.463495 382.374162 214.674172 366.460093 195.166596 139.488351 385.954661 81.541401 338.614825 299.643121 253.031619 226.565664 321.603794 210.523158 51.088159 310.980707 
137.000000 8.000000 3.000000 a 117.630778 112.254176 267.262044 336.407491 182.937148 55.470713 218.515446 199.271172 318.025156 166.928128 341.919581 161.446586 116.107709 154.557433 135.014814 130.728727 371.247896 52.201533 251.765764 332.633432 136.795468 244.018442 210.770017 85.428333 163.856645 116.275535 271.154937 108.461975 283.114818 147.461859 
200.000000 4.000000 5.000000 a 81.221918 166.436174 187.640614 346.770818 273.250801 149.053682 179.524372 114.057003 346.005780 125.876924 292.385020 106.794195 218.908657 258.588476 146.386475 66.708320 307.546744 116.726175 316.205629 374.546392 70.235319 234.957443 310.232171 24.041631 248.090709 185.310550 172.351385 119.096599 299.456174 45.000000 
233.000000 8.000000 4.000000 a 223.617978 80.603970 321.217995 291.756748 76.694198 51.971146 241.124449 304.244967 257.316925 204.980487 357.800224 212.058954 95.000000 82.462113 139.301831 236.681220 399.791196 143.600139 160.878836 257.116705 242.720003 232.105579 111.462998 177.002825 61.522354 57.271284 347.558628 131.468627 238.314918 236.932480 
272.000000 4.000000 3.000000 a 354.001412 257.241132 121.757957 187.541995 365.961747 317.907219 102.883429 344.947822 233.259512 155.708060 20.615528 168.193341 417.004796 420.287996 200.262328 334.598267 70.007142 364.791721 315.163450 285.847862 336.007440 119.570063 426.279251 267.686384 335.005970 282.336678 203.216633 217.793480 184.455957 247.703452 
228.000000 1.000000 3.000000 a 137.360839 195.923454 124.907966 332.031625 315.406087 200.683831 146.123236 123.004065 342.667477 103.276328 242.738542 79.208585 281.311216 315.431451 155.666310 113.282832 249.575640 183.853202 338.320854 379.056724 113.534136 215.522621 359.562234 80.156098 287.001742 220.111335 106.254412 136.693087 291.247318 25.298221 
177.000000 1.000000 1.000000 a 288.804432 82.377181 241.913208 146.577624 156.464053 155.929471 138.462991 337.179477 126.178445 138.079687 229.438445 159.480406 242.396370 226.002212 78.816242 286.693216 280.264161 244.789706 115.156415 150.146595 291.496141 93.434469 217.497126 202.940878 127.003937 93.536089 299.549662 105.380264 92.439169 237.023206 
249.000000 9.000000 3.000000 a 308.527146 108.226614 347.247750 234.093998 43.680659 136.605271 249.881972 381.451176 187.920196 232.398365 348.282931 247.703452 176.173210 135.181360 159.477271 317.553145 398.553635 234.360833 71.470274 175.034282 323.396042 212.162673 102.576800 246.162548 31.384710 85.146932 391.567363 169.002959 186.043006 299.207286 
237.000000 4.000000 4.000000 a 114.162165 198.708329 148.489057 349.548280 314.101894 194.486503 166.820263 102.396289 357.191825 120.420098 266.475140 96.834911 269.267525 307.001629 164.648110 89.442719 273.541587 166.832251 344.818793 391.429432 89.560036 233.600086 355.147857 68.963759 286.923335 221.183182 122.347865 142.442971 306.887602 7.000000 
144.000000 2.000000 1.000000 a 205.798445 270.815435 92.179173 362.270617 394.000000 284.339586 172.037787 152.594233 385.053243 153.169840 226.311732 132.849539 366.279948 399.802451 221.442995 177.673859 213.243992 266.189782 403.628542 428.029205 175.513532 248.565887 441.191568 164.984848 364.314425 296.840024 24.186773 209.403916 330.968276 104.809351 
201.000000 6.000000 4.000000 a 183.439363 50.039984 204.430917 241.919408 173.173324 86.533231 130.084588 235.771075 230.783448 88.408144 252.253840 95.854056 185.607112 196.664689 37.013511 181.727818 288.600069 148.862353 195.777935 254.593794 186.697616 146.054784 223.787846 99.020200 143.136299 75.663730 236.135554 14.866069 190.002632 143.003496 
174.000000 6.000000 3.000000 a 260.583960 115.420969 361.134324 304.586605 46.227697 93.048375 276.817629 344.095917 263.486243 244.233495 389.740940 252.764713 97.508974 57.870545 175.601822 275.610232 434.276410 175.755512 151.119158 254.558441 281.684220 259.326050 68.883960 219.146070 51.009803 88.526832 389.740940 171.303824 253.031619 279.406514 
284.000000 5.000000 3.000000 a 196.697738 117.046999 131.529464 232.406971 241.919408 157.035028 67.896981 218.961184 239.434751 15.620499 190.420587 28.284271 254.719454 269.712810 61.204575 184.024455 220.204450 195.028203 242.538657 275.771645 187.243157 118.118584 295.372646 104.560987 210.722566 144.668587 172.011628 58.523500 188.798835 113.216607 
127.000000 9.000000 1.000000 a 65.299311 223.163617 204.787695 398.889709 325.756044 198.841646 222.144097 56.938563 401.154584 172.191754 324.681382 149.966663 254.691971 301.212550 202.474690 36.619667 330.871576 141.739197 373.117944 431.045241 34.438351 284.692817 358.503835 80.529498 302.062907 241.033193 165.342070 175.855054 353.277511 59.228372 
105.000000 5.000000 4.000000 a 93.904207 155.241747 179.788765 332.879858 265.000000 142.898565 166.595318 126.491106 332.356736 112.587744 280.862956 94.191295 217.830209 254.803846 132.943597 80.529498 297.674319 120.615090 304.573472 361.333641 84.118963 221.142488 303.949009 16.763055 239.039746 175.148508 170.423003 106.042444 285.630881 45.541190 
215.000000 7.000000 4.000000 a 207.607803 34.014703 213.936907 221.020361 158.751378 92.655275 129.417928 260.432333 207.171427 96.772930 247.969756 109.238272 190.601679 193.876249 27.658633 206.480023 288.251626 167.693172 172.168522 229.897803 211.482860 132.018938 212.875550 123.846679 127.612695 61.741396 252.556924 30.594117 168.243871 166.087326 
280.000000 9.000000 3.000000 a 463.017278 256.672944 345.735448 64.327288 276.524863 327.482824 250.265859 501.817696 50.596443 282.603963 257.629579 306.687137 401.204437 368.135844 248.243832 458.259752 314.192616 420.415271 169.546454 69.115845 462.611068 173.899396 329.101808 373.858262 260.001923 260.499520 422.294921 277.358973 94.752309 396.702659 
191.000000 6.000000 4.000000 a 195.058965 68.308125 180.227634 226.019911 193.289938 113.991228 102.625533 237.255137 221.000000 63.134776 224.948883 74.525164 213.063371 223.062771 21.260292 189.401690 261.204900 171.002924 202.338825 249.927990 193.829822 123.490890 246.546142 105.000000 162.265215 95.859272 218.013761 13.601471 176.139150 137.767921 
227.000000 2.000000 2.000000 a 160.626897 97.020616 165.701539 260.894615 219.494875 119.201510 111.610931 197.952014 259.268201 58.694122 234.386433 55.901699 214.394496 234.691287 60.605280 152.322027 263.129246 151.211772 239.703984 289.249028 156.425701 152.200526 268.208874 68.425142 189.855208 122.409150 190.160459 37.363083 212.758079 98.898938 
211.000000 5.000000 1.000000 a 399.752423 232.800344 229.093867 64.070274 307.507723 305.895407 149.512541 417.784634 117.324337 196.824795 130.245921 219.180291 398.178352 383.318406 195.432853 387.923962 187.002674 381.182371 227.114509 170.205758 391.085668 87.863531 367.925264 307.104217 280.862956 249.569630 309.612661 223.403223 82.758685 311.977563 
280.000000 1.000000 3.000000 a 168.573426 101.316336 156.400128 254.169235 225.144398 128.549601 101.000000 201.625891 254.621287 47.927028 223.653750 46.400431 224.474943 243.515913 58.591808 158.902486 252.438111 161.830158 240.520269 286.204472 162.754416 143.892321 275.136330 75.960516 195.020512 127.577427 184.165686 40.000000 207.002415 99.984999 
210.000000 9.000000 4.000000 a 322.443794 264.007576 496.326505 456.500821 179.513231 211.518321 423.615392 415.769167 410.888063 383.463166 541.202365 386.419461 122.155638 101.019800 322.034160 347.109493 582.589049 233.828997 286.574598 392.390112 352.732193 413.656863 128.003906 323.346563 201.801883 239.643485 508.790723 310.427125 406.429576 385.094794 
121.000000 5.000000 1.000000 a 372.601664 175.094260 262.773667 54.009258 227.844245 248.696602 162.049375 409.186999 51.623638 190.394328 199.123078 214.462118 332.728117 309.962901 157.543645 366.661970 256.195238 336.122002 142.172431 100.319490 370.871946 86.034877 287.139339 282.349075 203.651663 185.010810 335.621811 187.000000 3.000000 304.059205 
139.000000 2.000000 4.000000 a 401.529575 319.856218 147.959454 230.956706 428.687532 379.056724 162.609963 380.788655 282.603963 212.461761 44.407207 221.449769 478.173609 482.892328 262.255601 379.759134 28.319605 420.594817 374.370138 335.752885 380.426077 180.886705 489.102239 319.682655 397.819054 345.150692 220.988687 278.354091 238.119718 291.386341 
280.000000 6.000000 1.000000 a 284.355411 76.941536 315.125372 220.292987 64.381674 116.103402 218.709853 353.751325 180.002778 200.039996 320.412234 215.341589 173.118457 142.214627 127.098387 291.487564 369.445530 215.425161 82.975900 176.527618 297.213728 185.267374 125.399362 217.349948 35.777088 56.364883 359.254784 137.058382 169.189243 268.689412 
191.000000 4.000000 4.000000 a 379.011873 299.152135 127.577427 224.002232 409.849973 357.261809 140.662717 359.777709 273.124514 189.873642 30.265492 198.655481 456.344168 462.087654 241.018671 357.453493 27.166155 397.839163 359.272877 326.119610 358.201061 163.975608 469.988298 296.892236 378.761138 324.784544 203.105884 256.415678 226.294056 269.150516 
161.000000 3.000000 1.000000 a 303.896364 288.591407 44.821870 296.013513 411.655196 328.671569 136.341483 267.067407 333.565586 158.685223 122.347865 153.808322 423.585883 443.001129 228.973798 278.567766 97.082439 343.093282 388.973007 383.532267 277.958630 200.122463 467.471924 236.381048 379.953945 316.294167 99.040396 232.142198 280.321244 192.065093 
214.000000 2.000000 2.000000 a 173.954017 99.849887 155.080624 248.847343 224.198573 130.299655 96.540147 206.518764 249.633732 44.294469 219.476650 45.276926 226.909674 244.705946 54.626001 164.246766 249.062241 166.306945 237.244600 281.602557 168.077363 138.513537 274.934538 81.344945 193.829822 126.495059 185.283566 38.327536 201.814271 104.307238 
148.000000 7.000000 1.000000 a 253.870045 60.166436 307.538615 244.844849 64.845971 83.450584 217.186556 326.545556 208.693555 190.546582 326.833291 202.780670 143.282937 119.970830 118.532696 262.528094 372.808262 182.570534 116.038787 208.734281 268.365423 195.304890 120.652393 191.846293 34.234486 33.241540 344.911583 121.396046 192.033851 246.483265 
135.000000 5.000000 2.000000 a 268.164129 263.928020 17.029386 298.021811 388.346495 299.015050 122.065556 233.053642 330.219624 133.154046 141.739197 124.555209 392.311101 414.363367 205.572372 242.860042 127.577427 308.768522 374.049462 378.132252 242.293211 193.395967 442.525705 201.943061 356.866922 291.631617 72.401657 205.302216 276.023550 156.371353 
154.000000 9.000000 2.000000 a 246.089415 29.154759 253.001976 202.417885 120.933866 100.448992 158.808060 305.276923 177.451402 137.673527 267.525700 153.394915 187.114938 175.513532 64.776539 248.163253 313.464512 192.836718 125.399362 192.041662 253.475837 137.557261 179.401784 167.907713 89.185201 38.327536 297.486134 77.878110 148.273396 213.138453 
228.000000 6.000000 5.000000 a 227.266364 184.390889 63.560994 247.420694 308.650288 223.731983 56.302753 220.988687 269.267525 53.665631 146.013698 50.000000 319.865597 337.604799 125.865007 207.241405 162.585362 247.951608 298.001678 313.129366 208.614477 132.740348 363.170759 144.640935 277.156995 212.115535 118.962179 126.779336 215.111599 120.507261 
223.000000 6.000000 3.000000 a 223.814655 26.627054 225.656819 209.461214 146.540097 96.876210 135.871263 278.195974 192.353841 109.201648 250.601277 123.794184 191.981770 189.620674 36.400549 223.557599 293.450166 179.401784 154.382642 213.178329 228.641641 128.082005 202.711618 141.400141 114.947814 52.497619 267.748016 48.083261 155.955122 183.872238 
254.000000 9.000000 1.000000 a 226.636272 253.491617 49.658836 323.303263 378.355653 277.823685 135.558106 187.002674 349.154694 127.098387 183.809684 111.004504 366.431440 394.118003 199.218473 200.262328 173.666347 274.972726 377.429464 394.020304 199.223493 211.702622 429.135177 169.000000 347.634866 280.615395 38.078866 192.346042 294.782971 116.619038 
125.000000 2.000000 2.000000 a 199.832430 320.806795 164.757397 434.200415 439.001139 319.513693 243.074063 119.402680 454.215808 216.787915 298.236483 194.064422 388.650228 430.390520 278.677233 171.143215 279.973213 278.325349 462.041124 495.117158 166.820263 319.231891 480.403997 193.189027 411.238374 344.702771 84.528102 261.396251 400.622016 132.306462 
240.000000 7.000000 1.000000 a 185.218790 151.855194 103.479467 261.199158 276.739950 181.603965 77.833155 192.083315 273.300201 33.286634 188.859736 10.198039 275.786149 297.060600 99.005050 167.705098 208.925824 201.444782 281.007117 311.823668 169.858765 144.692778 328.184399 99.040396 246.000000 179.011173 134.238594 90.801982 221.144749 86.313383 
287.000000 8.000000 3.000000 a 273.095221 250.449596 12.369317 275.263510 373.965239 290.146515 102.239914 245.277394 308.038959 120.220631 122.118795 115.364639 385.373844 404.400791 191.094218 249.098374 115.000000 307.156312 355.147857 356.355160 249.072279 171.642069 429.348343 200.883051 342.317104 278.172608 93.085982 193.597521 253.948814 161.074517 
152.000000 9.000000 5.000000 a 434.180838 289.456387 225.364150 122.653985 372.773390 360.451106 173.979884 438.799499 180.294204 227.861800 98.737024 246.975707 455.834400 445.252737 244.517893 418.688428 147.054412 427.379223 294.278779 231.812424 421.047503 136.341483 433.508939 342.835237 345.231806 308.872142 307.293020 269.981481 149.933319 336.168113 
197.000000 1.000000 5.000000 a 163.768129 127.098387 325.272194 354.746388 147.271857 53.460266 265.766815 253.017786 326.589957 218.325445 388.641223 216.836344 54.405882 96.005208 170.762994 183.043711 422.752883 74.632433 237.547890 331.282357 189.066126 277.348157 160.440020 147.597425 137.905765 116.726175 333.061556 150.269757 300.601065 209.570990 
152.000000 8.000000 4.000000 a 70.235319 151.489274 256.048823 366.270392 230.464748 102.883429 226.497241 153.469867 353.553391 171.828403 347.334133 159.890588 149.723078 196.254936 159.765453 84.011904 369.855377 43.185646 296.435490 372.404350 90.094395 265.188612 256.538496 64.140471 211.123187 160.112460 246.107700 130.506705 314.391476 118.697093 
234.000000 2.000000 2.000000 a 371.231734 153.521985 331.151023 138.397977 147.763324 214.580987 226.055303 427.987149 85.440037 232.862620 292.473930 254.607541 276.725496 240.033331 172.177234 373.012064 348.242731 312.865786 44.654227 72.422372 378.228767 162.188162 201.375272 291.400069 132.638607 147.566934 393.279799 195.887723 101.400197 330.588869 
223.000000 7.000000 2.000000 a 253.308113 57.070132 219.865868 175.390992 159.505486 130.311166 121.247680 301.272302 160.909913 109.073370 227.114509 128.565159 223.215143 215.406592 43.416587 250.714978 273.629311 213.215853 142.274383 186.196133 255.485812 97.943861 218.961184 166.883193 128.003906 76.941536 271.361383 69.310894 122.122889 201.933157 
Type de surveillance de chaque endroit(target):tab[nombre de target]
a a a a a a a a a a a a a a a a a a a a a a a a a a a a a a 